frame,face_id,timestamp,confidence,success,gaze_0_x,gaze_0_y,gaze_0_z,gaze_1_x,gaze_1_y,gaze_1_z,gaze_angle_x,gaze_angle_y,eye_lmk_x_0,eye_lmk_x_1,eye_lmk_x_2,eye_lmk_x_3,eye_lmk_x_4,eye_lmk_x_5,eye_lmk_x_6,eye_lmk_x_7,eye_lmk_x_8,eye_lmk_x_9,eye_lmk_x_10,eye_lmk_x_11,eye_lmk_x_12,eye_lmk_x_13,eye_lmk_x_14,eye_lmk_x_15,eye_lmk_x_16,eye_lmk_x_17,eye_lmk_x_18,eye_lmk_x_19,eye_lmk_x_20,eye_lmk_x_21,eye_lmk_x_22,eye_lmk_x_23,eye_lmk_x_24,eye_lmk_x_25,eye_lmk_x_26,eye_lmk_x_27,eye_lmk_x_28,eye_lmk_x_29,eye_lmk_x_30,eye_lmk_x_31,eye_lmk_x_32,eye_lmk_x_33,eye_lmk_x_34,eye_lmk_x_35,eye_lmk_x_36,eye_lmk_x_37,eye_lmk_x_38,eye_lmk_x_39,eye_lmk_x_40,eye_lmk_x_41,eye_lmk_x_42,eye_lmk_x_43,eye_lmk_x_44,eye_lmk_x_45,eye_lmk_x_46,eye_lmk_x_47,eye_lmk_x_48,eye_lmk_x_49,eye_lmk_x_50,eye_lmk_x_51,eye_lmk_x_52,eye_lmk_x_53,eye_lmk_x_54,eye_lmk_x_55,eye_lmk_y_0,eye_lmk_y_1,eye_lmk_y_2,eye_lmk_y_3,eye_lmk_y_4,eye_lmk_y_5,eye_lmk_y_6,eye_lmk_y_7,eye_lmk_y_8,eye_lmk_y_9,eye_lmk_y_10,eye_lmk_y_11,eye_lmk_y_12,eye_lmk_y_13,eye_lmk_y_14,eye_lmk_y_15,eye_lmk_y_16,eye_lmk_y_17,eye_lmk_y_18,eye_lmk_y_19,eye_lmk_y_20,eye_lmk_y_21,eye_lmk_y_22,eye_lmk_y_23,eye_lmk_y_24,eye_lmk_y_25,eye_lmk_y_26,eye_lmk_y_27,eye_lmk_y_28,eye_lmk_y_29,eye_lmk_y_30,eye_lmk_y_31,eye_lmk_y_32,eye_lmk_y_33,eye_lmk_y_34,eye_lmk_y_35,eye_lmk_y_36,eye_lmk_y_37,eye_lmk_y_38,eye_lmk_y_39,eye_lmk_y_40,eye_lmk_y_41,eye_lmk_y_42,eye_lmk_y_43,eye_lmk_y_44,eye_lmk_y_45,eye_lmk_y_46,eye_lmk_y_47,eye_lmk_y_48,eye_lmk_y_49,eye_lmk_y_50,eye_lmk_y_51,eye_lmk_y_52,eye_lmk_y_53,eye_lmk_y_54,eye_lmk_y_55,eye_lmk_X_0,eye_lmk_X_1,eye_lmk_X_2,eye_lmk_X_3,eye_lmk_X_4,eye_lmk_X_5,eye_lmk_X_6,eye_lmk_X_7,eye_lmk_X_8,eye_lmk_X_9,eye_lmk_X_10,eye_lmk_X_11,eye_lmk_X_12,eye_lmk_X_13,eye_lmk_X_14,eye_lmk_X_15,eye_lmk_X_16,eye_lmk_X_17,eye_lmk_X_18,eye_lmk_X_19,eye_lmk_X_20,eye_lmk_X_21,eye_lmk_X_22,eye_lmk_X_23,eye_lmk_X_24,eye_lmk_X_25,eye_lmk_X_26,eye_lmk_X_27,eye_lmk_X_28,eye_lmk_X_29,eye_lmk_X_30,eye_lmk_X_31,eye_lmk_X_32,eye_lmk_X_33,eye_lmk_X_34,eye_lmk_X_35,eye_lmk_X_36,eye_lmk_X_37,eye_lmk_X_38,eye_lmk_X_39,eye_lmk_X_40,eye_lmk_X_41,eye_lmk_X_42,eye_lmk_X_43,eye_lmk_X_44,eye_lmk_X_45,eye_lmk_X_46,eye_lmk_X_47,eye_lmk_X_48,eye_lmk_X_49,eye_lmk_X_50,eye_lmk_X_51,eye_lmk_X_52,eye_lmk_X_53,eye_lmk_X_54,eye_lmk_X_55,eye_lmk_Y_0,eye_lmk_Y_1,eye_lmk_Y_2,eye_lmk_Y_3,eye_lmk_Y_4,eye_lmk_Y_5,eye_lmk_Y_6,eye_lmk_Y_7,eye_lmk_Y_8,eye_lmk_Y_9,eye_lmk_Y_10,eye_lmk_Y_11,eye_lmk_Y_12,eye_lmk_Y_13,eye_lmk_Y_14,eye_lmk_Y_15,eye_lmk_Y_16,eye_lmk_Y_17,eye_lmk_Y_18,eye_lmk_Y_19,eye_lmk_Y_20,eye_lmk_Y_21,eye_lmk_Y_22,eye_lmk_Y_23,eye_lmk_Y_24,eye_lmk_Y_25,eye_lmk_Y_26,eye_lmk_Y_27,eye_lmk_Y_28,eye_lmk_Y_29,eye_lmk_Y_30,eye_lmk_Y_31,eye_lmk_Y_32,eye_lmk_Y_33,eye_lmk_Y_34,eye_lmk_Y_35,eye_lmk_Y_36,eye_lmk_Y_37,eye_lmk_Y_38,eye_lmk_Y_39,eye_lmk_Y_40,eye_lmk_Y_41,eye_lmk_Y_42,eye_lmk_Y_43,eye_lmk_Y_44,eye_lmk_Y_45,eye_lmk_Y_46,eye_lmk_Y_47,eye_lmk_Y_48,eye_lmk_Y_49,eye_lmk_Y_50,eye_lmk_Y_51,eye_lmk_Y_52,eye_lmk_Y_53,eye_lmk_Y_54,eye_lmk_Y_55,eye_lmk_Z_0,eye_lmk_Z_1,eye_lmk_Z_2,eye_lmk_Z_3,eye_lmk_Z_4,eye_lmk_Z_5,eye_lmk_Z_6,eye_lmk_Z_7,eye_lmk_Z_8,eye_lmk_Z_9,eye_lmk_Z_10,eye_lmk_Z_11,eye_lmk_Z_12,eye_lmk_Z_13,eye_lmk_Z_14,eye_lmk_Z_15,eye_lmk_Z_16,eye_lmk_Z_17,eye_lmk_Z_18,eye_lmk_Z_19,eye_lmk_Z_20,eye_lmk_Z_21,eye_lmk_Z_22,eye_lmk_Z_23,eye_lmk_Z_24,eye_lmk_Z_25,eye_lmk_Z_26,eye_lmk_Z_27,eye_lmk_Z_28,eye_lmk_Z_29,eye_lmk_Z_30,eye_lmk_Z_31,eye_lmk_Z_32,eye_lmk_Z_33,eye_lmk_Z_34,eye_lmk_Z_35,eye_lmk_Z_36,eye_lmk_Z_37,eye_lmk_Z_38,eye_lmk_Z_39,eye_lmk_Z_40,eye_lmk_Z_41,eye_lmk_Z_42,eye_lmk_Z_43,eye_lmk_Z_44,eye_lmk_Z_45,eye_lmk_Z_46,eye_lmk_Z_47,eye_lmk_Z_48,eye_lmk_Z_49,eye_lmk_Z_50,eye_lmk_Z_51,eye_lmk_Z_52,eye_lmk_Z_53,eye_lmk_Z_54,eye_lmk_Z_55,pose_Tx,pose_Ty,pose_Tz,pose_Rx,pose_Ry,pose_Rz,x_0,x_1,x_2,x_3,x_4,x_5,x_6,x_7,x_8,x_9,x_10,x_11,x_12,x_13,x_14,x_15,x_16,x_17,x_18,x_19,x_20,x_21,x_22,x_23,x_24,x_25,x_26,x_27,x_28,x_29,x_30,x_31,x_32,x_33,x_34,x_35,x_36,x_37,x_38,x_39,x_40,x_41,x_42,x_43,x_44,x_45,x_46,x_47,x_48,x_49,x_50,x_51,x_52,x_53,x_54,x_55,x_56,x_57,x_58,x_59,x_60,x_61,x_62,x_63,x_64,x_65,x_66,x_67,y_0,y_1,y_2,y_3,y_4,y_5,y_6,y_7,y_8,y_9,y_10,y_11,y_12,y_13,y_14,y_15,y_16,y_17,y_18,y_19,y_20,y_21,y_22,y_23,y_24,y_25,y_26,y_27,y_28,y_29,y_30,y_31,y_32,y_33,y_34,y_35,y_36,y_37,y_38,y_39,y_40,y_41,y_42,y_43,y_44,y_45,y_46,y_47,y_48,y_49,y_50,y_51,y_52,y_53,y_54,y_55,y_56,y_57,y_58,y_59,y_60,y_61,y_62,y_63,y_64,y_65,y_66,y_67,X_0,X_1,X_2,X_3,X_4,X_5,X_6,X_7,X_8,X_9,X_10,X_11,X_12,X_13,X_14,X_15,X_16,X_17,X_18,X_19,X_20,X_21,X_22,X_23,X_24,X_25,X_26,X_27,X_28,X_29,X_30,X_31,X_32,X_33,X_34,X_35,X_36,X_37,X_38,X_39,X_40,X_41,X_42,X_43,X_44,X_45,X_46,X_47,X_48,X_49,X_50,X_51,X_52,X_53,X_54,X_55,X_56,X_57,X_58,X_59,X_60,X_61,X_62,X_63,X_64,X_65,X_66,X_67,Y_0,Y_1,Y_2,Y_3,Y_4,Y_5,Y_6,Y_7,Y_8,Y_9,Y_10,Y_11,Y_12,Y_13,Y_14,Y_15,Y_16,Y_17,Y_18,Y_19,Y_20,Y_21,Y_22,Y_23,Y_24,Y_25,Y_26,Y_27,Y_28,Y_29,Y_30,Y_31,Y_32,Y_33,Y_34,Y_35,Y_36,Y_37,Y_38,Y_39,Y_40,Y_41,Y_42,Y_43,Y_44,Y_45,Y_46,Y_47,Y_48,Y_49,Y_50,Y_51,Y_52,Y_53,Y_54,Y_55,Y_56,Y_57,Y_58,Y_59,Y_60,Y_61,Y_62,Y_63,Y_64,Y_65,Y_66,Y_67,Z_0,Z_1,Z_2,Z_3,Z_4,Z_5,Z_6,Z_7,Z_8,Z_9,Z_10,Z_11,Z_12,Z_13,Z_14,Z_15,Z_16,Z_17,Z_18,Z_19,Z_20,Z_21,Z_22,Z_23,Z_24,Z_25,Z_26,Z_27,Z_28,Z_29,Z_30,Z_31,Z_32,Z_33,Z_34,Z_35,Z_36,Z_37,Z_38,Z_39,Z_40,Z_41,Z_42,Z_43,Z_44,Z_45,Z_46,Z_47,Z_48,Z_49,Z_50,Z_51,Z_52,Z_53,Z_54,Z_55,Z_56,Z_57,Z_58,Z_59,Z_60,Z_61,Z_62,Z_63,Z_64,Z_65,Z_66,Z_67,p_scale,p_rx,p_ry,p_rz,p_tx,p_ty,p_0,p_1,p_2,p_3,p_4,p_5,p_6,p_7,p_8,p_9,p_10,p_11,p_12,p_13,p_14,p_15,p_16,p_17,p_18,p_19,p_20,p_21,p_22,p_23,p_24,p_25,p_26,p_27,p_28,p_29,p_30,p_31,p_32,p_33,AU01_r,AU02_r,AU04_r,AU05_r,AU06_r,AU07_r,AU09_r,AU10_r,AU12_r,AU14_r,AU15_r,AU17_r,AU20_r,AU23_r,AU25_r,AU26_r,AU45_r,AU01_c,AU02_c,AU04_c,AU05_c,AU06_c,AU07_c,AU09_c,AU10_c,AU12_c,AU14_c,AU15_c,AU17_c,AU20_c,AU23_c,AU25_c,AU26_c,AU28_c,AU45_c
1,0,0.000,0.98,1,-0.175203,0.152111,-0.972711,-0.331157,0.154116,-0.930905,-0.260,0.159,306.1,307.2,309.9,312.4,313.4,312.5,309.6,307.1,303.1,304.3,306.4,309.2,312.1,314.5,316.1,314.1,311.5,308.8,306.3,304.4,308.7,309.8,311.0,311.5,311.0,309.9,308.8,308.2,340.6,341.6,344.4,347.3,348.6,347.5,344.7,341.6,337.9,339.5,341.9,345.0,348.1,350.6,352.4,350.7,348.3,345.5,342.6,339.9,343.4,344.6,345.8,346.3,345.8,344.5,343.3,342.8,108.5,105.8,104.6,105.7,108.4,111.3,112.2,111.2,110.2,108.3,107.0,106.4,106.9,108.4,110.4,111.3,111.6,111.8,111.7,111.2,109.8,110.2,109.7,108.5,107.4,106.9,107.4,108.6,107.8,104.9,103.7,104.8,107.6,110.5,111.7,110.9,109.9,107.8,106.3,105.6,106.2,107.4,109.2,110.3,110.9,111.1,111.0,110.8,109.1,109.6,109.1,107.8,106.6,106.1,106.6,107.9,14.0,15.8,19.9,23.8,25.3,23.8,19.5,15.5,9.4,11.4,14.5,18.7,23.3,26.9,29.4,26.4,22.3,18.1,14.4,11.4,18.1,19.8,21.6,22.3,21.7,20.0,18.2,17.4,63.6,65.2,69.4,73.6,75.4,73.7,69.5,65.1,59.9,62.1,65.4,69.9,74.6,78.6,81.4,78.6,74.8,70.6,66.4,62.6,67.7,69.5,71.4,72.1,71.3,69.5,67.7,66.9,-93.5,-97.8,-99.5,-97.7,-93.4,-88.8,-87.4,-89.2,-91.6,-94.2,-95.7,-96.5,-95.5,-93.4,-90.4,-88.8,-88.3,-88.0,-88.5,-89.6,-91.5,-90.7,-91.5,-93.3,-95.2,-96.0,-95.3,-93.4,-89.3,-93.6,-95.6,-93.9,-89.6,-85.3,-83.4,-84.7,-86.4,-89.3,-91.3,-92.3,-91.7,-90.3,-87.9,-85.9,-84.7,-84.2,-84.4,-84.9,-87.5,-86.7,-87.6,-89.5,-91.3,-92.0,-91.2,-89.3,631.0,631.5,631.0,629.7,628.4,628.0,628.4,629.7,635.9,633.2,630.3,628.3,627.9,628.3,629.1,628.0,627.2,627.8,629.7,632.7,630.4,629.9,629.7,629.9,630.5,631.0,631.2,631.0,595.3,596.4,597.0,596.9,596.0,595.0,594.4,594.7,596.6,595.4,594.4,594.2,595.5,597.8,600.2,597.3,594.8,593.5,593.6,595.0,596.0,595.9,596.2,596.6,597.0,597.0,596.8,596.3,49.3,-58.9,677.7,0.103,0.360,-0.005,294.3,294.0,295.1,297.1,299.6,303.9,309.3,316.3,326.0,337.2,348.4,358.6,366.2,370.8,373.2,374.4,375.1,296.2,300.4,306.4,312.6,318.3,332.3,339.7,347.5,354.9,360.6,324.9,323.7,322.6,321.3,316.0,319.5,323.2,327.6,331.8,303.0,306.7,311.8,316.1,311.5,306.4,337.8,342.2,347.8,352.5,348.2,342.7,311.4,314.9,319.7,323.3,327.6,334.6,341.5,335.0,328.4,323.8,319.7,314.9,313.6,319.9,323.5,327.9,338.8,328.2,323.7,319.9,114.4,125.3,136.3,147.1,157.4,166.5,173.9,179.7,181.4,180.4,175.6,168.8,159.9,149.2,137.4,125.3,113.3,101.0,95.8,94.2,94.9,97.4,96.9,93.8,93.1,94.7,99.4,107.0,113.9,120.6,127.6,135.0,136.3,137.3,136.3,135.1,110.2,106.8,106.9,110.4,111.7,111.8,110.0,106.1,106.1,109.2,111.0,111.1,152.8,148.1,145.9,146.9,145.9,148.2,152.3,158.1,160.2,160.6,160.3,158.1,152.8,150.2,150.4,150.1,152.5,154.6,155.0,154.6,-4.9,-5.4,-3.4,0.1,4.7,12.1,21.4,32.7,48.3,66.9,86.3,104.3,117.7,125.8,129.5,131.5,132.7,-1.3,5.8,15.9,26.0,35.2,57.6,69.6,82.3,94.4,103.7,45.6,43.3,41.0,38.7,31.1,36.5,42.2,49.3,56.1,10.2,16.4,25.0,32.0,24.5,16.0,67.1,74.1,82.9,90.7,83.5,74.8,24.1,29.3,36.8,42.4,49.3,60.6,72.7,61.5,50.7,43.3,36.9,29.4,27.6,37.2,42.9,49.8,68.2,50.4,43.3,37.4,-98.8,-78.9,-59.0,-39.5,-20.9,-4.4,8.6,18.1,20.7,18.9,11.1,-0.4,-15.5,-33.8,-53.8,-74.1,-94.6,-117.8,-125.4,-126.5,-123.6,-118.3,-117.7,-122.5,-123.7,-121.1,-113.5,-101.4,-89.4,-77.7,-65.7,-55.6,-53.0,-51.1,-52.7,-54.7,-100.6,-105.5,-104.8,-98.3,-96.6,-97.0,-97.1,-103.0,-102.7,-97.7,-94.7,-94.8,-27.1,-34.3,-37.4,-35.6,-37.1,-33.6,-27.2,-17.7,-14.1,-13.6,-14.2,-17.9,-27.1,-30.6,-30.1,-30.4,-26.9,-23.2,-22.7,-23.5,737.6,737.3,737.5,737.2,732.2,722.4,708.2,690.2,679.5,678.5,685.0,691.4,694.3,695.0,694.0,693.0,693.6,706.9,699.1,690.1,680.7,674.0,665.9,664.7,665.0,664.9,665.5,667.7,661.2,654.6,648.1,667.0,662.1,658.2,657.4,657.5,698.6,692.5,687.9,684.4,687.4,691.9,671.1,668.6,666.6,667.1,665.6,667.5,684.5,669.6,661.5,658.2,656.6,658.9,665.6,660.2,658.2,660.2,663.5,671.6,680.5,663.2,659.7,658.0,665.1,659.6,661.4,664.8,0.601,0.027,0.325,-0.001,327.002,133.398,-29.279,-9.190,-11.574,8.085,-6.555,-4.864,6.233,2.548,0.898,3.962,-1.436,0.046,-0.792,-2.429,-0.500,-0.090,0.564,-0.680,-1.000,0.101,0.356,-0.096,-0.428,-0.031,-0.091,-0.323,0.186,0.099,0.049,-0.015,0.054,-0.013,0.003,0.031,0.23,0.23,0.78,0.00,0.58,3.17,0.00,0.50,0.00,0.00,0.35,0.06,0.00,0.00,1.22,0.18,0.47,0.00,0.00,1.00,0.00,1.00,1.00,0.00,0.00,0.00,0.00,0.00,0.00,0.00,0.00,1.00,0.00,0.00,0.00
2,0,0.100,0.98,1,-0.183017,0.140283,-0.973050,-0.331714,0.143113,-0.932462,-0.264,0.148,306.2,307.3,310.0,312.5,313.5,312.6,309.7,307.2,303.3,304.5,306.5,309.3,312.2,314.5,316.2,314.2,311.6,308.9,306.5,304.6,308.8,309.9,311.1,311.6,311.1,310.0,308.9,308.4,340.4,341.4,344.2,347.1,348.4,347.3,344.5,341.5,337.8,339.4,341.7,344.8,347.9,350.4,352.1,350.4,348.1,345.3,342.5,339.8,343.2,344.4,345.6,346.1,345.5,344.3,343.1,342.6,108.6,105.9,104.7,105.7,108.4,111.3,112.2,111.2,110.3,108.4,107.1,106.4,106.9,108.4,110.4,111.3,111.6,111.8,111.7,111.3,109.8,110.3,109.7,108.6,107.4,107.0,107.5,108.6,107.7,104.9,103.7,104.8,107.5,110.4,111.6,110.8,109.9,107.8,106.2,105.5,106.1,107.3,109.2,110.2,110.8,111.0,110.9,110.7,109.0,109.5,109.0,107.7,106.5,106.0,106.6,107.8,14.3,16.1,20.1,24.0,25.5,24.1,19.7,15.8,9.8,11.7,14.7,18.9,23.5,27.1,29.7,26.6,22.5,18.4,14.7,11.7,18.3,20.0,21.8,22.6,21.9,20.2,18.4,17.7,63.7,65.3,69.5,73.7,75.5,73.8,69.7,65.2,60.0,62.2,65.5,70.0,74.7,78.7,81.5,78.7,74.9,70.7,66.5,62.7,67.8,69.7,71.5,72.2,71.4,69.6,67.8,67.0,-93.7,-98.0,-99.7,-97.9,-93.6,-89.1,-87.7,-89.4,-91.8,-94.4,-96.0,-96.7,-95.8,-93.6,-90.6,-89.0,-88.4,-88.2,-88.6,-89.7,-91.7,-90.9,-91.7,-93.6,-95.4,-96.2,-95.5,-93.6,-89.9,-94.2,-96.2,-94.5,-90.3,-86.0,-84.1,-85.4,-86.9,-89.9,-92.0,-93.0,-92.4,-90.9,-88.5,-86.5,-85.4,-84.9,-85.0,-85.5,-88.1,-87.4,-88.2,-90.1,-91.9,-92.7,-91.8,-89.9,632.9,633.4,632.9,631.5,630.2,629.8,630.3,631.6,638.0,635.2,632.3,630.2,629.7,630.1,630.8,629.7,629.1,629.7,631.7,634.8,632.4,631.8,631.5,631.7,632.3,632.9,633.2,632.9,598.8,599.9,600.6,600.4,599.5,598.5,597.8,598.1,600.1,598.9,598.0,597.7,599.0,601.3,603.7,600.8,598.3,596.9,597.1,598.4,599.4,599.4,599.6,600.1,600.5,600.6,600.3,599.8,49.3,-59.0,680.1,0.092,0.357,0.005,294.8,294.3,295.3,297.1,299.5,303.3,308.7,315.6,325.2,336.3,347.4,357.8,365.7,370.6,373.0,374.2,374.7,296.8,300.9,306.7,312.8,318.4,332.2,339.5,347.1,354.4,360.0,324.7,323.5,322.3,321.1,315.9,319.3,323.0,327.4,331.6,303.2,306.8,311.9,316.2,311.7,306.6,337.7,342.0,347.5,352.2,348.0,342.6,311.4,314.8,319.7,323.2,327.5,334.4,341.4,334.9,328.4,323.7,319.7,314.9,313.6,319.8,323.4,327.7,338.7,328.0,323.6,319.9,114.3,125.0,135.8,146.5,156.8,166.0,173.5,179.4,181.3,180.4,176.1,169.6,160.9,150.3,138.4,126.1,113.9,100.8,95.7,94.2,94.9,97.4,96.8,93.7,93.0,94.6,99.2,107.0,113.7,120.3,127.2,134.9,136.2,137.1,136.1,135.0,110.3,106.8,106.9,110.4,111.7,111.8,110.0,106.0,106.0,109.1,110.9,111.0,153.3,148.4,146.1,147.1,146.1,148.4,152.7,158.3,160.4,160.7,160.4,158.4,153.2,150.4,150.6,150.3,152.8,154.8,155.2,154.7,-3.9,-4.8,-3.1,0.3,4.4,11.3,20.3,31.6,47.0,65.5,84.9,103.4,117.5,126.1,130.0,131.7,132.7,-0.3,6.7,16.5,26.5,35.5,57.7,69.6,82.1,93.9,103.1,45.6,43.2,40.8,38.4,31.1,36.3,42.0,49.2,56.1,10.6,16.7,25.2,32.4,24.8,16.4,67.2,74.1,83.0,90.7,83.5,74.8,24.2,29.3,36.8,42.5,49.2,60.6,72.6,61.6,50.7,43.4,37.1,29.6,27.7,37.2,42.8,49.7,68.2,50.3,43.3,37.4,-98.9,-79.6,-60.0,-40.7,-22.0,-5.4,7.8,17.6,20.5,19.1,11.9,1.0,-13.8,-32.0,-52.3,-73.2,-94.0,-118.7,-126.1,-127.1,-124.2,-119.0,-118.4,-123.3,-124.5,-121.8,-114.3,-101.9,-90.0,-78.5,-66.7,-55.9,-53.4,-51.6,-53.2,-55.1,-100.9,-106.0,-105.2,-98.7,-97.0,-97.4,-97.5,-103.7,-103.4,-98.3,-95.3,-95.3,-26.4,-33.8,-37.2,-35.5,-37.0,-33.3,-26.7,-17.4,-14.0,-13.4,-14.0,-17.5,-26.4,-30.3,-29.9,-30.2,-26.5,-23.0,-22.5,-23.3,737.9,737.7,738.2,738.8,734.5,724.9,711.0,692.8,681.4,680.2,686.7,694.0,697.6,698.8,697.7,696.4,696.8,709.6,702.1,693.4,684.2,678.0,669.8,668.4,668.5,668.1,668.2,671.2,664.5,657.7,650.8,669.8,664.9,660.9,660.2,660.4,702.0,695.8,691.2,687.7,690.8,695.3,674.1,671.7,669.7,670.2,668.6,670.5,686.6,671.6,663.7,660.5,658.8,661.2,668.0,662.4,660.3,662.2,665.5,673.7,682.5,665.4,661.9,660.2,667.4,661.7,663.5,667.0,0.599,0.017,0.320,0.008,326.856,133.464,-30.707,-13.868,-12.921,11.451,-9.029,-4.757,6.963,5.195,1.606,5.304,-1.481,1.246,-0.853,-3.364,-1.295,0.795,0.221,-1.553,-1.008,0.273,0.710,-0.041,-0.846,-0.102,0.009,-0.692,0.486,0.178,0.019,-0.027,0.100,-0.002,0.001,0.035,0.17,0.28,0.90,0.00,0.50,3.20,0.00,0.46,0.00,0.00,0.32,0.11,0.00,0.00,1.14,0.37,0.34,0.00,0.00,1.00,0.00,1.00,1.00,0.00,0.00,0.00,0.00,0.00,0.00,0.00,0.00,1.00,0.00,0.00,0.00
3,0,0.200,0.98,1,-0.182849,0.141474,-0.972909,-0.331075,0.144132,-0.932532,-0.263,0.149,306.1,307.2,309.8,312.4,313.4,312.5,309.6,307.0,303.2,304.4,306.4,309.1,312.1,314.4,316.1,314.1,311.5,308.8,306.4,304.4,308.7,309.8,310.9,311.5,311.0,309.9,308.7,308.2,340.3,341.4,344.2,347.0,348.3,347.3,344.5,341.4,337.7,339.3,341.6,344.7,347.9,350.4,352.1,350.4,348.0,345.3,342.4,339.7,343.1,344.4,345.6,346.1,345.5,344.2,343.0,342.6,108.6,105.9,104.7,105.8,108.4,111.4,112.3,111.3,110.3,108.4,107.1,106.4,107.0,108.4,110.4,111.4,111.7,111.9,111.8,111.4,109.9,110.3,109.8,108.6,107.5,107.0,107.5,108.7,107.9,105.0,103.8,104.9,107.7,110.5,111.8,110.9,110.0,107.9,106.3,105.6,106.2,107.4,109.3,110.4,110.9,111.1,111.1,110.9,109.2,109.7,109.1,107.9,106.6,106.2,106.7,108.0,14.0,15.8,19.8,23.7,25.2,23.8,19.4,15.5,9.6,11.4,14.5,18.7,23.2,26.8,29.4,26.3,22.2,18.1,14.4,11.5,18.0,19.8,21.5,22.3,21.7,19.9,18.2,17.4,63.4,65.1,69.2,73.4,75.2,73.5,69.4,64.9,59.7,61.9,65.2,69.7,74.5,78.4,81.3,78.4,74.6,70.5,66.2,62.5,67.6,69.4,71.2,71.9,71.2,69.3,67.5,66.8,-93.3,-97.6,-99.3,-97.5,-93.2,-88.7,-87.3,-89.1,-91.4,-94.0,-95.6,-96.3,-95.4,-93.2,-90.2,-88.7,-88.0,-87.8,-88.3,-89.4,-91.4,-90.6,-91.3,-93.2,-95.0,-95.8,-95.1,-93.2,-89.5,-93.8,-95.7,-94.1,-89.9,-85.5,-83.6,-84.9,-86.5,-89.5,-91.6,-92.6,-92.0,-90.5,-88.1,-86.1,-84.9,-84.4,-84.6,-85.0,-87.6,-86.9,-87.8,-89.7,-91.5,-92.2,-91.4,-89.5,631.0,631.5,630.9,629.5,628.2,627.9,628.4,629.7,636.1,633.3,630.4,628.3,627.7,628.1,628.8,627.7,627.1,627.7,629.8,632.8,630.4,629.8,629.5,629.8,630.3,630.9,631.2,631.0,597.2,598.3,599.0,598.8,597.9,596.9,596.2,596.5,598.5,597.3,596.3,596.1,597.4,599.7,602.1,599.2,596.7,595.3,595.5,596.9,597.8,597.8,598.0,598.5,598.9,599.0,598.7,598.2,49.1,-58.9,679.9,0.093,0.354,0.006,294.7,294.2,295.1,297.0,299.3,303.2,308.5,315.5,325.0,336.1,347.2,357.5,365.5,370.5,373.0,374.1,374.7,296.7,300.8,306.6,312.7,318.2,332.1,339.5,347.0,354.3,359.9,324.6,323.4,322.2,321.0,315.9,319.2,322.9,327.3,331.5,303.0,306.6,311.8,316.1,311.5,306.5,337.6,342.0,347.5,352.2,347.9,342.5,311.3,314.8,319.6,323.2,327.4,334.3,341.3,334.8,328.3,323.7,319.7,314.9,313.6,319.8,323.4,327.6,338.6,327.9,323.6,319.9,114.2,124.9,135.7,146.4,156.7,165.8,173.4,179.3,181.2,180.5,176.2,169.8,161.3,150.6,138.7,126.4,114.2,100.6,95.6,94.2,94.9,97.3,96.8,93.8,93.0,94.6,99.2,107.1,113.8,120.4,127.3,135.0,136.3,137.3,136.2,135.1,110.4,106.9,106.9,110.5,111.8,111.9,110.1,106.1,106.2,109.3,111.0,111.1,153.4,148.6,146.3,147.3,146.3,148.6,152.8,158.4,160.4,160.8,160.4,158.5,153.3,150.6,150.8,150.5,152.9,154.9,155.2,154.8,-4.1,-5.1,-3.4,-0.0,4.1,11.0,20.0,31.3,46.7,65.1,84.4,103.0,117.2,126.0,130.0,131.7,132.7,-0.5,6.5,16.3,26.2,35.2,57.7,69.5,81.9,93.7,102.9,45.4,43.0,40.7,38.2,30.9,36.2,41.9,49.0,55.9,10.4,16.4,25.0,32.1,24.6,16.1,67.1,74.0,82.9,90.7,83.4,74.7,24.1,29.3,36.8,42.4,49.0,60.4,72.4,61.4,50.6,43.3,37.1,29.6,27.7,37.2,42.7,49.5,68.0,50.1,43.2,37.4,-99.0,-79.7,-60.2,-40.9,-22.2,-5.6,7.6,17.5,20.4,19.2,12.1,1.4,-13.2,-31.5,-51.8,-72.7,-93.6,-118.8,-126.2,-127.1,-124.2,-119.0,-118.4,-123.2,-124.4,-121.7,-114.2,-101.7,-89.8,-78.3,-66.5,-55.7,-53.2,-51.4,-53.0,-54.8,-100.8,-105.9,-105.1,-98.5,-96.8,-97.2,-97.3,-103.4,-103.1,-98.1,-95.0,-95.1,-26.2,-33.5,-36.9,-35.1,-36.7,-33.0,-26.5,-17.3,-13.9,-13.3,-13.9,-17.4,-26.2,-30.0,-29.6,-29.9,-26.3,-22.9,-22.4,-23.2,737.3,737.2,737.8,738.4,734.2,724.7,710.9,692.8,681.5,680.3,686.8,694.2,697.9,699.1,697.9,696.6,696.9,709.2,701.7,693.0,683.9,677.7,669.5,668.1,668.3,667.8,667.9,671.0,664.2,657.4,650.5,669.5,664.6,660.6,660.0,660.1,701.8,695.5,690.8,687.4,690.6,695.1,673.9,671.5,669.5,670.1,668.5,670.3,686.2,671.3,663.5,660.3,658.7,661.2,668.0,662.3,660.2,662.1,665.3,673.4,682.1,665.2,661.7,660.1,667.3,661.6,663.4,666.7,0.599,0.018,0.317,0.009,326.759,133.545,-30.338,-14.557,-13.475,11.866,-8.716,-4.560,7.067,6.037,1.580,5.227,-1.752,1.537,-0.812,-3.711,-1.316,0.606,-0.008,-1.757,-1.127,0.324,0.843,-0.006,-0.880,-0.034,-0.010,-0.735,0.462,0.168,-0.009,-0.031,0.101,-0.008,0.003,0.041,0.09,0.26,0.97,0.00,0.42,3.08,0.00,0.45,0.00,0.00,0.20,0.15,0.00,0.00,1.12,0.57,0.39,0.00,1.00,1.00,0.00,1.00,1.00,0.00,0.00,0.00,0.00,0.00,0.00,0.00,0.00,0.00,0.00,0.00,0.00
4,0,0.300,0.98,1,-0.182670,0.142863,-0.972739,-0.334532,0.146049,-0.930999,-0.265,0.151,305.6,306.8,309.4,311.9,312.9,312.0,309.2,306.6,302.7,303.9,305.9,308.7,311.7,314.0,315.6,313.7,311.0,308.3,305.9,303.9,308.2,309.3,310.5,311.0,310.6,309.4,308.3,307.8,339.9,340.9,343.7,346.6,347.9,346.9,344.1,341.0,337.2,338.8,341.2,344.3,347.5,350.0,351.7,350.0,347.6,344.9,341.9,339.2,342.7,343.9,345.2,345.6,345.1,343.8,342.6,342.1,108.8,106.1,104.9,106.0,108.6,111.5,112.5,111.4,110.5,108.6,107.3,106.6,107.2,108.6,110.6,111.5,111.8,112.0,111.9,111.5,110.0,110.5,110.0,108.8,107.6,107.2,107.7,108.9,108.0,105.1,103.9,105.0,107.8,110.7,111.9,111.1,110.1,108.0,106.5,105.8,106.3,107.6,109.4,110.5,111.0,111.3,111.2,111.0,109.3,109.8,109.3,108.0,106.8,106.3,106.8,108.1,13.3,15.1,19.2,23.1,24.6,23.2,18.8,14.8,8.8,10.7,13.8,18.0,22.6,26.2,28.8,25.7,21.6,17.5,13.8,10.8,17.4,19.1,20.9,21.7,21.0,19.3,17.5,16.7,62.3,64.0,68.1,72.3,74.1,72.4,68.3,63.8,58.6,60.8,64.1,68.6,73.3,77.3,80.1,77.3,73.5,69.3,65.1,61.3,66.4,68.3,70.1,70.8,70.0,68.2,66.4,65.6,-93.3,-97.6,-99.3,-97.5,-93.2,-88.6,-87.2,-89.0,-91.4,-93.9,-95.5,-96.3,-95.3,-93.2,-90.2,-88.7,-88.1,-87.8,-88.3,-89.4,-91.3,-90.5,-91.3,-93.1,-95.0,-95.8,-95.1,-93.2,-88.7,-93.0,-94.9,-93.3,-89.0,-84.7,-82.8,-84.1,-85.7,-88.6,-90.7,-91.7,-91.1,-89.6,-87.3,-85.3,-84.1,-83.6,-83.8,-84.2,-86.8,-86.1,-86.9,-88.8,-90.7,-91.4,-90.6,-88.7,632.5,633.0,632.5,631.1,629.9,629.5,629.9,631.2,637.5,634.8,631.9,629.8,629.3,629.7,630.5,629.4,628.7,629.3,631.3,634.3,631.9,631.4,631.1,631.4,631.9,632.5,632.7,632.5,592.9,594.0,594.6,594.5,593.6,592.5,591.9,592.3,594.2,593.0,592.0,591.8,593.1,595.4,597.8,594.9,592.4,591.0,591.2,592.6,593.5,593.5,593.7,594.2,594.6,594.7,594.4,593.9,48.2,-58.6,679.6,0.095,0.359,0.009,294.3,293.7,294.6,296.5,298.9,302.7,308.0,314.9,324.2,335.2,346.1,356.5,364.7,369.9,372.5,373.8,374.5,296.3,300.3,306.1,312.1,317.6,331.6,339.0,346.7,354.1,359.7,324.0,322.9,321.7,320.4,315.2,318.6,322.3,326.7,331.0,302.6,306.2,311.3,315.6,311.1,306.0,337.1,341.5,347.1,351.8,347.5,342.0,310.7,314.1,318.9,322.5,326.7,333.9,340.9,334.5,327.8,323.1,319.1,314.2,312.9,319.0,322.7,326.9,338.2,327.4,323.0,319.2,114.5,125.1,135.9,146.5,156.7,165.8,173.4,179.5,181.5,180.8,176.6,170.3,161.7,151.1,139.0,126.6,114.3,100.6,95.5,94.1,94.7,97.2,96.6,93.5,92.8,94.5,99.1,107.2,113.8,120.3,127.1,134.9,136.1,137.1,136.1,135.0,110.6,107.1,107.1,110.7,111.9,112.0,110.2,106.3,106.3,109.4,111.1,111.3,153.4,148.4,146.0,147.0,146.0,148.5,152.9,159.1,161.5,161.8,161.5,159.1,153.3,150.3,150.5,150.2,153.1,155.9,156.2,155.7,-4.9,-5.9,-4.3,-0.8,3.3,10.2,19.1,30.3,45.5,63.6,82.6,101.0,115.4,124.4,128.7,130.9,132.2,-1.3,5.7,15.4,25.3,34.2,56.7,68.7,81.3,93.2,102.5,44.4,42.0,39.7,37.2,29.8,35.1,40.9,48.0,54.9,9.6,15.7,24.2,31.4,23.8,15.4,66.1,73.2,82.1,89.9,82.6,73.9,23.1,28.1,35.6,41.2,48.0,59.6,71.7,60.8,49.8,42.4,36.0,28.4,26.7,35.9,41.6,48.4,67.4,49.3,42.3,36.3,-98.3,-79.1,-59.7,-40.7,-22.1,-5.6,7.7,17.8,20.9,19.7,12.8,2.2,-12.4,-30.6,-51.1,-72.2,-93.3,-118.8,-126.3,-127.2,-124.4,-119.2,-118.5,-123.4,-124.6,-121.8,-114.2,-101.5,-89.8,-78.4,-66.7,-56.0,-53.5,-51.6,-53.2,-55.0,-100.5,-105.5,-104.7,-98.2,-96.5,-97.0,-96.9,-103.0,-102.7,-97.7,-94.6,-94.7,-26.2,-33.9,-37.4,-35.6,-37.0,-33.2,-26.3,-16.0,-12.2,-11.6,-12.3,-16.3,-26.2,-30.4,-30.0,-30.3,-26.1,-21.3,-20.8,-21.7,735.8,735.4,735.9,736.7,732.7,723.6,710.2,692.6,681.2,679.8,685.8,692.7,696.0,697.0,696.0,695.1,695.7,709.1,701.6,692.7,683.3,676.9,668.3,666.9,667.1,666.7,666.9,670.1,663.5,656.9,650.2,668.9,664.1,660.1,659.4,659.4,701.7,695.4,690.6,687.0,690.3,694.9,672.7,670.4,668.4,668.8,667.3,669.1,686.5,671.4,663.1,659.8,658.0,660.4,667.3,662.1,660.3,662.5,665.8,674.2,682.5,664.9,661.2,659.3,666.9,661.6,663.7,667.2,0.600,0.019,0.323,0.012,326.219,133.674,-34.743,-16.922,-10.153,12.628,-6.532,-7.158,6.991,6.175,1.664,5.176,-1.775,0.614,-0.603,-3.421,-1.677,0.868,0.279,-2.000,-1.896,0.390,0.755,0.107,-0.673,-0.144,0.024,-0.592,0.592,0.149,0.028,-0.020,0.093,0.007,-0.001,0.041,0.03,0.17,1.00,0.00,0.54,3.26,0.09,0.53,0.00,0.00,0.13,0.25,0.00,0.00,1.31,0.92,0.67,0.00,0.00,1.00,0.00,1.00,1.00,0.00,0.00,0.00,0.00,0.00,0.00,0.00,0.00,1.00,0.00,0.00,0.00
5,0,0.400,0.98,1,-0.185389,0.127475,-0.974362,-0.341093,0.126069,-0.931538,-0.270,0.132,305.3,306.5,309.1,311.6,312.6,311.6,308.8,306.3,302.3,303.6,305.7,308.4,311.4,313.6,315.2,313.2,310.6,308.0,305.6,303.6,307.9,309.0,310.1,310.7,310.2,309.1,308.0,307.5,339.1,340.2,343.0,345.8,347.0,345.9,343.1,340.1,336.5,338.0,340.4,343.5,346.5,349.0,350.7,349.0,346.7,343.9,341.1,338.4,341.8,343.1,344.3,344.8,344.2,343.0,341.8,341.3,105.7,103.1,102.0,103.0,105.6,108.4,109.3,108.3,107.5,105.6,104.2,103.6,104.2,105.6,107.6,108.5,108.7,108.9,108.8,108.4,107.0,107.4,106.9,105.8,104.7,104.2,104.7,105.8,105.2,102.5,101.3,102.4,105.2,108.0,109.1,108.3,107.4,105.3,103.8,103.1,103.7,105.0,106.9,107.9,108.3,108.5,108.4,108.2,106.6,107.1,106.6,105.4,104.1,103.7,104.2,105.4,13.2,15.0,19.2,23.1,24.5,23.0,18.5,14.6,8.5,10.5,13.7,18.0,22.6,26.1,28.6,25.5,21.4,17.2,13.5,10.5,17.2,18.9,20.7,21.5,20.9,19.2,17.4,16.5,62.2,64.0,68.2,72.3,74.0,72.3,68.1,63.7,58.5,60.7,64.0,68.6,73.3,77.2,80.0,77.2,73.3,69.1,64.9,61.2,66.3,68.2,70.0,70.8,70.0,68.2,66.4,65.6,-99.9,-104.1,-105.8,-104.0,-99.7,-95.1,-93.8,-95.6,-97.8,-100.5,-102.2,-102.9,-101.9,-99.7,-96.6,-95.1,-94.6,-94.4,-94.8,-95.9,-97.8,-97.0,-97.8,-99.6,-101.5,-102.3,-101.5,-99.7,-94.3,-98.6,-100.4,-98.7,-94.5,-90.2,-88.3,-89.7,-91.3,-94.2,-96.3,-97.3,-96.6,-95.0,-92.5,-90.6,-89.6,-89.2,-89.3,-89.8,-92.3,-91.6,-92.4,-94.3,-96.2,-96.9,-96.1,-94.2,644.1,644.9,644.5,643.2,641.7,641.1,641.3,642.6,648.9,646.3,643.6,641.7,641.3,641.6,642.3,641.0,640.2,640.7,642.6,645.6,643.5,643.0,642.8,643.2,643.8,644.4,644.5,644.2,603.4,604.6,605.3,605.0,604.0,602.8,602.1,602.5,604.6,603.5,602.5,602.3,603.5,605.7,608.0,605.1,602.6,601.3,601.4,602.9,603.9,603.8,604.1,604.6,605.0,605.1,604.8,604.3,46.2,-62.3,676.4,0.071,0.375,0.031,294.0,293.2,293.9,295.6,297.8,301.5,306.6,313.2,322.4,333.3,344.3,354.7,362.8,368.2,371.1,372.8,373.8,296.1,300.1,305.9,312.0,317.4,331.4,338.9,346.6,353.9,359.1,323.5,322.0,320.6,319.1,314.0,317.2,320.8,325.3,329.6,302.2,306.0,311.0,315.2,310.7,305.7,336.3,340.8,346.2,350.8,346.5,341.1,309.3,312.4,317.4,320.9,325.2,332.5,339.6,333.0,326.1,321.4,317.4,312.4,311.5,317.5,321.1,325.3,337.0,325.9,321.4,317.7,111.7,122.7,133.9,144.8,155.2,164.5,172.1,178.1,180.3,179.6,175.4,169.0,160.4,149.8,137.8,125.4,113.1,98.6,93.2,91.4,91.9,94.3,94.0,91.0,90.7,92.7,97.7,104.0,110.5,116.9,123.6,131.6,132.8,133.8,132.8,131.8,107.6,104.0,104.1,107.7,108.8,108.9,107.5,103.6,103.7,106.9,108.4,108.5,150.4,145.0,142.6,143.6,142.7,145.4,150.2,157.4,160.1,160.4,160.0,157.2,150.4,146.9,147.1,146.9,150.5,154.3,154.6,154.1,-5.4,-6.8,-5.6,-2.4,1.4,8.0,16.6,27.2,42.1,59.9,78.8,96.9,111.1,120.4,125.1,127.9,130.0,-1.6,5.4,15.1,25.0,33.8,56.2,68.2,80.8,92.5,101.1,43.3,40.5,37.8,35.0,27.6,32.7,38.2,45.4,52.3,9.0,15.2,23.7,30.4,23.1,14.7,64.5,71.5,80.2,87.7,80.5,72.0,20.6,25.2,33.0,38.4,45.1,57.1,69.2,58.1,46.8,39.4,33.1,25.3,24.2,33.3,38.8,45.5,65.0,46.5,39.5,33.6,-103.1,-83.2,-63.1,-43.5,-24.6,-8.0,5.4,15.4,18.6,17.5,10.7,0.0,-14.5,-32.4,-52.7,-73.6,-94.6,-122.0,-130.1,-131.4,-128.8,-123.5,-122.5,-127.0,-127.6,-124.1,-116.0,-106.2,-94.6,-83.4,-71.9,-61.0,-58.5,-56.6,-58.1,-59.7,-105.2,-110.3,-109.4,-102.8,-101.4,-101.9,-100.9,-107.0,-106.5,-101.1,-98.5,-98.8,-31.1,-39.2,-42.7,-40.8,-42.1,-38.0,-30.5,-18.7,-14.4,-13.8,-14.7,-19.5,-31.0,-35.8,-35.3,-35.5,-30.1,-23.6,-23.2,-24.2,734.4,733.6,733.4,733.2,728.1,718.5,705.0,687.3,676.0,673.9,679.4,685.5,688.3,689.6,689.0,689.0,690.4,707.1,700.0,691.2,681.7,675.0,666.5,664.9,664.8,664.1,663.9,667.3,660.4,653.6,646.6,665.1,660.0,655.8,655.1,655.1,698.4,692.5,687.8,683.9,687.2,691.8,669.5,667.1,664.8,664.7,663.4,665.6,683.7,668.4,659.2,655.7,653.8,656.0,662.7,658.0,656.5,658.8,662.3,671.2,680.0,660.9,657.1,655.1,662.7,658.0,660.1,663.8,0.603,-0.012,0.346,0.033,325.151,131.274,-40.018,-13.620,-3.531,13.212,-6.654,-8.631,10.006,4.780,3.688,4.342,-2.556,0.509,0.479,-3.648,-1.624,1.087,1.002,-1.016,-1.626,0.925,1.432,-0.249,-0.449,0.633,0.194,-0.509,0.646,0.095,0.047,-0.030,0.051,-0.010,0.000,0.043,0.00,0.06,1.00,0.00,0.63,3.32,0.14,0.64,0.00,0.00,0.00,0.32,0.00,0.00,1.48,1.25,0.84,0.00,0.00,1.00,0.00,1.00,1.00,0.00,0.00,0.00,0.00,0.00,0.00,0.00,0.00,1.00,1.00,0.00,1.00
6,0,0.500,0.98,1,-0.184734,0.132021,-0.973881,-0.342300,0.130497,-0.930485,-0.270,0.137,305.3,306.5,309.1,311.6,312.6,311.6,308.8,306.3,302.3,303.6,305.7,308.4,311.3,313.6,315.1,313.2,310.6,307.9,305.6,303.6,307.9,309.0,310.1,310.6,310.2,309.1,308.0,307.5,339.2,340.3,343.0,345.9,347.1,346.0,343.2,340.2,336.5,338.1,340.4,343.5,346.6,349.1,350.8,349.1,346.7,344.0,341.1,338.5,341.9,343.1,344.3,344.8,344.3,343.1,341.8,341.4,105.6,103.0,101.9,102.9,105.5,108.4,109.2,108.2,107.4,105.4,104.1,103.5,104.1,105.5,107.6,108.4,108.6,108.8,108.7,108.3,106.9,107.3,106.8,105.7,104.6,104.1,104.6,105.7,105.2,102.4,101.3,102.4,105.2,108.0,109.1,108.2,107.3,105.3,103.7,103.1,103.7,105.0,106.9,107.9,108.3,108.5,108.4,108.2,106.6,107.1,106.6,105.3,104.1,103.6,104.1,105.4,13.1,15.0,19.1,23.0,24.5,22.9,18.5,14.6,8.4,10.5,13.7,17.9,22.5,26.0,28.5,25.4,21.3,17.2,13.5,10.4,17.1,18.8,20.6,21.5,20.8,19.1,17.3,16.5,62.3,64.1,68.2,72.4,74.1,72.3,68.1,63.7,58.6,60.8,64.1,68.6,73.3,77.3,80.1,77.2,73.4,69.2,65.0,61.2,66.4,68.2,70.0,70.8,70.1,68.3,66.4,65.7,-100.0,-104.2,-105.9,-104.0,-99.7,-95.2,-93.9,-95.7,-97.9,-100.6,-102.2,-103.0,-101.9,-99.7,-96.6,-95.2,-94.7,-94.5,-94.9,-96.0,-97.9,-97.1,-97.8,-99.7,-101.6,-102.4,-101.6,-99.8,-94.3,-98.6,-100.4,-98.7,-94.4,-90.1,-88.3,-89.7,-91.3,-94.2,-96.3,-97.3,-96.5,-94.9,-92.4,-90.5,-89.5,-89.1,-89.3,-89.8,-92.3,-91.6,-92.4,-94.3,-96.1,-96.9,-96.1,-94.2,643.6,644.3,644.0,642.7,641.2,640.6,640.9,642.2,648.4,645.8,643.1,641.2,640.7,641.1,641.8,640.6,639.8,640.2,642.2,645.2,643.1,642.5,642.3,642.7,643.3,643.8,644.0,643.7,603.1,604.2,604.9,604.6,603.6,602.4,601.8,602.2,604.3,603.2,602.2,601.9,603.1,605.4,607.6,604.7,602.2,600.9,601.1,602.6,603.5,603.4,603.7,604.2,604.7,604.8,604.5,604.0,46.3,-62.8,677.9,0.077,0.373,0.032,293.9,293.1,293.8,295.5,297.6,301.4,306.4,313.0,322.2,333.1,344.2,354.6,362.8,368.3,371.1,372.8,373.9,296.1,300.3,306.0,312.1,317.6,331.4,338.9,346.6,353.8,359.1,323.5,322.1,320.7,319.2,314.0,317.3,320.9,325.4,329.6,302.2,305.9,311.0,315.1,310.7,305.6,336.4,340.8,346.3,350.9,346.6,341.2,309.3,312.4,317.4,320.9,325.2,332.5,339.6,333.0,326.1,321.4,317.4,312.4,311.5,317.5,321.1,325.3,337.0,325.8,321.4,317.7,111.3,122.3,133.4,144.2,154.6,163.9,171.6,177.6,179.8,179.2,175.1,168.7,160.2,149.6,137.6,125.2,112.8,98.1,92.8,91.2,91.7,94.2,93.8,90.9,90.5,92.5,97.4,104.0,110.4,116.7,123.4,131.3,132.6,133.6,132.7,131.7,107.4,103.9,104.0,107.6,108.7,108.8,107.4,103.5,103.6,106.9,108.4,108.4,150.3,144.9,142.4,143.4,142.6,145.3,150.2,157.4,160.0,160.4,159.9,157.1,150.3,146.7,146.9,146.8,150.4,154.3,154.6,154.1,-5.5,-7.0,-5.8,-2.7,1.1,7.7,16.3,27.0,41.9,59.8,78.7,96.9,111.3,120.6,125.4,128.2,130.3,-1.5,5.6,15.3,25.3,34.1,56.3,68.4,80.9,92.6,101.2,43.5,40.7,38.1,35.3,27.8,32.9,38.5,45.6,52.5,8.9,15.2,23.7,30.5,23.1,14.7,64.8,71.7,80.5,88.0,80.8,72.2,20.6,25.3,33.1,38.5,45.2,57.2,69.3,58.3,46.9,39.6,33.2,25.4,24.2,33.3,38.8,45.5,65.1,46.6,39.6,33.7,-103.8,-84.1,-64.1,-44.6,-25.7,-9.0,4.4,14.6,17.9,16.9,10.1,-0.4,-14.9,-32.9,-53.2,-74.2,-95.2,-123.1,-130.8,-132.0,-129.3,-124.0,-123.0,-127.5,-128.1,-124.7,-116.6,-106.5,-95.0,-83.9,-72.5,-61.5,-59.0,-57.0,-58.5,-60.1,-105.6,-110.7,-109.7,-103.1,-101.7,-102.3,-101.2,-107.2,-106.7,-101.3,-98.7,-98.9,-31.3,-39.6,-43.1,-41.2,-42.5,-38.2,-30.5,-18.7,-14.5,-14.0,-14.8,-19.7,-31.2,-36.1,-35.6,-35.8,-30.2,-23.7,-23.4,-24.4,735.0,734.3,734.2,734.3,729.5,720.2,706.9,689.3,677.8,675.7,681.0,687.1,689.8,691.0,690.3,690.3,691.6,707.9,700.8,692.1,682.7,676.1,667.7,666.1,665.9,665.1,664.8,668.5,661.8,655.1,648.3,666.6,661.6,657.4,656.7,656.6,699.7,693.7,689.0,685.1,688.5,693.0,670.6,668.2,666.0,666.0,664.7,666.8,685.2,669.8,660.7,657.1,655.3,657.5,664.2,659.7,658.2,660.6,664.1,672.9,681.4,662.4,658.6,656.6,664.3,659.6,661.8,665.4,0.602,-0.007,0.343,0.034,325.151,131.079,-41.100,-14.619,-4.239,12.910,-6.636,-9.902,9.721,4.941,3.599,4.781,-2.256,0.873,0.118,-3.681,-2.126,1.356,1.002,-1.439,-1.898,0.887,1.371,-0.033,-0.410,0.594,0.106,-0.573,0.631,0.121,0.030,-0.050,0.047,-0.003,-0.005,0.040,0.00,0.00,0.97,0.00,0.77,3.61,0.23,0.72,0.00,0.00,0.00,0.33,0.00,0.00,1.62,1.51,1.02,0.00,0.00,1.00,0.00,1.00,1.00,0.00,0.00,0.00,0.00,0.00,0.00,0.00,0.00,1.00,1.00,0.00,1.00
7,0,0.600,0.98,1,-0.186993,0.134785,-0.973071,-0.341725,0.134315,-0.930153,-0.271,0.140,305.1,306.2,308.8,311.3,312.3,311.3,308.5,306.0,302.1,303.4,305.4,308.1,311.0,313.3,314.8,312.9,310.4,307.7,305.3,303.4,307.6,308.7,309.8,310.3,309.9,308.8,307.7,307.2,338.6,339.6,342.4,345.2,346.5,345.4,342.6,339.6,336.0,337.5,339.8,342.9,346.0,348.5,350.2,348.5,346.1,343.4,340.5,337.9,341.3,342.5,343.7,344.2,343.7,342.4,341.2,340.8,105.4,102.8,101.7,102.7,105.3,108.1,109.0,108.0,107.2,105.2,103.9,103.2,103.8,105.3,107.3,108.1,108.3,108.5,108.4,108.1,106.6,107.1,106.6,105.5,104.3,103.9,104.4,105.5,104.8,102.0,100.8,101.9,104.7,107.5,108.7,107.8,106.9,104.8,103.3,102.6,103.2,104.5,106.4,107.4,107.9,108.0,107.9,107.7,106.1,106.6,106.1,104.9,103.7,103.2,103.7,104.9,12.8,14.7,18.8,22.7,24.2,22.6,18.2,14.3,8.1,10.1,13.3,17.6,22.2,25.7,28.2,25.2,21.1,16.9,13.2,10.1,16.8,18.6,20.3,21.2,20.5,18.8,17.0,16.2,61.7,63.4,67.6,71.7,73.5,71.7,67.5,63.1,57.9,60.1,63.4,68.0,72.7,76.7,79.5,76.6,72.8,68.6,64.4,60.6,65.8,67.6,69.4,70.2,69.4,67.6,65.8,65.0,-101.0,-105.2,-106.9,-105.1,-100.8,-96.2,-94.9,-96.7,-98.9,-101.5,-103.2,-104.0,-103.0,-100.8,-97.7,-96.2,-95.7,-95.5,-95.9,-96.9,-98.9,-98.1,-98.9,-100.7,-102.6,-103.4,-102.6,-100.8,-95.3,-99.6,-101.5,-99.8,-95.5,-91.2,-89.4,-90.7,-92.3,-95.2,-97.4,-98.3,-97.6,-96.1,-93.6,-91.6,-90.6,-90.2,-90.4,-90.8,-93.4,-92.6,-93.4,-95.3,-97.2,-97.9,-97.1,-95.2,647.7,648.5,648.1,646.8,645.4,644.7,645.0,646.3,652.5,650.0,647.2,645.4,644.9,645.3,645.9,644.7,643.9,644.4,646.3,649.3,647.2,646.6,646.5,646.8,647.4,648.0,648.2,647.8,605.5,606.7,607.4,607.2,606.1,604.9,604.3,604.7,606.7,605.7,604.7,604.5,605.7,607.9,610.1,607.2,604.7,603.4,603.6,605.0,606.0,605.9,606.2,606.7,607.2,607.3,607.0,606.5,45.8,-63.3,677.4,0.083,0.376,0.024,293.8,293.0,293.7,295.4,297.6,301.4,306.5,313.2,322.4,333.4,344.4,354.7,362.9,368.3,371.1,372.7,373.7,295.9,299.8,305.5,311.6,317.2,330.6,338.0,345.9,353.3,358.6,322.9,321.5,320.1,318.7,313.6,316.9,320.5,325.0,329.3,302.0,305.7,310.7,314.9,310.4,305.4,335.8,340.2,345.7,350.3,346.0,340.6,309.1,312.1,317.1,320.6,324.9,332.3,339.5,332.9,326.0,321.3,317.2,312.3,311.4,317.2,320.8,325.1,336.9,325.7,321.2,317.5,111.2,122.0,133.0,143.8,154.2,163.6,171.3,177.5,179.6,178.9,174.6,168.1,159.5,148.8,136.8,124.4,112.1,98.4,92.9,91.1,91.6,94.1,93.7,90.6,90.2,92.3,97.4,103.7,110.1,116.4,123.0,131.0,132.3,133.2,132.3,131.3,107.2,103.7,103.8,107.3,108.4,108.5,107.0,103.1,103.2,106.4,107.9,108.0,150.0,144.6,142.2,143.2,142.3,144.9,149.8,156.9,159.6,159.9,159.5,156.7,150.0,146.4,146.6,146.4,150.0,153.9,154.2,153.7,-5.7,-7.1,-5.9,-2.8,1.1,7.7,16.5,27.3,42.3,60.2,79.0,97.1,111.4,120.8,125.4,128.1,130.0,-1.9,4.7,14.4,24.4,33.4,54.8,66.9,79.7,91.7,100.4,42.5,39.8,37.1,34.4,27.2,32.2,37.8,45.0,51.9,8.6,14.8,23.1,30.0,22.6,14.3,63.8,70.7,79.3,86.9,79.7,71.2,20.4,24.8,32.5,38.0,44.8,56.8,69.1,58.1,46.7,39.3,32.9,25.2,24.0,32.8,38.4,45.2,64.9,46.3,39.3,33.4,-104.1,-84.5,-64.7,-45.3,-26.4,-9.6,4.1,14.3,17.7,16.4,9.4,-1.5,-16.1,-34.2,-54.5,-75.4,-96.5,-122.4,-130.6,-132.0,-129.4,-124.0,-123.2,-127.8,-128.5,-124.9,-116.6,-106.9,-95.4,-84.4,-73.0,-61.9,-59.5,-57.6,-59.0,-60.6,-105.8,-111.0,-110.1,-103.5,-102.1,-102.6,-101.7,-107.8,-107.3,-102.0,-99.4,-99.6,-31.9,-39.9,-43.4,-41.5,-42.8,-38.7,-31.3,-19.5,-15.2,-14.7,-15.5,-20.3,-31.8,-36.6,-36.1,-36.3,-31.0,-24.4,-24.0,-24.9,735.4,734.6,734.4,734.4,729.6,720.4,707.0,689.2,677.7,675.6,680.9,686.8,689.7,691.1,690.6,690.4,691.8,708.0,700.7,691.7,682.0,675.4,667.1,665.3,665.2,664.6,664.5,667.7,660.9,654.2,647.3,666.0,660.9,656.7,656.0,656.0,699.2,693.2,688.6,684.7,688.0,692.5,670.1,667.6,665.3,665.3,664.0,666.2,685.0,669.3,660.1,656.6,654.6,656.9,663.8,659.1,657.6,660.1,663.6,672.5,681.2,661.9,658.0,656.0,663.9,659.0,661.2,665.0,0.602,-0.002,0.347,0.027,324.882,130.746,-38.041,-14.604,-3.130,13.351,-7.415,-9.583,10.269,3.936,4.182,5.290,-2.804,0.423,-0.083,-3.731,-2.246,1.440,0.977,-1.141,-1.457,0.705,1.179,-0.295,-0.604,0.372,0.216,-0.712,0.573,0.164,0.020,-0.033,0.059,0.003,-0.007,0.033,0.00,0.00,0.90,0.00,0.78,3.65,0.24,0.73,0.00,0.00,0.00,0.26,0.00,0.00,1.55,1.52,1.03,0.00,0.00,1.00,0.00,1.00,1.00,0.00,0.00,0.00,0.00,0.00,0.00,0.00,0.00,1.00,1.00,0.00,1.00
8,0,0.700,0.98,1,-0.187207,0.136582,-0.972779,-0.342212,0.136663,-0.929631,-0.271,0.143,305.0,306.2,308.8,311.3,312.2,311.3,308.5,306.0,302.1,303.3,305.4,308.1,311.0,313.2,314.8,312.9,310.3,307.7,305.3,303.4,307.6,308.7,309.8,310.3,309.9,308.8,307.7,307.2,338.5,339.6,342.3,345.2,346.4,345.3,342.6,339.6,335.9,337.5,339.8,342.8,345.9,348.4,350.1,348.4,346.1,343.3,340.5,337.9,341.2,342.5,343.7,344.2,343.6,342.4,341.2,340.7,105.4,102.8,101.7,102.7,105.3,108.1,109.0,108.0,107.2,105.3,103.9,103.3,103.8,105.3,107.3,108.1,108.4,108.5,108.5,108.1,106.6,107.1,106.6,105.5,104.4,103.9,104.4,105.5,104.7,102.0,100.8,101.9,104.6,107.4,108.6,107.7,106.9,104.8,103.2,102.6,103.2,104.4,106.3,107.3,107.8,107.9,107.9,107.7,106.1,106.6,106.0,104.8,103.6,103.1,103.7,104.9,12.8,14.6,18.7,22.7,24.1,22.6,18.2,14.3,8.1,10.1,13.3,17.6,22.2,25.7,28.2,25.2,21.1,16.9,13.2,10.1,16.8,18.5,20.3,21.1,20.5,18.8,17.0,16.2,61.7,63.4,67.6,71.8,73.5,71.8,67.6,63.2,58.0,60.2,63.5,68.0,72.7,76.7,79.5,76.7,72.8,68.7,64.5,60.7,65.8,67.7,69.5,70.2,69.5,67.7,65.8,65.1,-101.1,-105.3,-107.0,-105.2,-100.9,-96.4,-95.0,-96.8,-99.0,-101.6,-103.3,-104.1,-103.1,-100.9,-97.9,-96.4,-95.9,-95.6,-96.0,-97.0,-99.0,-98.3,-99.0,-100.9,-102.7,-103.5,-102.8,-100.9,-95.5,-99.9,-101.7,-100.0,-95.8,-91.5,-89.6,-91.0,-92.5,-95.5,-97.6,-98.6,-97.9,-96.4,-93.9,-91.9,-90.9,-90.5,-90.6,-91.1,-93.6,-92.9,-93.7,-95.6,-97.5,-98.2,-97.4,-95.5,648.8,649.5,649.1,647.9,646.4,645.8,646.0,647.3,653.5,651.0,648.3,646.4,645.9,646.3,647.0,645.7,644.9,645.4,647.3,650.3,648.2,647.7,647.5,647.8,648.5,649.0,649.2,648.9,606.7,607.9,608.6,608.3,607.3,606.1,605.4,605.8,607.9,606.8,605.9,605.6,606.8,609.0,611.3,608.4,605.9,604.6,604.8,606.2,607.2,607.1,607.4,607.9,608.3,608.4,608.2,607.6,45.8,-63.3,677.5,0.085,0.377,0.021,293.8,293.0,293.7,295.5,297.6,301.4,306.6,313.2,322.6,333.5,344.6,354.9,363.0,368.4,371.2,372.7,373.6,295.9,299.7,305.5,311.6,317.1,330.5,338.0,345.8,353.1,358.5,322.9,321.5,320.1,318.6,313.7,316.9,320.5,325.0,329.2,302.0,305.6,310.7,314.8,310.4,305.4,335.8,340.2,345.6,350.2,345.9,340.6,309.2,312.2,317.1,320.6,324.9,332.3,339.4,333.0,326.0,321.3,317.3,312.3,311.4,317.3,320.8,325.1,336.9,325.7,321.3,317.5,111.2,122.1,133.1,143.8,154.2,163.6,171.4,177.5,179.6,178.9,174.6,168.0,159.3,148.6,136.6,124.1,111.8,98.5,93.0,91.2,91.7,94.1,93.7,90.6,90.2,92.2,97.3,103.7,110.0,116.3,122.9,131.0,132.3,133.2,132.3,131.2,107.3,103.7,103.8,107.3,108.4,108.6,107.0,103.0,103.1,106.3,107.9,107.9,150.1,144.7,142.2,143.2,142.3,144.9,149.8,156.9,159.6,159.9,159.5,156.7,150.0,146.5,146.7,146.5,149.9,153.9,154.2,153.7,-5.8,-7.2,-5.9,-2.7,1.1,7.8,16.6,27.4,42.5,60.5,79.4,97.5,111.6,120.9,125.5,128.0,129.9,-2.0,4.7,14.3,24.3,33.3,54.8,66.8,79.5,91.4,100.1,42.4,39.7,37.1,34.3,27.2,32.3,37.8,45.0,51.8,8.5,14.7,23.1,29.9,22.6,14.3,63.7,70.6,79.2,86.7,79.6,71.1,20.4,24.9,32.5,38.0,44.8,56.8,69.0,58.1,46.8,39.4,33.0,25.3,24.0,32.9,38.4,45.2,64.9,46.4,39.3,33.4,-104.1,-84.5,-64.7,-45.3,-26.4,-9.6,4.1,14.4,17.7,16.4,9.3,-1.7,-16.4,-34.6,-54.9,-75.9,-97.0,-122.3,-130.5,-131.8,-129.3,-124.0,-123.2,-127.8,-128.5,-125.0,-116.8,-106.9,-95.5,-84.5,-73.1,-62.0,-59.5,-57.6,-59.1,-60.7,-105.8,-110.9,-110.1,-103.5,-102.1,-102.6,-101.8,-107.9,-107.4,-102.2,-99.5,-99.7,-31.8,-39.9,-43.4,-41.5,-42.9,-38.8,-31.3,-19.5,-15.2,-14.7,-15.5,-20.3,-31.7,-36.6,-36.0,-36.3,-31.0,-24.4,-23.9,-24.9,735.4,734.7,734.5,734.5,729.7,720.6,707.2,689.4,677.9,675.7,680.9,686.8,689.6,691.1,690.5,690.3,691.5,708.0,700.7,691.7,682.1,675.5,667.2,665.4,665.2,664.4,664.3,667.8,661.0,654.3,647.4,666.1,661.1,656.9,656.2,656.1,699.2,693.2,688.6,684.7,688.0,692.6,670.1,667.5,665.3,665.2,664.0,666.2,685.0,669.4,660.3,656.7,654.7,656.9,663.7,659.2,657.7,660.2,663.8,672.6,681.2,662.0,658.1,656.1,663.8,659.1,661.4,665.1,0.602,0.000,0.348,0.024,324.887,130.721,-38.291,-14.631,-3.433,13.192,-7.835,-9.833,10.233,3.567,4.310,5.275,-2.656,0.318,-0.076,-3.772,-2.402,1.380,1.063,-0.981,-1.579,0.666,1.189,-0.260,-0.635,0.415,0.192,-0.722,0.561,0.162,0.022,-0.033,0.057,0.001,-0.010,0.036,0.01,0.00,0.76,0.00,0.72,3.60,0.20,0.55,0.00,0.00,0.00,0.20,0.08,0.00,1.27,1.64,1.02,0.00,0.00,1.00,0.00,1.00,1.00,0.00,0.00,0.00,0.00,0.00,0.00,0.00,0.00,1.00,1.00,0.00,1.00
9,0,0.800,0.98,1,-0.167385,0.145990,-0.975023,-0.315415,0.149323,-0.937132,-0.247,0.153,304.5,305.5,308.1,310.7,311.7,310.9,308.1,305.6,301.6,302.8,304.8,307.5,310.4,312.7,314.4,312.5,309.9,307.3,304.9,302.9,307.1,308.2,309.3,309.8,309.3,308.2,307.1,306.6,338.2,339.2,342.0,344.8,346.1,345.1,342.3,339.3,335.6,337.2,339.5,342.6,345.6,348.1,349.8,348.2,345.8,343.1,340.3,337.6,340.9,342.2,343.4,343.8,343.3,342.0,340.8,340.4,108.1,105.4,104.2,105.1,107.7,110.6,111.6,110.6,109.8,107.9,106.6,105.9,106.4,107.7,109.6,110.5,110.9,111.2,111.1,110.8,109.2,109.6,109.1,107.9,106.8,106.4,106.9,108.1,106.7,103.9,102.7,103.8,106.5,109.4,110.6,109.8,108.8,106.8,105.3,104.6,105.1,106.3,108.1,109.2,109.7,109.9,109.9,109.7,108.0,108.5,108.0,106.7,105.5,105.0,105.6,106.8,11.8,13.5,17.5,21.6,23.2,21.9,17.5,13.5,7.3,9.2,12.3,16.5,21.1,24.8,27.4,24.4,20.3,16.2,12.5,9.4,16.0,17.7,19.5,20.2,19.5,17.7,16.0,15.2,61.0,62.6,66.8,71.0,72.8,71.1,67.0,62.5,57.3,59.5,62.8,67.3,72.0,76.0,78.8,76.0,72.2,68.1,63.9,60.0,65.1,67.0,68.8,69.5,68.7,66.9,65.1,64.3,-96.3,-100.7,-102.5,-100.8,-96.6,-91.9,-90.4,-92.1,-94.3,-96.9,-98.5,-99.4,-98.6,-96.6,-93.7,-92.1,-91.3,-91.0,-91.3,-92.3,-94.5,-93.7,-94.5,-96.4,-98.3,-99.0,-98.2,-96.3,-92.2,-96.6,-98.5,-96.9,-92.6,-88.3,-86.3,-87.6,-89.3,-92.1,-94.2,-95.2,-94.7,-93.3,-91.0,-88.9,-87.7,-87.2,-87.3,-87.8,-90.4,-89.7,-90.5,-92.4,-94.3,-95.0,-94.1,-92.2,645.2,645.7,645.2,644.0,642.8,642.4,642.7,644.0,650.1,647.4,644.5,642.6,642.2,642.7,643.5,642.4,641.6,642.1,644.0,647.0,644.7,644.2,644.0,644.2,644.8,645.3,645.5,645.3,604.2,605.2,605.9,605.8,605.0,604.0,603.3,603.6,605.4,604.3,603.3,603.1,604.4,606.8,609.3,606.4,603.8,602.4,602.5,603.9,604.9,604.8,605.1,605.6,605.9,606.0,605.7,605.2,46.3,-61.7,685.3,0.089,0.328,0.009,292.8,292.1,292.8,294.5,296.7,300.4,305.8,313.0,322.7,333.8,344.8,355.1,363.3,368.4,371.0,372.2,373.0,295.2,298.7,304.4,310.7,316.4,329.8,337.3,345.3,352.7,358.2,322.5,321.4,320.3,319.0,314.1,317.4,321.0,325.4,329.6,301.5,305.0,310.1,314.4,310.0,305.0,335.5,339.8,345.3,349.9,345.7,340.4,309.9,313.5,318.2,321.6,325.5,332.2,339.2,332.8,326.5,322.2,318.5,313.7,312.2,318.3,321.7,325.7,336.5,326.0,321.9,318.4,113.3,123.6,134.0,144.3,154.4,163.4,171.0,177.1,179.2,178.6,174.6,168.5,160.1,149.5,137.5,125.1,112.7,100.8,95.2,93.3,93.7,96.0,95.2,92.0,91.4,93.4,98.5,106.0,112.4,118.8,125.5,133.5,134.8,135.7,134.6,133.5,109.8,106.4,106.3,109.6,111.0,111.2,108.9,105.1,105.1,108.1,109.8,110.0,152.0,147.5,145.3,146.2,145.2,147.4,151.2,156.6,158.5,158.9,158.6,156.8,151.8,149.4,149.5,149.2,151.3,153.3,153.6,153.2,-7.5,-8.9,-7.6,-4.5,-0.6,6.1,15.4,27.4,43.3,61.9,81.2,99.9,114.7,124.0,128.4,130.2,131.7,-3.2,2.9,12.7,23.2,32.5,54.4,66.7,79.9,92.2,101.4,42.3,40.1,37.8,35.4,28.2,33.5,39.3,46.5,53.3,7.8,13.8,22.3,29.6,22.2,13.7,64.2,71.2,80.0,87.8,80.6,72.0,21.9,27.4,34.8,40.1,46.3,57.5,69.7,58.6,48.1,41.3,35.3,27.8,25.5,35.0,40.4,46.8,65.3,47.4,40.9,35.3,-101.2,-82.4,-63.6,-44.9,-26.5,-9.9,3.4,13.8,17.2,16.1,9.5,-0.9,-15.5,-33.9,-54.6,-76.0,-97.5,-119.8,-128.3,-129.9,-127.4,-122.4,-122.2,-127.3,-128.5,-125.1,-116.9,-104.7,-92.9,-81.6,-70.0,-58.7,-56.2,-54.5,-56.1,-57.9,-102.7,-107.8,-107.1,-101.0,-99.1,-99.3,-100.2,-106.3,-106.0,-101.1,-98.0,-98.0,-28.8,-35.6,-38.9,-37.2,-38.7,-35.3,-29.5,-20.3,-17.1,-16.5,-17.1,-20.3,-28.9,-32.2,-31.9,-32.3,-29.2,-25.7,-25.3,-26.0,741.6,740.9,741.1,742.0,738.3,729.7,716.5,698.9,687.7,686.9,693.8,701.7,706.2,708.3,708.0,706.7,707.2,717.0,709.4,700.2,690.5,683.9,675.7,674.4,675.3,675.5,676.4,677.4,670.4,663.3,656.2,674.9,670.3,666.5,666.3,666.8,708.1,702.0,697.4,694.1,697.1,701.4,680.4,678.2,676.4,677.1,675.4,677.1,691.2,676.6,669.1,666.2,664.5,667.1,674.3,668.1,665.9,667.8,670.8,678.6,687.1,670.8,667.5,665.8,673.3,667.3,669.1,672.2,0.594,0.011,0.292,0.012,324.836,132.175,-26.636,-21.268,-14.530,14.755,-8.008,-5.237,6.823,4.206,2.657,6.811,-4.928,0.172,-0.742,-5.178,-1.119,0.963,-0.767,-2.045,-1.960,0.927,2.022,-0.363,-0.621,0.141,0.233,-0.757,0.148,-0.035,-0.109,-0.063,0.048,-0.004,-0.009,0.051,0.06,0.05,0.71,0.00,0.52,3.16,0.11,0.31,0.00,0.00,0.22,0.22,0.11,0.19,0.75,1.40,0.88,0.00,0.00,1.00,0.00,1.00,1.00,0.00,0.00,0.00,0.00,0.00,0.00,0.00,0.00,0.00,1.00,0.00,1.00
10,0,0.900,0.93,1,-0.159097,0.144578,-0.976619,-0.304231,0.148527,-0.940948,-0.237,0.152,304.7,305.7,308.2,310.7,311.9,311.1,308.4,305.8,301.8,303.0,304.9,307.6,310.5,312.8,314.5,312.7,310.1,307.5,305.1,303.2,307.3,308.4,309.5,310.0,309.5,308.4,307.3,306.8,338.3,339.3,342.0,344.8,346.1,345.1,342.4,339.3,335.7,337.3,339.5,342.6,345.6,348.1,349.7,348.1,345.8,343.2,340.3,337.7,341.0,342.2,343.4,343.9,343.3,342.1,340.9,340.4,109.4,106.7,105.5,106.4,108.9,111.8,112.8,111.9,111.1,109.3,108.0,107.2,107.6,108.8,110.7,111.7,112.1,112.5,112.4,112.1,110.5,110.9,110.3,109.1,108.0,107.6,108.2,109.4,107.7,104.8,103.6,104.7,107.4,110.2,111.5,110.7,109.7,107.7,106.2,105.5,106.0,107.2,108.9,110.0,110.6,110.8,110.8,110.6,108.9,109.4,108.8,107.6,106.4,105.9,106.5,107.7,12.3,13.9,17.8,21.9,23.6,22.4,18.1,14.0,7.8,9.6,12.6,16.8,21.5,25.2,27.9,24.9,20.8,16.7,13.0,9.9,16.4,18.2,19.9,20.6,19.9,18.1,16.4,15.7,61.8,63.4,67.5,71.8,73.6,71.9,67.8,63.3,58.1,60.3,63.6,68.1,72.8,76.8,79.6,76.8,73.1,68.9,64.7,60.9,65.9,67.8,69.6,70.3,69.5,67.7,65.8,65.1,-95.0,-99.4,-101.3,-99.7,-95.5,-90.8,-89.2,-90.8,-93.0,-95.6,-97.2,-98.1,-97.4,-95.5,-92.8,-91.0,-90.2,-89.7,-90.0,-91.0,-93.3,-92.5,-93.4,-95.3,-97.1,-97.8,-97.0,-95.1,-91.8,-96.2,-98.2,-96.5,-92.3,-87.9,-86.0,-87.3,-89.0,-91.8,-93.8,-94.8,-94.3,-93.0,-90.8,-88.6,-87.4,-86.8,-86.9,-87.5,-90.0,-89.3,-90.2,-92.1,-94.0,-94.7,-93.8,-91.9,650.6,651.0,650.5,649.3,648.2,647.9,648.3,649.5,655.6,652.8,649.9,647.9,647.5,648.1,649.0,647.8,647.1,647.6,649.5,652.5,650.2,649.7,649.4,649.6,650.1,650.7,650.9,650.7,610.9,611.9,612.5,612.5,611.7,610.8,610.2,610.4,612.2,611.0,610.0,609.8,611.1,613.6,616.1,613.2,610.7,609.3,609.3,610.7,611.6,611.6,611.9,612.3,612.6,612.6,612.4,611.9,47.2,-61.4,692.3,0.074,0.309,0.005,292.9,292.2,292.9,294.6,296.7,300.5,305.9,313.2,323.0,334.1,345.1,355.4,363.5,368.5,371.1,372.2,373.0,295.3,298.8,304.6,310.9,316.6,329.7,337.1,345.0,352.4,358.1,322.6,321.6,320.5,319.3,314.5,317.8,321.4,325.7,329.8,301.7,305.2,310.2,314.5,310.2,305.2,335.6,339.9,345.2,349.9,345.7,340.5,310.8,314.7,319.1,322.2,325.8,331.9,338.6,332.3,326.6,322.7,319.3,314.9,313.0,319.1,322.3,326.0,335.9,326.0,322.3,319.1,114.6,124.7,134.9,145.1,155.0,163.8,170.8,176.5,178.3,177.8,174.2,168.3,160.2,149.8,137.9,125.6,113.3,102.3,96.8,94.8,95.2,97.3,96.3,93.2,92.4,94.3,99.1,107.0,113.5,119.9,126.6,134.6,135.9,136.7,135.6,134.5,111.1,107.7,107.6,110.7,112.2,112.6,109.8,106.0,106.0,108.9,110.7,110.9,152.7,148.9,146.9,147.7,146.7,148.6,151.6,155.4,156.6,157.0,156.8,155.8,152.5,150.7,150.8,150.4,151.6,151.8,152.1,151.8,-7.6,-8.9,-7.6,-4.5,-0.6,6.2,15.8,28.1,44.3,63.2,82.9,101.9,116.9,126.3,130.8,132.5,134.0,-2.9,3.1,13.2,23.8,33.2,54.8,67.2,80.5,93.0,102.9,43.0,40.9,38.7,36.3,29.3,34.6,40.3,47.5,54.3,8.3,14.3,22.8,30.2,22.8,14.3,65.2,72.2,81.1,89.0,81.8,73.1,23.6,29.6,36.6,41.6,47.5,57.7,69.4,58.3,48.8,42.4,36.9,29.9,27.1,36.8,41.9,47.9,64.9,48.0,41.9,36.8,-100.1,-81.4,-62.6,-43.9,-25.6,-9.4,3.2,12.9,15.9,15.0,8.9,-1.1,-15.5,-34.0,-54.9,-76.5,-98.2,-118.7,-127.1,-128.8,-126.4,-121.6,-121.8,-127.0,-128.5,-125.5,-117.6,-104.3,-92.4,-80.8,-69.0,-57.5,-55.1,-53.4,-55.1,-57.1,-101.6,-106.7,-106.2,-100.4,-98.2,-98.1,-100.1,-106.1,-105.9,-101.2,-97.9,-97.8,-27.9,-33.6,-36.7,-35.1,-36.8,-33.8,-29.1,-22.5,-20.4,-19.8,-20.2,-22.1,-28.0,-30.4,-30.1,-30.7,-28.9,-28.4,-28.0,-28.6,750.3,749.4,749.5,750.2,746.3,737.4,723.4,705.5,694.7,694.8,702.8,711.9,717.6,720.5,720.7,719.0,719.5,726.2,718.1,708.8,699.0,692.0,684.2,683.2,684.6,685.1,686.4,686.2,678.8,671.3,663.7,682.5,678.1,674.4,674.4,675.2,716.6,710.4,705.8,702.7,705.4,709.7,689.6,687.5,685.9,686.9,684.9,686.3,696.4,683.0,676.9,674.4,672.9,675.3,681.8,674.7,672.4,673.9,676.6,683.6,692.0,678.2,675.3,673.9,680.3,673.9,675.4,678.2,0.587,-0.001,0.269,0.007,325.043,132.752,-15.996,-23.020,-23.007,14.499,-7.904,-0.102,6.326,2.608,1.811,6.698,-5.027,0.600,-1.367,-5.859,-0.646,0.180,-2.140,-1.930,-2.464,0.802,2.777,-0.419,-0.931,-0.017,0.235,-0.604,-0.056,-0.081,-0.175,-0.060,0.017,0.001,-0.005,0.052,0.13,0.07,0.65,0.00,0.32,2.87,0.01,0.06,0.00,0.00,0.39,0.20,0.11,0.40,0.26,1.14,0.78,0.00,0.00,1.00,0.00,1.00,1.00,0.00,0.00,0.00,0.00,0.00,0.00,0.00,0.00,0.00,0.00,0.00,1.00
11,0,1.000,0.93,1,-0.159604,0.139908,-0.977217,-0.306071,0.143617,-0.941114,-0.238,0.147,304.7,305.6,308.2,310.7,311.8,311.1,308.3,305.8,301.8,303.0,304.9,307.6,310.5,312.8,314.5,312.7,310.1,307.5,305.1,303.1,307.3,308.4,309.5,309.9,309.4,308.3,307.2,306.8,338.3,339.3,342.0,344.8,346.1,345.1,342.4,339.4,335.7,337.3,339.6,342.6,345.6,348.1,349.8,348.2,345.9,343.2,340.3,337.7,341.0,342.2,343.4,343.9,343.3,342.1,340.9,340.4,109.5,106.8,105.5,106.4,109.0,111.8,112.9,112.0,111.2,109.3,108.0,107.3,107.7,108.9,110.7,111.7,112.2,112.5,112.5,112.1,110.5,110.9,110.4,109.2,108.1,107.7,108.3,109.4,107.6,104.8,103.6,104.6,107.4,110.2,111.4,110.6,109.7,107.7,106.2,105.5,106.0,107.1,108.9,110.0,110.6,110.8,110.7,110.5,108.9,109.4,108.8,107.6,106.4,105.9,106.5,107.7,12.2,13.8,17.8,21.8,23.6,22.3,18.0,14.0,7.7,9.5,12.6,16.8,21.4,25.1,27.8,24.9,20.8,16.6,12.9,9.8,16.4,18.2,19.9,20.6,19.8,18.0,16.3,15.6,61.8,63.4,67.5,71.7,73.6,71.9,67.8,63.3,58.1,60.3,63.6,68.1,72.8,76.8,79.6,76.8,73.1,68.9,64.7,60.9,65.9,67.8,69.6,70.3,69.5,67.6,65.8,65.1,-94.9,-99.3,-101.2,-99.6,-95.4,-90.7,-89.1,-90.7,-92.9,-95.4,-97.1,-98.0,-97.3,-95.4,-92.7,-90.9,-90.1,-89.6,-89.9,-90.9,-93.1,-92.4,-93.3,-95.2,-97.0,-97.7,-96.9,-95.0,-91.8,-96.2,-98.2,-96.6,-92.3,-88.0,-86.0,-87.3,-88.9,-91.8,-93.8,-94.9,-94.3,-93.0,-90.8,-88.6,-87.4,-86.9,-87.0,-87.4,-90.1,-89.4,-90.2,-92.1,-94.0,-94.7,-93.8,-91.9,650.5,651.0,650.5,649.3,648.1,647.8,648.2,649.3,655.5,652.7,649.9,647.9,647.5,648.0,648.9,647.7,647.0,647.5,649.4,652.4,650.1,649.6,649.4,649.6,650.1,650.6,650.8,650.6,610.7,611.7,612.3,612.3,611.5,610.6,609.9,610.2,612.0,610.8,609.8,609.6,610.9,613.3,615.8,613.0,610.4,609.0,609.1,610.4,611.4,611.4,611.7,612.1,612.4,612.4,612.2,611.7,47.2,-61.2,691.6,0.069,0.312,0.003,292.8,292.2,292.9,294.6,296.8,300.6,306.0,313.4,323.2,334.3,345.4,355.7,363.7,368.7,371.1,372.3,373.0,295.3,298.7,304.6,310.9,316.6,329.7,337.2,345.0,352.4,358.2,322.6,321.6,320.5,319.3,314.6,317.8,321.4,325.7,329.8,301.7,305.2,310.2,314.5,310.2,305.2,335.6,339.9,345.3,349.9,345.7,340.5,310.8,314.7,319.0,322.2,325.8,331.9,338.6,332.3,326.6,322.6,319.2,314.8,312.9,319.1,322.3,326.0,336.0,326.0,322.3,319.1,114.7,124.9,135.3,145.6,155.4,164.1,171.0,176.5,178.3,177.7,174.1,168.3,160.2,149.7,137.9,125.6,113.3,102.6,97.0,95.0,95.4,97.4,96.4,93.3,92.5,94.3,99.2,106.9,113.4,119.9,126.6,134.7,135.9,136.7,135.6,134.5,111.2,107.8,107.6,110.7,112.3,112.6,109.8,106.0,106.0,108.8,110.6,110.8,152.7,148.9,146.9,147.7,146.7,148.6,151.6,155.3,156.6,157.0,156.8,155.8,152.5,150.7,150.8,150.4,151.7,151.8,152.1,151.8,-7.7,-8.9,-7.5,-4.3,-0.4,6.5,16.0,28.2,44.4,63.4,83.2,102.2,117.1,126.3,130.7,132.4,133.9,-3.1,3.0,13.1,23.7,33.2,54.8,67.2,80.5,93.0,102.9,43.0,40.9,38.6,36.3,29.3,34.6,40.3,47.4,54.2,8.3,14.3,22.8,30.1,22.7,14.2,65.2,72.2,81.0,89.0,81.7,73.1,23.5,29.5,36.5,41.6,47.5,57.7,69.4,58.2,48.7,42.3,36.8,29.8,27.0,36.7,41.8,47.8,64.8,47.9,41.8,36.7,-99.8,-80.9,-61.9,-43.1,-24.8,-8.8,3.6,12.9,15.7,14.8,8.8,-1.2,-15.5,-34.0,-54.8,-76.3,-98.0,-118.1,-126.6,-128.4,-126.1,-121.3,-121.6,-126.7,-128.2,-125.3,-117.4,-104.3,-92.3,-80.7,-68.9,-57.4,-55.0,-53.4,-55.1,-57.0,-101.4,-106.5,-106.1,-100.2,-98.0,-97.9,-100.0,-106.1,-105.8,-101.2,-97.8,-97.8,-27.8,-33.5,-36.6,-35.1,-36.7,-33.8,-29.1,-22.6,-20.4,-19.9,-20.2,-22.1,-27.9,-30.4,-30.1,-30.7,-28.9,-28.4,-28.0,-28.6,750.5,749.5,749.4,749.9,745.7,736.6,722.2,704.2,693.4,693.4,701.7,710.7,716.4,719.3,719.6,718.0,718.6,725.9,717.8,708.5,698.7,691.5,683.8,682.8,684.2,684.6,686.0,685.7,678.3,670.7,663.1,681.9,677.4,673.6,673.6,674.3,716.1,709.9,705.3,702.2,704.8,709.1,689.0,686.9,685.3,686.3,684.3,685.8,695.6,682.3,676.2,673.6,672.2,674.5,680.9,673.8,671.5,673.1,675.8,682.9,691.3,677.4,674.6,673.2,679.4,673.1,674.6,677.4,0.587,-0.006,0.272,0.005,325.065,132.804,-15.566,-21.830,-22.990,13.640,-7.673,0.171,6.329,2.318,2.159,6.745,-4.862,0.483,-1.064,-5.626,-0.822,0.541,-1.897,-1.630,-2.601,0.808,2.873,-0.346,-0.900,0.154,0.250,-0.626,-0.083,-0.073,-0.173,-0.061,0.018,0.002,-0.010,0.056,0.25,0.22,0.75,0.00,0.19,2.75,0.00,0.00,0.00,0.13,0.72,0.21,0.14,0.58,0.00,0.66,0.75,0.00,0.00,1.00,0.00,1.00,1.00,0.00,0.00,0.00,0.00,0.00,0.00,0.00,0.00,0.00,0.00,0.00,1.00
12,0,1.100,0.93,1,-0.163087,0.138275,-0.976874,-0.310481,0.142682,-0.939810,-0.242,0.146,305.4,306.4,308.9,311.5,312.6,311.8,309.1,306.5,302.5,303.7,305.6,308.3,311.2,313.6,315.2,313.4,310.8,308.2,305.8,303.8,308.0,309.1,310.2,310.7,310.2,309.1,308.0,307.5,339.2,340.2,342.9,345.8,347.1,346.1,343.3,340.3,336.6,338.2,340.5,343.6,346.6,349.0,350.7,349.1,346.8,344.1,341.3,338.6,341.9,343.2,344.4,344.8,344.2,343.0,341.8,341.4,111.3,108.6,107.3,108.3,110.8,113.7,114.7,113.8,113.0,111.1,109.9,109.1,109.6,110.8,112.6,113.6,114.0,114.3,114.3,113.9,112.4,112.8,112.2,111.1,109.9,109.5,110.1,111.2,109.5,106.6,105.4,106.5,109.2,112.1,113.3,112.5,111.5,109.5,108.1,107.4,107.8,108.9,110.6,111.8,112.4,112.7,112.6,112.4,110.7,111.2,110.7,109.4,108.2,107.7,108.3,109.5,13.4,15.0,19.0,23.0,24.7,23.5,19.1,15.1,8.9,10.7,13.8,18.0,22.6,26.3,29.0,26.0,21.9,17.7,14.0,10.9,17.5,19.3,21.0,21.8,21.0,19.2,17.5,16.8,62.9,64.5,68.6,72.8,74.7,73.1,68.9,64.5,59.2,61.4,64.7,69.2,73.9,77.9,80.7,77.9,74.2,70.0,65.8,61.9,67.0,68.9,70.7,71.4,70.6,68.7,66.9,66.2,-91.9,-96.3,-98.2,-96.5,-92.3,-87.7,-86.1,-87.7,-89.9,-92.4,-94.1,-94.9,-94.2,-92.3,-89.6,-87.9,-87.1,-86.7,-87.0,-87.9,-90.1,-89.4,-90.2,-92.1,-94.0,-94.7,-93.9,-92.0,-88.6,-93.0,-95.0,-93.4,-89.2,-84.8,-82.8,-84.1,-85.8,-88.6,-90.6,-91.6,-91.1,-89.9,-87.7,-85.6,-84.3,-83.7,-83.8,-84.3,-86.9,-86.2,-87.0,-89.0,-90.8,-91.5,-90.6,-88.7,649.8,650.2,649.7,648.5,647.4,647.0,647.4,648.6,654.8,652.0,649.1,647.1,646.7,647.2,648.1,647.0,646.2,646.7,648.7,651.6,649.4,648.8,648.6,648.8,649.3,649.9,650.1,649.9,607.8,608.7,609.4,609.4,608.7,607.8,607.2,607.3,609.1,607.8,606.8,606.7,608.1,610.6,613.2,610.3,607.7,606.3,606.3,607.6,608.6,608.6,608.9,609.3,609.5,609.5,609.3,608.8,48.5,-59.2,695.7,0.064,0.324,0.006,293.6,292.9,293.5,295.1,297.2,301.1,306.6,314.0,323.8,335.0,346.2,356.6,364.5,369.5,371.9,373.0,373.7,296.0,299.7,305.5,311.6,317.3,330.9,338.2,345.8,353.1,359.0,323.5,322.5,321.4,320.2,315.3,318.6,322.2,326.5,330.5,302.4,306.0,311.0,315.3,310.8,305.9,336.5,340.8,346.2,350.9,346.7,341.4,310.8,314.8,319.3,322.5,326.4,332.5,339.3,332.7,326.8,322.6,319.1,314.7,312.9,319.2,322.6,326.5,336.6,326.4,322.4,319.1,116.5,126.6,136.8,147.0,156.9,165.6,172.5,177.8,179.4,178.8,175.1,169.2,161.1,150.6,138.9,126.6,114.4,104.1,98.8,97.0,97.4,99.4,98.3,95.1,94.3,95.8,100.4,108.8,115.3,121.8,128.6,136.4,137.6,138.4,137.4,136.3,113.0,109.7,109.5,112.6,114.1,114.4,111.6,107.9,107.8,110.6,112.5,112.7,153.6,150.0,148.1,149.0,147.9,149.8,152.7,156.1,157.2,157.5,157.4,156.5,153.5,152.0,152.1,151.8,152.8,152.3,152.6,152.4,-6.3,-7.6,-6.4,-3.4,0.4,7.5,17.1,29.4,45.7,64.9,85.0,104.2,119.0,128.2,132.4,134.1,135.6,-1.8,4.8,14.8,25.2,34.6,57.0,69.3,82.2,94.5,104.5,44.8,42.7,40.4,38.0,30.8,36.1,41.8,48.9,55.7,9.6,15.7,24.3,31.6,24.0,15.5,67.1,74.2,83.1,91.0,83.7,75.0,23.7,30.0,37.1,42.4,48.7,59.0,70.9,59.2,49.3,42.4,36.7,29.8,27.1,37.1,42.6,49.0,66.3,48.7,42.3,36.8,-97.1,-78.3,-59.5,-40.6,-22.3,-6.2,6.2,15.2,17.8,16.7,10.5,0.4,-14.0,-32.5,-53.3,-74.8,-96.4,-116.1,-124.3,-125.8,-123.4,-118.8,-119.1,-124.2,-125.8,-123.2,-115.7,-101.8,-89.8,-78.1,-66.2,-54.9,-52.5,-50.8,-52.5,-54.3,-98.9,-103.8,-103.4,-97.6,-95.4,-95.3,-97.5,-103.4,-103.2,-98.6,-95.2,-95.1,-26.4,-32.0,-34.9,-33.3,-34.9,-31.9,-27.3,-21.3,-19.5,-19.0,-19.4,-21.1,-26.5,-28.4,-28.1,-28.6,-27.1,-27.6,-27.2,-27.8,755.1,753.9,753.9,754.3,750.4,741.2,726.5,707.7,696.8,696.7,704.9,713.6,719.2,721.9,722.0,720.4,720.9,729.9,722.0,712.8,703.2,695.9,687.5,686.3,687.2,687.4,688.3,689.6,682.5,675.1,667.9,686.4,681.9,678.2,678.0,678.5,720.4,714.1,709.5,706.1,708.8,713.2,692.7,690.3,688.6,689.3,687.5,689.1,700.4,686.9,680.6,677.7,676.2,678.3,684.2,677.0,674.7,676.3,679.3,686.9,695.9,681.7,678.6,677.0,682.7,676.5,678.1,681.2,0.584,-0.007,0.284,0.007,325.692,134.213,-15.410,-21.815,-24.231,8.409,-8.654,0.857,2.709,0.417,-0.325,5.885,-3.949,0.642,-1.155,-4.300,-0.570,0.528,-1.896,-0.069,-2.752,0.338,1.590,-0.639,-0.790,-0.012,0.071,-0.637,0.018,-0.038,-0.157,-0.019,0.046,0.018,0.017,0.031,0.30,0.17,0.71,0.00,0.13,2.64,0.00,0.00,0.00,0.24,0.79,0.21,0.11,0.54,0.00,0.60,0.84,0.00,0.00,1.00,0.00,1.00,1.00,0.00,0.00,0.00,0.00,0.00,0.00,0.00,0.00,0.00,0.00,0.00,1.00
13,0,1.200,0.93,1,-0.161400,0.158190,-0.974128,-0.311676,0.161317,-0.936395,-0.243,0.166,305.8,306.7,309.3,311.8,312.9,312.2,309.4,306.9,302.9,304.0,306.0,308.7,311.6,313.9,315.6,313.7,311.2,308.6,306.2,304.2,308.4,309.5,310.6,311.0,310.5,309.4,308.3,307.9,339.3,340.3,343.1,345.9,347.2,346.1,343.4,340.3,336.7,338.3,340.6,343.7,346.7,349.2,350.8,349.2,346.9,344.2,341.3,338.7,342.0,343.3,344.5,344.9,344.4,343.1,341.9,341.5,113.4,110.7,109.5,110.4,113.0,115.9,116.9,116.0,115.0,113.3,112.1,111.4,111.8,113.0,114.7,115.7,116.2,116.5,116.4,116.0,114.5,114.9,114.4,113.2,112.1,111.7,112.2,113.4,111.8,109.0,107.7,108.8,111.6,114.5,115.7,114.8,113.8,111.9,110.5,109.8,110.3,111.3,113.0,114.2,114.8,115.1,115.0,114.7,113.1,113.6,113.0,111.8,110.5,110.1,110.6,111.9,14.0,15.6,19.6,23.7,25.4,24.2,19.8,15.8,9.5,11.3,14.4,18.6,23.2,26.9,29.7,26.7,22.6,18.4,14.7,11.6,18.2,20.0,21.7,22.4,21.6,19.9,18.1,17.4,63.0,64.6,68.8,73.0,74.8,73.1,69.0,64.5,59.3,61.5,64.8,69.4,74.1,78.0,80.9,78.1,74.3,70.1,65.8,62.0,67.1,69.0,70.8,71.5,70.7,68.9,67.1,66.3,-88.9,-93.3,-95.2,-93.5,-89.3,-84.7,-83.1,-84.7,-87.1,-89.5,-91.0,-91.8,-91.1,-89.4,-86.7,-84.9,-84.1,-83.7,-84.0,-85.0,-87.2,-86.4,-87.3,-89.2,-91.0,-91.7,-90.9,-89.0,-85.2,-89.5,-91.5,-89.8,-85.6,-81.2,-79.3,-80.6,-82.5,-85.1,-87.0,-87.9,-87.4,-86.2,-84.1,-82.0,-80.7,-80.1,-80.3,-80.9,-83.4,-82.7,-83.5,-85.4,-87.3,-88.0,-87.2,-85.2,653.0,653.4,652.8,651.7,650.7,650.5,650.9,652.0,658.1,655.2,652.3,650.3,650.0,650.6,651.6,650.5,649.7,650.2,652.1,655.0,652.7,652.2,652.0,652.1,652.6,653.1,653.3,653.1,607.7,608.5,609.0,609.0,608.4,607.7,607.2,607.4,609.2,607.8,606.6,606.4,607.7,610.2,612.8,610.1,607.6,606.2,606.3,607.7,608.5,608.5,608.7,609.0,609.3,609.3,609.1,608.7,48.9,-55.8,694.6,0.078,0.322,0.003,293.7,293.1,293.7,295.4,297.5,301.4,306.8,314.3,324.1,335.3,346.6,357.0,364.9,369.7,372.0,373.2,374.0,296.2,299.6,305.4,311.7,317.5,330.8,338.3,346.1,353.6,359.5,323.7,322.8,321.7,320.6,315.7,319.0,322.6,326.8,330.8,302.8,306.3,311.3,315.6,311.2,306.2,336.6,340.9,346.3,351.0,346.8,341.5,311.4,315.4,319.7,322.8,326.4,332.4,339.3,332.6,326.8,322.9,319.5,315.3,313.5,319.7,322.9,326.5,336.6,326.3,322.7,319.5,117.7,127.8,138.0,148.2,158.1,166.9,174.0,179.7,181.6,180.9,177.1,170.9,162.6,151.9,140.1,127.9,115.7,105.9,100.3,98.3,98.8,101.0,100.0,96.7,95.9,97.7,102.5,110.9,117.3,123.6,130.2,138.2,139.4,140.3,139.3,138.2,115.0,111.9,111.7,114.7,116.3,116.6,113.8,110.3,110.3,113.0,114.9,115.0,155.8,152.1,150.1,151.0,150.0,152.0,155.0,158.7,159.8,160.0,159.8,158.8,155.6,154.1,154.2,153.9,155.1,154.8,155.0,154.7,-6.0,-7.2,-6.0,-3.0,0.9,8.0,17.5,30.0,46.3,65.5,85.8,105.0,119.6,128.4,132.6,134.3,135.9,-1.5,4.6,14.6,25.3,34.9,56.7,69.1,82.4,95.2,105.2,45.1,43.0,40.8,38.6,31.3,36.7,42.4,49.5,56.2,10.2,16.2,24.8,32.1,24.6,16.1,67.0,74.1,83.1,91.1,83.7,75.0,24.7,30.9,37.8,42.8,48.6,58.8,70.9,59.0,49.2,42.9,37.5,30.7,28.2,37.9,43.0,48.9,66.2,48.6,42.7,37.6,-94.8,-76.0,-57.1,-38.4,-20.0,-3.7,9.0,18.6,21.5,20.4,13.9,3.4,-11.3,-30.1,-51.0,-72.5,-94.1,-112.6,-121.3,-123.2,-120.6,-115.6,-115.9,-121.1,-122.7,-119.9,-111.9,-97.9,-86.3,-75.0,-63.4,-51.8,-49.4,-47.7,-49.3,-51.1,-95.0,-99.7,-99.3,-93.8,-91.4,-91.4,-93.5,-99.1,-98.9,-94.5,-91.0,-90.9,-22.6,-28.4,-31.5,-29.9,-31.4,-28.3,-23.4,-17.0,-15.2,-14.9,-15.2,-17.1,-22.8,-24.9,-24.5,-25.0,-23.3,-23.5,-23.2,-23.8,754.0,752.9,752.8,753.2,749.5,740.8,726.9,708.9,698.2,697.9,705.8,714.1,719.2,721.3,721.3,719.5,719.9,728.3,720.4,710.7,700.9,693.5,684.9,684.0,685.2,686.0,687.4,687.8,680.9,673.8,666.9,685.2,681.1,677.5,677.4,677.8,718.6,712.2,707.6,704.3,707.1,711.4,691.1,688.8,687.2,688.1,686.3,687.8,699.4,685.8,679.3,676.8,675.2,677.4,684.1,676.4,674.1,675.7,678.5,686.1,695.0,680.7,677.9,676.3,682.5,675.7,677.2,680.2,0.585,0.011,0.281,0.005,325.937,136.141,-14.358,-21.204,-24.859,10.604,-8.423,-2.609,2.741,-0.639,-0.881,5.437,-6.487,0.121,-2.466,-5.164,-0.675,0.392,-1.233,-1.361,-3.669,0.595,1.715,-1.351,0.117,-0.134,-0.073,-0.424,0.047,-0.096,-0.168,-0.014,0.021,0.009,-0.001,0.025,0.23,0.15,0.83,0.00,0.24,2.55,0.00,0.20,0.00,0.32,0.62,0.50,0.11,0.33,0.26,0.86,0.72,0.00,0.00,1.00,0.00,1.00,1.00,0.00,0.00,0.00,0.00,0.00,0.00,0.00,0.00,0.00,0.00,0.00,1.00
14,0,1.300,0.88,1,-0.158553,0.175323,-0.971660,-0.307572,0.183244,-0.933714,-0.240,0.186,305.7,306.7,309.3,311.9,313.0,312.1,309.3,306.8,302.7,303.9,305.9,308.7,311.6,313.9,315.6,313.8,311.2,308.5,306.1,304.0,308.3,309.4,310.5,311.0,310.5,309.4,308.3,307.8,339.7,340.7,343.5,346.3,347.6,346.6,343.8,340.8,337.1,338.7,341.0,344.1,347.2,349.6,351.3,349.7,347.3,344.6,341.8,339.1,342.4,343.7,344.9,345.3,344.8,343.5,342.3,341.9,115.9,113.2,112.0,113.0,115.6,118.5,119.5,118.6,117.5,115.8,114.7,114.0,114.5,115.6,117.4,118.3,118.7,119.0,118.9,118.5,117.1,117.5,117.0,115.8,114.7,114.2,114.8,115.9,114.7,111.8,110.6,111.7,114.5,117.3,118.6,117.7,116.6,114.8,113.4,112.8,113.2,114.2,115.8,117.0,117.6,117.8,117.7,117.5,116.0,116.4,115.9,114.6,113.4,112.9,113.5,114.7,13.7,15.3,19.4,23.5,25.2,23.9,19.5,15.4,9.0,11.0,14.1,18.4,23.0,26.7,29.4,26.4,22.3,18.1,14.3,11.2,17.9,19.6,21.4,22.1,21.4,19.6,17.8,17.1,63.4,65.0,69.2,73.4,75.3,73.6,69.5,65.0,59.7,61.9,65.3,69.8,74.5,78.5,81.3,78.5,74.8,70.6,66.3,62.5,67.6,69.4,71.3,72.0,71.2,69.3,67.5,66.8,-84.0,-88.3,-90.2,-88.5,-84.2,-79.6,-78.0,-79.7,-82.2,-84.4,-85.9,-86.6,-85.9,-84.2,-81.6,-79.9,-79.2,-78.8,-79.1,-80.2,-82.1,-81.4,-82.2,-84.1,-86.0,-86.7,-85.9,-84.0,-80.7,-85.0,-87.0,-85.4,-81.1,-76.7,-74.8,-76.1,-78.0,-80.5,-82.4,-83.3,-82.9,-81.7,-79.7,-77.6,-76.4,-75.8,-75.9,-76.5,-78.9,-78.2,-79.0,-80.9,-82.8,-83.5,-82.7,-80.7,646.0,646.3,645.8,644.8,643.8,643.6,643.9,645.0,651.0,648.1,645.2,643.3,643.0,643.7,644.7,643.6,642.7,643.1,645.0,647.9,645.7,645.2,645.0,645.2,645.6,646.1,646.3,646.1,606.1,606.9,607.5,607.5,606.9,606.1,605.5,605.7,607.5,606.1,605.0,604.8,606.2,608.7,611.4,608.5,606.0,604.6,604.6,606.0,606.9,606.9,607.2,607.5,607.8,607.8,607.5,607.1,48.9,-49.6,687.3,0.117,0.325,-0.010,293.6,293.1,293.9,295.7,297.9,301.8,307.1,314.5,324.6,336.1,347.5,357.9,365.6,370.2,372.2,373.2,373.7,296.0,299.6,305.4,311.7,317.6,331.1,338.4,346.1,353.5,359.2,324.0,323.1,322.2,321.2,315.8,319.3,323.1,327.5,331.7,302.5,306.2,311.2,315.7,311.2,306.2,336.9,341.4,346.8,351.5,347.2,341.9,310.8,314.6,319.5,323.2,327.5,334.3,341.3,334.8,328.3,323.6,319.5,314.6,313.1,319.6,323.3,327.7,338.7,327.8,323.3,319.5,120.1,130.4,140.7,150.9,160.9,170.1,177.9,184.4,186.7,185.8,181.2,174.2,165.1,154.1,142.0,129.7,117.4,108.1,102.7,101.0,101.6,104.0,103.2,99.8,98.9,100.6,105.3,113.9,120.6,127.1,134.0,141.4,142.8,143.8,142.7,141.6,117.5,114.5,114.4,117.4,118.8,119.0,116.7,113.3,113.2,115.8,117.6,117.8,158.9,154.7,152.6,153.6,152.6,154.7,158.4,163.9,165.9,166.3,165.9,163.9,158.9,157.1,157.3,157.0,158.5,160.2,160.4,160.0,-6.2,-7.1,-5.6,-2.4,1.7,8.6,18.0,30.2,46.8,66.4,86.7,105.6,119.7,127.8,130.9,132.2,133.1,-1.7,4.5,14.4,25.0,34.5,56.5,68.5,81.3,93.6,103.0,44.9,43.0,41.1,39.0,31.3,36.9,42.9,50.1,57.0,9.6,15.8,24.4,31.8,24.3,15.8,66.7,73.8,82.6,90.5,83.3,74.7,23.6,29.3,37.0,42.9,49.8,61.3,73.6,62.1,51.2,43.6,37.1,29.5,27.3,37.3,43.3,50.3,69.1,50.5,43.3,37.2,-88.9,-70.2,-51.6,-33.1,-14.7,2.0,15.7,26.5,30.0,28.6,21.0,9.0,-6.7,-26.1,-47.0,-68.2,-89.5,-107.0,-115.1,-116.6,-114.0,-109.0,-109.0,-114.4,-115.9,-113.2,-105.5,-91.6,-79.8,-68.3,-56.5,-45.8,-43.2,-41.4,-43.1,-45.0,-89.4,-93.8,-93.3,-87.8,-85.9,-86.0,-87.4,-92.8,-92.5,-88.4,-85.1,-85.1,-17.1,-23.9,-27.0,-25.2,-26.8,-23.5,-17.6,-8.4,-5.0,-4.5,-5.1,-8.5,-17.1,-19.7,-19.2,-19.6,-17.3,-14.5,-14.1,-14.9,741.9,741.7,743.0,744.9,742.6,734.9,722.0,704.4,693.7,693.2,700.3,707.9,711.6,712.4,710.7,708.4,708.2,716.9,709.1,699.8,690.6,684.2,676.0,674.5,675.1,675.3,675.8,678.5,672.1,665.7,659.4,678.2,673.8,670.2,670.0,670.3,708.7,702.3,697.9,694.7,697.7,701.9,681.8,679.0,677.2,677.8,676.5,678.4,695.2,680.0,672.2,669.1,667.2,669.9,677.2,671.0,668.7,670.6,673.9,682.2,690.9,674.4,670.9,669.0,676.3,669.7,671.6,675.1,0.592,0.057,0.283,-0.006,326.308,139.439,-25.498,-20.992,-16.137,10.726,-13.105,-6.727,1.293,0.586,-1.691,5.486,-4.214,-0.963,-0.598,-2.502,-1.858,-0.067,0.091,-1.865,-2.378,-0.840,1.525,-1.204,0.314,-0.146,-0.180,-0.626,0.108,-0.037,-0.075,-0.002,0.019,-0.001,-0.004,0.028,0.10,0.00,0.92,0.00,0.45,2.61,0.00,0.39,0.04,0.27,0.30,0.61,0.00,0.15,0.72,1.38,0.48,0.00,0.00,1.00,0.00,1.00,1.00,0.00,0.00,0.00,0.00,0.00,0.00,0.00,0.00,0.00,0.00,0.00,0.00
15,0,1.400,0.98,1,-0.156478,0.198644,-0.967499,-0.308058,0.203551,-0.929337,-0.240,0.209,306.1,307.2,309.8,312.4,313.4,312.5,309.7,307.1,303.0,304.3,306.4,309.2,312.1,314.5,316.1,314.2,311.6,308.9,306.4,304.4,308.7,309.8,311.0,311.5,311.0,309.9,308.7,308.2,340.7,341.7,344.5,347.4,348.6,347.5,344.7,341.7,338.0,339.7,342.0,345.1,348.2,350.6,352.3,350.6,348.3,345.6,342.7,340.0,343.4,344.6,345.9,346.3,345.8,344.5,343.3,342.9,118.3,115.5,114.4,115.5,118.2,121.1,122.0,120.9,119.7,118.0,116.9,116.4,116.9,118.2,120.1,121.0,121.4,121.5,121.3,120.8,119.5,120.0,119.5,118.3,117.1,116.6,117.1,118.3,118.1,115.2,114.0,115.1,117.9,120.8,122.0,121.1,120.0,118.1,116.7,116.1,116.6,117.7,119.4,120.5,121.1,121.3,121.2,120.9,119.4,119.9,119.3,118.1,116.8,116.3,116.9,118.1,14.1,15.9,20.0,24.0,25.5,24.1,19.7,15.7,9.5,11.5,14.7,18.9,23.5,27.1,29.8,26.7,22.6,18.4,14.6,11.6,18.2,20.0,21.8,22.5,21.9,20.1,18.3,17.5,64.5,66.2,70.3,74.6,76.3,74.6,70.4,66.0,60.7,63.0,66.4,70.9,75.6,79.5,82.4,79.5,75.8,71.6,67.3,63.5,68.6,70.5,72.3,73.0,72.3,70.4,68.6,67.8,-79.2,-83.4,-85.1,-83.3,-79.0,-74.4,-73.0,-74.8,-77.5,-79.8,-81.1,-81.7,-80.8,-78.9,-76.1,-74.6,-73.9,-73.7,-74.2,-75.4,-77.2,-76.4,-77.1,-79.0,-80.9,-81.7,-80.9,-79.1,-75.2,-79.6,-81.5,-79.8,-75.5,-71.2,-69.3,-70.7,-72.5,-75.2,-77.1,-77.9,-77.4,-76.1,-73.9,-71.9,-70.7,-70.2,-70.4,-71.0,-73.4,-72.6,-73.5,-75.4,-77.2,-78.0,-77.1,-75.2,636.5,636.8,636.2,635.1,634.2,634.1,634.5,635.6,641.6,638.7,635.7,633.7,633.4,634.1,635.1,634.1,633.3,633.8,635.6,638.5,636.2,635.8,635.5,635.6,636.0,636.5,636.8,636.7,602.6,603.5,604.1,604.1,603.5,602.6,602.1,602.3,604.0,602.7,601.6,601.4,602.8,605.3,607.9,605.0,602.5,601.1,601.2,602.5,603.4,603.4,603.7,604.0,604.3,604.3,604.0,603.7,49.8,-42.7,682.0,0.169,0.326,-0.014,293.9,293.6,294.6,296.5,299.0,303.0,308.4,315.7,325.5,336.8,347.8,358.0,365.7,370.4,372.6,373.6,374.1,296.3,300.0,305.9,312.2,318.0,332.6,340.0,347.7,355.0,360.5,324.9,323.9,323.0,321.9,316.4,319.9,323.7,328.2,332.4,302.9,306.6,311.8,316.2,311.6,306.6,337.9,342.3,347.8,352.4,348.2,342.8,312.0,315.5,320.4,324.0,328.1,334.9,341.6,335.5,329.1,324.5,320.6,315.6,314.2,320.5,324.1,328.3,339.0,328.6,324.3,320.6,122.1,132.6,143.2,153.5,163.8,173.4,181.7,188.8,191.3,190.3,185.2,177.6,168.4,157.3,145.3,133.1,120.9,110.1,105.2,104.0,105.0,107.6,107.3,104.2,103.3,104.9,109.6,117.6,124.6,131.6,138.8,145.3,146.9,148.0,146.9,145.7,119.7,116.7,116.9,120.2,121.4,121.4,120.0,116.6,116.6,119.4,121.2,121.3,162.9,158.8,156.9,158.0,157.1,159.2,162.9,169.1,171.3,171.6,171.1,168.6,163.0,161.2,161.5,161.3,163.1,165.6,165.8,165.3,-5.6,-6.2,-4.4,-0.8,3.6,10.8,20.2,32.3,48.4,67.5,86.9,105.3,119.1,127.0,130.3,131.4,131.9,-1.2,5.2,15.0,25.4,34.7,58.1,70.2,82.7,94.7,104.0,45.7,43.8,41.8,39.8,31.9,37.4,43.4,50.7,57.6,10.2,16.4,24.9,32.2,24.7,16.3,67.5,74.5,83.3,91.1,84.0,75.3,25.3,30.7,38.3,43.9,50.5,61.9,73.7,63.1,52.5,45.2,38.8,31.0,29.0,38.7,44.4,51.1,69.3,51.7,44.8,38.9,-84.2,-65.5,-46.7,-28.2,-9.4,7.8,22.4,34.0,37.9,36.2,27.6,14.9,-1.1,-20.3,-40.8,-61.6,-82.3,-101.9,-109.1,-109.9,-106.7,-101.5,-100.8,-105.7,-107.3,-104.7,-97.3,-84.3,-72.2,-60.4,-48.3,-39.1,-36.2,-34.1,-35.9,-37.9,-84.5,-88.9,-88.0,-82.1,-80.4,-80.8,-80.8,-86.2,-85.9,-81.5,-78.3,-78.4,-10.3,-16.9,-19.8,-17.9,-19.4,-16.0,-10.0,0.1,3.8,4.3,3.5,-0.6,-10.2,-12.9,-12.3,-12.6,-9.7,-5.6,-5.2,-6.2,733.4,734.9,737.4,740.0,738.1,731.2,719.7,703.4,692.6,691.7,697.8,704.4,707.1,706.4,703.5,700.0,698.4,706.4,698.3,689.3,680.6,674.8,666.9,665.5,666.0,666.5,668.1,669.6,663.8,658.0,652.2,671.8,667.4,664.0,663.6,663.9,699.9,693.5,689.2,686.4,689.5,693.7,673.8,670.9,669.3,670.4,669.0,670.6,691.1,675.9,667.8,664.9,663.2,666.5,674.3,669.2,667.3,669.2,672.2,679.6,687.0,670.4,667.1,665.5,673.5,667.7,669.4,672.6,0.597,0.115,0.282,-0.006,327.064,143.249,-31.972,-16.078,-13.331,14.130,-10.072,-6.886,3.073,0.931,1.898,3.755,-1.542,0.391,0.186,-4.032,0.305,-0.140,0.433,-2.195,-1.814,0.082,0.496,-0.563,0.084,-0.570,0.011,-0.224,0.319,0.109,-0.005,0.018,0.034,-0.038,0.043,0.040,0.00,0.00,1.09,0.00,0.72,3.23,0.00,0.67,0.10,0.20,0.00,0.70,0.00,0.00,1.19,1.84,0.14,0.00,0.00,1.00,0.00,1.00,1.00,0.00,0.00,0.00,0.00,0.00,0.00,0.00,0.00,0.00,0.00,0.00,0.00
16,0,1.500,0.98,1,-0.154015,0.181623,-0.971232,-0.305971,0.185597,-0.933775,-0.237,0.190,306.0,307.2,309.8,312.4,313.4,312.5,309.6,307.0,303.0,304.3,306.4,309.1,312.1,314.4,316.1,314.1,311.5,308.8,306.4,304.3,308.6,309.8,310.9,311.4,311.0,309.9,308.7,308.2,340.6,341.7,344.4,347.3,348.6,347.5,344.7,341.7,338.0,339.6,341.9,345.1,348.1,350.6,352.2,350.6,348.3,345.5,342.7,339.9,343.3,344.6,345.8,346.3,345.7,344.5,343.3,342.8,118.5,115.8,114.6,115.7,118.4,121.3,122.2,121.2,120.0,118.3,117.1,116.5,117.1,118.4,120.3,121.2,121.5,121.7,121.6,121.1,119.7,120.2,119.7,118.5,117.3,116.9,117.4,118.6,118.1,115.2,114.0,115.1,118.0,120.8,122.0,121.2,120.1,118.2,116.7,116.1,116.6,117.8,119.5,120.6,121.1,121.3,121.2,121.0,119.4,119.9,119.4,118.1,116.9,116.4,116.9,118.2,14.1,15.8,19.9,23.9,25.5,24.0,19.6,15.6,9.4,11.4,14.6,18.8,23.4,27.1,29.7,26.6,22.5,18.3,14.6,11.4,18.1,19.9,21.7,22.5,21.8,20.0,18.2,17.5,64.3,65.9,70.1,74.3,76.1,74.4,70.3,65.8,60.5,62.8,66.2,70.7,75.4,79.3,82.1,79.3,75.5,71.4,67.1,63.3,68.4,70.3,72.1,72.8,72.0,70.2,68.4,67.6,-78.7,-83.0,-84.7,-82.9,-78.6,-74.0,-72.6,-74.4,-76.9,-79.3,-80.7,-81.4,-80.5,-78.5,-75.8,-74.2,-73.6,-73.4,-73.8,-74.9,-76.7,-75.9,-76.7,-78.6,-80.5,-81.2,-80.5,-78.6,-75.0,-79.4,-81.3,-79.6,-75.4,-71.0,-69.1,-70.5,-72.2,-75.0,-76.9,-77.8,-77.2,-75.9,-73.7,-71.7,-70.6,-70.1,-70.2,-70.7,-73.2,-72.5,-73.3,-75.2,-77.0,-77.8,-76.9,-75.0,635.9,636.3,635.8,634.7,633.7,633.4,633.7,634.8,640.9,638.0,635.2,633.2,632.9,633.6,634.6,633.4,632.6,633.0,634.9,637.8,635.6,635.1,634.9,635.1,635.5,636.0,636.2,636.1,601.6,602.5,603.2,603.2,602.5,601.5,600.9,601.1,602.9,601.6,600.6,600.4,601.8,604.3,606.9,604.0,601.4,600.0,600.0,601.3,602.3,602.3,602.6,603.0,603.3,603.3,603.0,602.6,49.6,-41.8,680.5,0.150,0.323,-0.009,293.8,293.6,294.7,296.7,299.2,303.3,308.7,315.8,325.3,336.4,347.2,357.3,365.1,370.0,372.4,373.5,374.2,296.1,299.8,305.6,312.0,317.8,332.6,340.1,347.8,355.2,360.8,324.8,323.8,322.9,321.8,316.3,319.7,323.5,328.1,332.4,302.9,306.6,311.7,316.1,311.6,306.5,337.8,342.3,347.8,352.4,348.2,342.8,311.9,315.5,320.4,324.0,328.2,335.1,341.9,335.7,329.2,324.6,320.6,315.6,314.2,320.6,324.2,328.4,339.3,328.8,324.4,320.7,122.7,133.3,144.1,154.5,164.9,174.5,182.8,189.8,192.3,191.4,186.4,179.0,169.8,158.8,146.7,134.4,122.0,111.1,106.0,104.6,105.5,108.0,107.6,104.5,103.7,105.4,110.2,117.7,124.8,131.8,139.2,145.5,147.1,148.3,147.1,145.8,120.0,116.9,117.0,120.4,121.6,121.7,120.2,116.6,116.6,119.4,121.2,121.3,163.1,159.0,157.1,158.2,157.2,159.3,163.0,169.4,171.8,172.1,171.6,169.0,163.2,161.2,161.5,161.3,163.2,166.1,166.5,165.9,-5.7,-6.1,-4.2,-0.5,4.0,11.2,20.5,32.2,47.9,66.5,85.6,103.8,117.7,126.1,129.8,131.2,132.1,-1.6,4.7,14.6,25.0,34.4,58.1,70.3,82.9,95.1,104.5,45.6,43.6,41.6,39.5,31.7,37.1,43.0,50.4,57.4,10.0,16.3,24.9,32.1,24.6,16.1,67.3,74.4,83.2,90.9,83.8,75.2,25.3,30.6,38.3,43.9,50.6,62.1,74.0,63.3,52.5,45.1,38.8,30.9,28.9,38.6,44.3,51.1,69.6,51.9,44.9,38.9,-83.3,-64.1,-45.0,-26.2,-7.4,9.8,24.3,35.6,39.4,37.8,29.6,17.2,1.4,-17.7,-38.3,-59.4,-80.5,-100.2,-107.8,-108.8,-105.9,-100.8,-100.2,-105.1,-106.6,-103.9,-96.4,-84.0,-71.7,-59.8,-47.5,-38.6,-35.7,-33.6,-35.4,-37.6,-83.9,-88.4,-87.7,-81.7,-80.0,-80.4,-80.6,-86.2,-85.8,-81.3,-78.2,-78.3,-10.0,-16.5,-19.4,-17.5,-19.1,-15.8,-9.9,0.7,4.6,5.1,4.3,0.1,-9.8,-12.8,-12.2,-12.6,-9.5,-4.7,-4.2,-5.1,733.0,734.1,735.9,738.0,735.4,728.3,717.0,700.8,690.1,689.1,695.5,702.3,705.2,704.9,702.5,699.5,698.4,706.3,698.1,689.0,680.1,674.0,666.3,665.2,665.9,666.6,668.5,668.6,662.5,656.4,650.4,670.2,665.4,661.7,661.4,661.9,698.9,692.8,688.5,685.5,688.5,692.7,673.0,670.5,668.8,669.8,668.3,669.9,690.0,674.8,666.5,663.5,661.7,665.1,673.0,667.7,665.7,667.6,670.7,678.3,686.0,668.9,665.5,663.9,672.3,666.3,668.1,671.4,0.598,0.098,0.280,-0.002,327.030,143.734,-32.831,-16.071,-9.319,15.452,-8.353,-4.722,4.558,1.986,3.586,2.554,-2.412,0.940,0.485,-3.698,0.879,-0.297,0.501,-1.793,-1.850,0.244,0.667,-0.559,0.373,-0.364,0.192,-0.225,0.363,0.122,0.004,0.015,0.017,-0.033,0.047,0.042,0.00,0.00,1.17,0.00,0.83,3.66,0.00,0.61,0.10,0.12,0.00,0.41,0.00,0.01,1.15,1.63,0.00,0.00,0.00,1.00,0.00,1.00,1.00,0.00,0.00,0.00,0.00,0.00,1.00,0.00,0.00,0.00,0.00,0.00,0.00
17,0,1.600,0.98,1,-0.144751,0.149839,-0.978057,-0.301866,0.151190,-0.941286,-0.229,0.156,305.6,306.7,309.4,311.9,313.0,312.0,309.2,306.6,302.5,303.8,305.9,308.7,311.7,314.0,315.6,313.7,311.1,308.4,305.9,303.9,308.2,309.3,310.5,311.0,310.5,309.4,308.3,307.8,340.0,341.1,343.8,346.7,348.0,346.9,344.2,341.1,337.4,339.0,341.3,344.4,347.5,349.9,351.6,350.0,347.7,345.0,342.1,339.4,342.8,344.0,345.2,345.7,345.1,343.9,342.7,342.2,116.2,113.5,112.3,113.4,116.0,118.9,119.9,118.8,117.8,116.0,114.8,114.2,114.7,116.1,117.9,118.8,119.1,119.3,119.2,118.8,117.4,117.9,117.4,116.2,115.0,114.6,115.1,116.3,115.4,112.6,111.4,112.5,115.2,118.1,119.3,118.5,117.5,115.5,114.0,113.4,113.9,115.0,116.8,117.9,118.4,118.6,118.5,118.3,116.7,117.2,116.7,115.4,114.2,113.7,114.3,115.5,13.4,15.2,19.3,23.3,24.8,23.4,19.0,15.0,8.6,10.7,13.9,18.2,22.8,26.4,29.0,25.9,21.8,17.7,13.9,10.7,17.5,19.2,21.0,21.8,21.1,19.4,17.6,16.8,63.6,65.2,69.4,73.6,75.4,73.8,69.6,65.1,59.8,62.1,65.4,70.0,74.7,78.6,81.4,78.6,74.9,70.7,66.4,62.6,67.7,69.6,71.4,72.1,71.3,69.5,67.7,66.9,-82.5,-86.8,-88.5,-86.7,-82.4,-77.9,-76.4,-78.2,-80.5,-83.0,-84.5,-85.3,-84.4,-82.4,-79.6,-78.0,-77.5,-77.2,-77.6,-78.6,-80.5,-79.7,-80.5,-82.4,-84.2,-85.0,-84.2,-82.4,-79.2,-83.5,-85.4,-83.8,-79.6,-75.2,-73.3,-74.6,-76.2,-79.1,-81.1,-82.1,-81.5,-80.1,-77.8,-75.9,-74.8,-74.3,-74.4,-74.8,-77.3,-76.6,-77.5,-79.4,-81.2,-81.9,-81.1,-79.2,637.2,637.8,637.4,636.3,635.1,634.6,634.8,636.0,642.0,639.3,636.6,634.7,634.4,635.0,635.9,634.6,633.7,634.1,636.0,638.9,636.8,636.3,636.2,636.4,637.0,637.5,637.6,637.4,603.0,604.1,604.9,604.8,604.0,602.9,602.2,602.4,604.2,603.1,602.2,602.0,603.4,605.8,608.3,605.4,602.8,601.3,601.4,602.7,603.7,603.7,604.0,604.5,604.9,604.9,604.6,604.1,49.1,-47.0,688.8,0.109,0.310,0.004,293.3,293.0,294.0,295.8,298.3,302.3,307.6,314.5,323.9,334.7,345.5,355.7,363.8,369.0,371.6,372.9,373.7,295.5,299.3,305.3,311.7,317.4,332.0,339.6,347.3,354.8,360.5,324.3,323.3,322.3,321.2,315.6,319.0,322.8,327.4,331.7,302.4,306.2,311.3,315.7,311.1,306.0,337.3,341.7,347.1,351.8,347.5,342.2,311.1,315.0,319.9,323.4,327.6,334.4,341.2,334.7,328.3,323.7,319.8,314.9,313.3,319.9,323.5,327.7,338.7,327.9,323.6,319.9,121.2,131.8,142.6,153.0,163.1,172.1,179.7,185.9,188.1,187.5,183.2,176.7,168.1,157.4,145.4,133.0,120.6,109.8,104.7,103.1,103.8,106.1,105.6,102.6,101.8,103.5,108.3,115.1,122.1,129.1,136.3,142.7,144.2,145.3,144.2,142.9,117.9,114.6,114.7,118.0,119.2,119.3,117.6,113.8,113.9,116.8,118.5,118.6,159.9,156.0,154.2,155.2,154.2,156.2,159.6,165.2,167.3,167.6,167.2,165.0,159.9,158.0,158.3,158.0,159.9,162.0,162.3,161.8,-6.7,-7.4,-5.5,-2.1,2.3,9.6,18.8,30.3,45.7,64.1,83.5,102.1,116.9,126.2,130.6,132.4,133.8,-2.6,4.0,14.2,24.8,34.2,58.2,70.7,83.6,96.2,105.9,45.4,43.4,41.3,39.2,30.9,36.3,42.3,49.9,57.0,9.4,15.8,24.5,31.8,24.1,15.5,67.5,74.6,83.5,91.3,84.1,75.4,24.1,30.1,37.9,43.5,50.3,61.7,73.8,62.4,51.5,44.1,37.8,30.1,27.7,38.0,43.7,50.6,69.5,51.0,44.0,38.1,-87.2,-67.8,-48.2,-29.3,-10.8,5.6,19.0,29.2,32.5,31.4,24.5,13.4,-1.6,-20.4,-41.2,-62.8,-84.4,-104.1,-111.9,-113.1,-110.4,-105.6,-105.3,-110.2,-111.7,-109.0,-101.3,-89.7,-77.2,-65.1,-52.7,-43.8,-40.9,-38.8,-40.8,-42.9,-88.9,-93.7,-93.1,-87.0,-85.3,-85.6,-86.1,-92.1,-91.8,-87.1,-84.1,-84.1,-15.6,-21.7,-24.5,-22.7,-24.2,-21.1,-15.7,-6.3,-2.8,-2.3,-3.0,-6.7,-15.4,-18.3,-17.7,-18.1,-15.2,-11.6,-11.1,-12.0,744.1,743.9,744.7,745.8,742.6,734.9,722.6,705.5,694.5,694.0,701.8,710.0,714.4,715.5,714.2,712.0,711.9,718.1,709.7,700.7,691.6,684.8,677.6,676.8,677.8,678.6,680.6,679.0,672.3,665.6,659.1,678.7,673.5,669.6,669.6,670.3,709.4,703.5,699.2,696.0,698.7,702.8,683.6,681.5,679.8,680.6,678.9,680.4,698.1,683.3,675.1,672.0,670.3,673.9,681.3,674.9,672.1,674.0,677.3,685.5,694.0,676.9,673.5,671.9,680.5,673.3,675.0,678.5,0.590,0.052,0.266,0.009,326.314,141.043,-26.913,-18.645,-8.915,12.506,-6.078,0.570,4.253,1.860,4.625,2.897,-2.061,1.916,1.195,-3.086,0.647,0.847,1.181,-1.606,-1.977,0.468,1.196,-0.459,0.259,-0.110,0.476,-0.197,0.378,0.102,0.008,-0.011,0.045,-0.014,0.015,0.073,0.00,0.00,1.34,0.00,0.83,3.79,0.02,0.59,0.06,0.04,0.00,0.24,0.00,0.06,0.86,1.13,0.00,0.00,0.00,1.00,0.00,1.00,1.00,0.00,0.00,0.00,0.00,0.00,1.00,0.00,0.00,1.00,1.00,0.00,0.00
18,0,1.700,0.98,1,-0.145694,0.142350,-0.979035,-0.301913,0.143928,-0.942408,-0.229,0.148,305.0,306.1,308.8,311.4,312.4,311.5,308.6,306.0,301.9,303.2,305.3,308.1,311.1,313.4,315.1,313.1,310.5,307.8,305.3,303.3,307.6,308.8,309.9,310.4,310.0,308.8,307.7,307.2,339.4,340.4,343.1,346.0,347.3,346.3,343.5,340.5,336.8,338.3,340.7,343.8,346.8,349.3,351.0,349.4,347.0,344.3,341.4,338.7,342.1,343.4,344.6,345.0,344.4,343.2,342.0,341.6,114.1,111.4,110.3,111.3,113.9,116.8,117.8,116.8,115.8,114.0,112.8,112.1,112.6,114.0,115.9,116.7,117.0,117.2,117.2,116.8,115.4,115.8,115.3,114.1,113.0,112.5,113.0,114.2,113.2,110.3,109.1,110.2,112.9,115.8,117.0,116.2,115.3,113.3,111.8,111.0,111.6,112.7,114.5,115.6,116.1,116.3,116.2,116.1,114.5,114.9,114.4,113.2,111.9,111.5,112.0,113.3,12.5,14.3,18.4,22.4,23.9,22.5,18.0,14.0,7.7,9.8,13.0,17.3,21.9,25.5,28.1,25.0,20.9,16.7,13.0,9.8,16.6,18.3,20.1,20.9,20.2,18.4,16.7,15.9,62.5,64.1,68.3,72.5,74.4,72.7,68.6,64.1,58.8,61.0,64.3,68.9,73.6,77.5,80.4,77.6,73.8,69.6,65.4,61.6,66.7,68.5,70.3,71.1,70.3,68.4,66.6,65.9,-85.5,-89.8,-91.6,-89.8,-85.5,-80.9,-79.5,-81.2,-83.5,-86.0,-87.6,-88.3,-87.5,-85.5,-82.6,-81.1,-80.5,-80.3,-80.6,-81.6,-83.5,-82.8,-83.5,-85.4,-87.3,-88.1,-87.3,-85.4,-82.4,-86.8,-88.7,-87.1,-82.9,-78.5,-76.6,-77.9,-79.4,-82.3,-84.4,-85.4,-84.8,-83.4,-81.1,-79.2,-78.1,-77.6,-77.6,-78.0,-80.6,-79.9,-80.7,-82.6,-84.5,-85.2,-84.3,-82.4,635.9,636.6,636.2,635.0,633.7,633.2,633.5,634.7,640.8,638.1,635.3,633.5,633.1,633.7,634.5,633.2,632.4,632.8,634.7,637.6,635.5,635.0,634.8,635.1,635.7,636.2,636.4,636.1,602.3,603.5,604.2,604.1,603.3,602.2,601.4,601.7,603.5,602.4,601.5,601.3,602.7,605.1,607.6,604.6,602.0,600.6,600.6,601.9,603.0,603.0,603.3,603.8,604.2,604.2,603.9,603.4,48.0,-50.8,689.6,0.100,0.306,0.009,292.8,292.4,293.3,295.1,297.5,301.4,306.6,313.5,322.8,333.7,344.7,355.0,363.3,368.6,371.3,372.6,373.3,295.0,298.8,304.8,311.1,316.8,331.2,338.8,346.6,354.1,359.9,323.6,322.6,321.6,320.5,314.9,318.3,322.1,326.7,331.0,301.8,305.6,310.7,315.1,310.5,305.4,336.6,341.0,346.5,351.1,346.9,341.6,310.4,314.3,319.2,322.7,327.0,333.8,340.7,334.1,327.6,323.0,319.1,314.3,312.6,319.2,322.8,327.1,338.1,327.2,322.9,319.2,119.4,129.9,140.5,150.7,160.7,169.7,177.1,183.2,185.4,185.0,181.1,174.8,166.4,155.8,143.8,131.3,118.9,107.9,102.8,101.3,102.0,104.2,103.6,100.5,99.6,101.3,106.1,112.9,119.9,126.8,133.9,140.5,142.0,143.0,141.9,140.6,115.9,112.6,112.6,115.9,117.1,117.3,115.4,111.6,111.6,114.5,116.2,116.3,157.7,153.8,152.0,153.0,152.0,154.0,157.3,162.6,164.6,164.9,164.5,162.4,157.7,155.8,156.1,155.8,157.6,159.2,159.5,159.1,-7.6,-8.4,-6.7,-3.4,0.9,7.9,17.1,28.5,44.0,62.4,82.0,101.1,116.3,125.9,130.4,132.3,133.7,-3.5,3.2,13.4,24.0,33.4,56.9,69.4,82.5,95.2,105.2,44.3,42.3,40.2,38.0,29.9,35.2,41.2,48.8,56.0,8.4,14.9,23.6,31.0,23.2,14.6,66.5,73.7,82.6,90.5,83.2,74.5,22.9,29.0,36.7,42.4,49.3,60.8,73.0,61.4,50.4,42.9,36.6,29.0,26.6,36.9,42.6,49.6,68.6,49.9,42.8,36.9,-90.6,-71.4,-52.1,-33.4,-15.1,1.2,14.4,24.6,28.0,27.2,20.8,10.2,-4.5,-23.2,-44.2,-65.9,-87.8,-107.8,-115.4,-116.5,-113.8,-108.9,-108.8,-113.9,-115.5,-112.9,-105.2,-93.5,-81.1,-69.0,-56.7,-47.5,-44.7,-42.7,-44.6,-46.6,-92.6,-97.5,-96.9,-90.8,-89.1,-89.3,-90.0,-96.2,-95.9,-91.1,-88.1,-88.1,-19.4,-25.4,-28.2,-26.4,-27.9,-24.8,-19.5,-10.6,-7.3,-6.8,-7.5,-11.0,-19.2,-21.9,-21.4,-21.8,-19.1,-16.1,-15.7,-16.5,745.3,744.8,745.3,746.5,743.3,735.6,723.0,705.4,694.1,693.6,701.9,710.8,715.8,717.5,716.5,714.4,714.5,720.0,711.5,702.6,693.3,686.5,679.2,678.4,679.5,680.4,682.4,680.5,673.6,666.7,660.0,679.7,674.4,670.4,670.5,671.2,711.3,705.3,701.0,697.8,700.4,704.6,685.2,683.1,681.5,682.2,680.4,682.0,698.7,683.7,675.6,672.5,670.8,674.3,681.7,674.9,672.0,674.0,677.3,685.8,694.4,677.4,673.9,672.3,680.8,673.2,675.1,678.7,0.589,0.037,0.263,0.013,325.660,138.837,-23.656,-21.524,-9.545,12.110,-6.863,1.738,4.189,2.805,4.985,3.705,-1.661,2.071,0.705,-2.825,0.477,1.369,1.354,-1.712,-1.879,0.034,1.330,-0.547,0.393,0.147,0.671,-0.408,0.247,0.093,0.015,-0.028,0.082,-0.044,-0.006,0.060,0.00,0.00,1.48,0.00,0.85,3.74,0.02,0.54,0.00,0.00,0.00,0.27,0.00,0.06,1.03,1.13,0.06,0.00,0.00,1.00,0.00,1.00,1.00,0.00,0.00,0.00,0.00,0.00,0.00,0.00,0.00,1.00,1.00,0.00,0.00
19,0,1.800,0.98,1,-0.157602,0.143138,-0.977074,-0.307283,0.144815,-0.940535,-0.238,0.149,305.2,306.3,309.0,311.6,312.6,311.6,308.7,306.1,302.1,303.4,305.5,308.3,311.3,313.6,315.3,313.3,310.6,307.9,305.4,303.4,307.8,308.9,310.1,310.6,310.2,309.0,307.9,307.4,339.4,340.5,343.2,346.1,347.4,346.3,343.5,340.4,336.7,338.3,340.7,343.8,346.9,349.4,351.0,349.4,347.0,344.3,341.4,338.7,342.1,343.4,344.6,345.1,344.5,343.3,342.0,341.6,111.7,109.0,107.9,109.0,111.7,114.6,115.5,114.4,113.4,111.6,110.3,109.7,110.3,111.7,113.7,114.5,114.8,115.0,114.8,114.4,113.0,113.5,113.0,111.8,110.7,110.2,110.7,111.9,111.4,108.6,107.4,108.6,111.4,114.2,115.4,114.5,113.5,111.5,110.0,109.3,109.9,111.2,113.1,114.1,114.6,114.7,114.6,114.4,112.8,113.3,112.8,111.5,110.3,109.8,110.3,111.6,12.6,14.5,18.6,22.5,24.0,22.5,18.0,14.1,7.9,9.9,13.2,17.5,22.0,25.6,28.1,25.1,21.0,16.8,13.0,9.9,16.6,18.4,20.2,21.0,20.3,18.6,16.8,16.0,62.0,63.7,67.9,72.1,73.8,72.1,67.9,63.5,58.2,60.5,63.9,68.4,73.1,77.0,79.7,76.9,73.2,69.0,64.8,61.0,66.1,67.9,69.8,70.5,69.7,67.9,66.1,65.3,-88.4,-92.7,-94.4,-92.5,-88.2,-83.7,-82.3,-84.1,-86.4,-89.0,-90.6,-91.3,-90.3,-88.2,-85.2,-83.7,-83.2,-83.0,-83.5,-84.5,-86.4,-85.6,-86.3,-88.2,-90.0,-90.9,-90.1,-88.3,-84.2,-88.6,-90.4,-88.7,-84.5,-80.2,-78.3,-79.7,-81.3,-84.2,-86.3,-87.2,-86.5,-85.0,-82.6,-80.7,-79.6,-79.2,-79.4,-79.8,-82.3,-81.6,-82.4,-84.3,-86.2,-86.9,-86.1,-84.2,630.1,630.7,630.4,629.2,627.8,627.3,627.6,628.8,634.9,632.2,629.5,627.6,627.3,627.8,628.6,627.3,626.5,626.9,628.8,631.7,629.6,629.1,628.9,629.2,629.8,630.3,630.5,630.2,597.2,598.3,599.1,599.0,598.2,597.0,596.3,596.5,598.3,597.2,596.3,596.2,597.6,600.1,602.5,599.5,596.9,595.4,595.4,596.7,597.9,597.8,598.2,598.7,599.1,599.1,598.7,598.2,46.5,-51.1,673.6,0.100,0.326,0.019,292.9,292.4,293.4,295.2,297.4,301.1,306.1,312.9,322.3,333.3,344.4,354.8,362.9,368.2,371.0,372.4,373.3,295.3,299.2,305.3,311.8,317.5,331.3,338.9,346.8,354.4,359.9,323.8,322.6,321.4,320.1,314.6,317.9,321.6,326.3,330.6,302.0,305.8,311.0,315.3,310.7,305.5,336.6,341.1,346.6,351.1,346.9,341.5,309.8,313.4,318.4,322.0,326.3,333.2,339.9,333.6,327.0,322.3,318.3,313.2,312.0,318.5,322.1,326.4,337.3,326.7,322.3,318.5,117.2,128.3,139.5,150.3,160.8,170.2,178.2,184.7,187.2,186.7,182.3,175.3,166.3,155.2,143.0,130.3,117.5,105.2,99.7,98.1,98.8,101.3,101.0,97.9,97.3,99.4,104.5,110.6,117.7,124.7,131.9,138.9,140.4,141.5,140.5,139.3,113.5,110.1,110.2,113.8,114.8,114.9,113.6,109.8,109.9,113.0,114.7,114.7,157.2,152.6,150.5,151.7,150.7,153.1,157.3,164.0,166.5,166.8,166.2,163.5,157.3,154.6,154.9,154.8,157.5,160.7,161.0,160.4,-7.3,-8.2,-6.5,-3.3,0.7,7.2,15.8,26.8,42.1,60.3,79.5,97.9,112.2,121.4,126.0,128.1,129.6,-2.9,3.7,13.9,24.5,33.7,55.7,67.9,80.9,93.3,102.4,43.7,41.3,38.9,36.5,28.7,33.7,39.5,46.9,53.8,8.4,14.8,23.4,30.5,23.0,14.4,64.8,71.9,80.6,88.1,81.1,72.5,21.4,26.8,34.6,40.1,46.9,58.3,69.7,59.1,48.3,40.9,34.5,26.7,25.0,34.8,40.4,47.3,65.6,47.9,40.9,34.9,-92.5,-72.6,-52.7,-33.4,-14.6,2.2,15.9,26.5,30.2,29.3,22.3,10.7,-4.6,-23.5,-44.3,-65.8,-87.4,-109.8,-118.0,-119.2,-116.4,-111.1,-110.5,-115.3,-116.4,-113.1,-105.0,-95.1,-82.7,-70.7,-58.5,-49.0,-46.2,-44.0,-45.7,-47.6,-94.4,-99.4,-98.5,-92.1,-90.7,-91.1,-90.7,-96.6,-96.2,-91.1,-88.3,-88.5,-19.7,-26.8,-29.8,-27.9,-29.2,-25.5,-19.0,-8.0,-4.1,-3.6,-4.5,-9.1,-19.5,-23.3,-22.6,-22.8,-18.6,-13.4,-13.0,-14.0,728.4,728.4,729.0,730.0,726.2,718.2,706.0,689.1,678.3,677.2,684.1,691.4,695.1,696.3,695.2,693.4,693.4,703.0,695.0,686.0,676.6,670.0,663.2,661.9,662.6,663.1,664.5,664.2,657.3,650.5,643.7,663.1,657.9,653.9,653.8,654.4,694.1,688.3,683.9,680.6,683.5,687.7,668.2,665.8,663.9,664.5,663.0,664.8,682.0,667.2,658.7,655.5,653.8,656.7,663.7,658.6,657.0,659.0,662.3,670.2,678.0,660.8,657.2,655.6,663.4,658.0,659.9,663.4,0.604,0.035,0.289,0.023,325.418,137.885,-35.788,-16.070,-6.393,18.533,-8.159,-3.174,8.508,1.670,4.874,3.720,-1.812,-0.011,0.895,-2.363,-0.158,0.283,1.908,-2.157,-2.063,0.557,1.290,-0.582,0.082,0.874,0.245,-0.326,0.437,0.082,0.035,0.018,0.022,-0.019,0.021,0.055,0.05,0.00,1.58,0.00,0.90,3.84,0.02,0.56,0.00,0.00,0.00,0.37,0.00,0.05,1.38,1.43,0.06,0.00,0.00,1.00,0.00,1.00,1.00,0.00,0.00,0.00,0.00,0.00,0.00,0.00,0.00,1.00,1.00,0.00,0.00
20,0,1.900,0.98,1,-0.167418,0.147991,-0.974715,-0.319323,0.148249,-0.935978,-0.249,0.154,305.2,306.4,309.1,311.7,312.6,311.6,308.7,306.2,302.1,303.5,305.6,308.4,311.4,313.7,315.3,313.3,310.6,307.9,305.5,303.5,307.8,308.9,310.1,310.6,310.2,309.1,307.9,307.4,339.3,340.4,343.2,346.1,347.3,346.2,343.4,340.4,336.7,338.3,340.7,343.8,346.9,349.3,351.0,349.3,346.9,344.2,341.3,338.6,342.1,343.3,344.5,345.0,344.5,343.2,342.0,341.5,110.1,107.5,106.4,107.5,110.1,113.0,113.9,112.8,111.8,110.0,108.7,108.1,108.7,110.2,112.2,113.0,113.2,113.4,113.2,112.8,111.4,111.9,111.4,110.3,109.1,108.6,109.1,110.3,110.1,107.3,106.1,107.3,110.1,112.9,114.1,113.2,112.2,110.1,108.7,108.0,108.6,109.9,111.8,112.8,113.3,113.4,113.3,113.1,111.5,112.0,111.5,110.3,109.0,108.5,109.0,110.3,12.7,14.6,18.8,22.7,24.1,22.6,18.1,14.2,8.0,10.1,13.3,17.6,22.2,25.7,28.2,25.1,21.0,16.9,13.1,10.0,16.8,18.5,20.3,21.1,20.5,18.8,17.0,16.1,62.3,64.1,68.3,72.4,74.1,72.4,68.2,63.7,58.5,60.8,64.2,68.7,73.4,77.3,80.1,77.2,73.4,69.3,65.1,61.2,66.4,68.2,70.1,70.8,70.1,68.3,66.4,65.7,-91.2,-95.4,-97.1,-95.2,-90.9,-86.3,-85.0,-86.9,-89.3,-91.8,-93.4,-94.0,-93.0,-90.8,-87.8,-86.4,-85.9,-85.7,-86.2,-87.3,-89.1,-88.3,-89.0,-90.9,-92.7,-93.6,-92.8,-91.0,-86.7,-91.0,-92.8,-91.1,-86.8,-82.5,-80.7,-82.1,-83.8,-86.6,-88.7,-89.6,-88.9,-87.3,-84.9,-83.0,-81.9,-81.5,-81.8,-82.3,-84.7,-84.0,-84.8,-86.7,-88.5,-89.3,-88.5,-86.6,632.3,633.0,632.6,631.3,630.0,629.5,629.7,631.0,637.1,634.5,631.7,629.8,629.4,629.9,630.7,629.5,628.6,629.1,631.0,633.9,631.8,631.3,631.1,631.4,632.0,632.5,632.7,632.4,600.6,601.8,602.5,602.4,601.5,600.3,599.6,599.9,601.8,600.7,599.8,599.6,601.0,603.3,605.7,602.7,600.2,598.8,598.8,600.2,601.3,601.2,601.5,602.0,602.4,602.5,602.2,601.7,46.1,-52.8,669.6,0.102,0.344,0.023,293.0,292.4,293.3,295.2,297.4,301.2,306.1,312.8,322.2,333.3,344.5,354.9,363.0,368.3,371.1,372.5,373.4,295.5,299.7,305.7,312.0,317.5,331.5,339.0,346.9,354.4,359.8,323.8,322.5,321.2,319.8,314.4,317.6,321.3,326.0,330.3,302.0,305.9,311.0,315.3,310.7,305.6,336.6,341.0,346.5,351.1,346.8,341.4,309.6,313.0,318.1,321.7,326.0,333.1,340.0,333.5,326.8,322.0,318.0,312.9,311.8,318.2,321.8,326.1,337.4,326.5,322.0,318.2,115.8,127.0,138.5,149.5,160.1,169.6,177.5,184.0,186.5,186.0,181.6,174.6,165.5,154.4,142.0,129.2,116.5,102.8,97.6,96.1,97.0,99.6,99.4,96.3,95.7,97.7,102.8,109.1,116.1,123.0,130.2,137.4,138.9,140.0,139.0,137.9,111.9,108.5,108.7,112.2,113.3,113.3,112.3,108.5,108.6,111.8,113.4,113.4,156.0,151.2,149.1,150.2,149.4,151.8,156.2,163.3,165.9,166.2,165.6,162.7,156.1,153.3,153.6,153.4,156.5,160.2,160.4,159.8,-7.0,-8.2,-6.6,-3.3,0.7,7.3,15.7,26.5,41.6,59.8,78.9,97.2,111.3,120.3,124.7,126.8,128.3,-2.5,4.5,14.5,24.7,33.5,55.6,67.6,80.4,92.4,101.3,43.3,40.7,38.3,35.7,28.0,33.0,38.7,46.1,53.0,8.5,14.9,23.3,30.3,22.8,14.4,64.3,71.3,79.9,87.3,80.3,71.8,20.9,26.1,33.9,39.4,46.1,57.8,69.4,58.6,47.6,40.2,33.8,26.0,24.4,34.1,39.6,46.5,65.3,47.3,40.2,34.3,-94.5,-74.5,-54.3,-34.7,-15.8,1.0,14.7,25.2,28.8,28.0,21.0,9.5,-5.8,-24.6,-45.4,-66.8,-88.3,-113.2,-120.8,-121.7,-118.7,-113.3,-112.3,-117.1,-118.0,-114.8,-106.7,-96.8,-84.6,-72.9,-60.8,-51.1,-48.2,-46.1,-47.7,-49.6,-96.5,-101.5,-100.5,-94.1,-92.7,-93.2,-92.1,-98.0,-97.5,-92.3,-89.6,-89.9,-21.6,-28.9,-31.9,-29.9,-31.2,-27.4,-20.6,-9.1,-4.9,-4.5,-5.4,-10.3,-21.4,-25.3,-24.7,-24.9,-20.2,-14.2,-13.8,-14.9,724.6,724.7,725.4,726.2,721.9,713.4,700.9,684.0,673.2,671.8,678.3,685.0,688.0,688.7,687.2,685.5,685.6,697.8,690.1,681.4,672.3,666.0,658.3,656.9,657.3,657.4,658.3,659.6,652.8,646.2,639.5,658.6,653.4,649.5,649.2,649.8,689.7,683.9,679.5,676.2,679.2,683.4,662.9,660.5,658.5,658.9,657.5,659.4,678.3,663.1,654.4,651.1,649.4,652.1,659.1,654.2,652.7,654.8,658.1,666.3,674.4,656.3,652.7,651.0,659.0,653.8,655.7,659.2,0.608,0.033,0.310,0.026,325.351,136.641,-40.961,-13.899,-5.002,17.246,-7.843,-3.964,9.532,2.705,4.001,3.671,-1.312,-0.466,-0.167,-3.890,-0.748,0.672,1.960,-2.586,-2.130,0.403,1.308,-0.369,-0.180,0.791,0.400,-0.306,0.401,0.102,0.046,0.001,-0.009,-0.009,0.023,0.076,0.05,0.00,1.49,0.00,0.92,3.92,0.04,0.63,0.00,0.00,0.00,0.54,0.00,0.00,1.86,1.91,0.11,0.00,0.00,1.00,0.00,1.00,1.00,0.00,0.00,0.00,0.00,0.00,0.00,0.00,0.00,1.00,1.00,0.00,1.00
21,0,2.000,0.98,1,-0.168902,0.145530,-0.974830,-0.321692,0.145867,-0.935541,-0.251,0.151,304.8,306.0,308.7,311.3,312.2,311.2,308.3,305.7,301.7,303.0,305.1,308.0,311.0,313.3,314.9,312.9,310.2,307.5,305.0,303.0,307.4,308.5,309.7,310.2,309.8,308.7,307.5,307.0,339.0,340.1,343.0,345.8,347.1,346.0,343.1,340.0,336.3,338.0,340.3,343.5,346.6,349.1,350.8,349.1,346.7,343.9,341.0,338.3,341.8,343.0,344.3,344.8,344.2,343.0,341.7,341.2,109.7,107.0,105.9,107.0,109.7,112.6,113.5,112.4,111.4,109.5,108.2,107.6,108.2,109.7,111.8,112.6,112.9,113.0,112.9,112.4,111.0,111.5,111.0,109.8,108.7,108.2,108.7,109.8,109.7,106.9,105.7,106.9,109.7,112.6,113.8,112.8,111.9,109.8,108.2,107.6,108.2,109.5,111.5,112.5,113.0,113.1,113.0,112.7,111.1,111.6,111.1,109.9,108.6,108.1,108.6,109.9,11.9,13.8,17.9,21.8,23.3,21.7,17.2,13.3,7.2,9.2,12.5,16.8,21.3,24.8,27.3,24.2,20.1,16.0,12.2,9.2,15.9,17.6,19.4,20.2,19.6,17.9,16.1,15.3,61.0,62.7,66.9,71.1,72.8,71.0,66.8,62.4,57.2,59.5,62.8,67.4,72.1,76.0,78.7,75.9,72.1,67.9,63.7,59.9,65.1,66.9,68.7,69.5,68.8,66.9,65.1,64.3,-90.9,-95.1,-96.8,-94.9,-90.6,-86.0,-84.7,-86.6,-89.0,-91.5,-93.1,-93.8,-92.7,-90.5,-87.5,-86.0,-85.5,-85.4,-85.9,-87.0,-88.8,-88.0,-88.7,-90.5,-92.4,-93.3,-92.5,-90.7,-86.0,-90.3,-92.2,-90.4,-86.2,-81.9,-80.1,-81.4,-83.1,-86.0,-88.1,-89.0,-88.3,-86.7,-84.2,-82.3,-81.3,-80.9,-81.1,-81.6,-84.1,-83.3,-84.1,-86.0,-87.9,-88.6,-87.8,-86.0,625.5,626.1,625.7,624.5,623.1,622.6,622.9,624.2,630.4,627.7,624.9,623.0,622.6,623.0,623.8,622.6,621.8,622.3,624.2,627.2,625.0,624.5,624.3,624.6,625.1,625.7,625.9,625.6,592.4,593.6,594.3,594.1,593.2,592.1,591.4,591.7,593.6,592.5,591.6,591.4,592.7,595.0,597.4,594.5,591.9,590.5,590.6,592.0,593.0,593.0,593.3,593.8,594.2,594.2,593.9,593.4,45.4,-53.6,668.7,0.104,0.346,0.024,292.7,292.1,292.9,294.8,297.0,300.8,305.8,312.5,321.8,332.9,344.1,354.5,362.7,368.1,370.9,372.4,373.3,295.0,299.0,304.9,311.2,316.9,331.2,338.9,346.8,354.3,359.7,323.3,322.0,320.7,319.3,313.9,317.2,320.9,325.5,329.8,301.6,305.4,310.6,314.9,310.3,305.1,336.2,340.7,346.3,350.9,346.6,341.1,309.1,312.5,317.6,321.2,325.5,332.7,339.7,333.2,326.3,321.6,317.5,312.4,311.3,317.7,321.3,325.7,337.1,326.1,321.6,317.7,115.2,126.4,137.8,148.8,159.3,168.8,176.8,183.3,185.8,185.3,181.0,174.1,165.1,154.0,141.7,128.9,116.2,102.5,97.2,95.6,96.4,99.0,98.8,95.8,95.3,97.5,102.6,108.7,115.6,122.4,129.6,136.9,138.3,139.5,138.5,137.4,111.4,108.0,108.2,111.9,112.9,113.0,111.9,108.0,108.2,111.5,113.1,113.0,155.4,150.7,148.5,149.7,148.8,151.3,155.7,162.8,165.4,165.7,165.1,162.1,155.5,152.7,153.0,152.9,155.9,159.7,159.9,159.2,-7.6,-8.7,-7.2,-4.0,0.0,6.6,15.1,25.9,41.0,59.0,78.2,96.4,110.6,119.7,124.2,126.5,128.1,-3.4,3.3,13.2,23.4,32.4,55.1,67.3,80.1,92.2,101.0,42.5,39.9,37.4,34.8,27.3,32.3,37.9,45.2,52.1,7.7,14.1,22.6,29.6,22.1,13.6,63.6,70.6,79.4,86.9,79.8,71.2,20.1,25.2,33.0,38.5,45.3,57.0,68.8,57.9,46.8,39.4,33.0,25.1,23.7,33.2,38.8,45.6,64.6,46.5,39.4,33.4,-95.5,-75.5,-55.4,-36.0,-17.2,-0.4,13.3,24.0,27.7,26.9,19.9,8.5,-6.6,-25.3,-46.0,-67.3,-88.7,-113.6,-121.4,-122.4,-119.5,-114.1,-113.0,-117.6,-118.5,-115.1,-106.9,-97.3,-85.2,-73.6,-61.7,-51.8,-49.0,-46.9,-48.5,-50.2,-97.2,-102.2,-101.2,-94.6,-93.2,-93.7,-92.5,-98.5,-98.0,-92.7,-90.0,-90.3,-22.5,-29.8,-32.8,-30.8,-32.1,-28.2,-21.4,-9.8,-5.7,-5.3,-6.2,-11.2,-22.3,-26.2,-25.5,-25.7,-21.1,-14.9,-14.6,-15.7,724.3,724.3,724.7,725.2,720.9,712.5,700.1,683.4,672.5,671.0,677.4,683.9,686.8,687.5,686.1,684.6,684.9,697.4,689.6,680.7,671.3,664.8,656.9,655.7,656.1,656.3,657.3,658.4,651.7,645.0,638.3,657.6,652.5,648.5,648.2,648.6,689.0,683.1,678.6,675.3,678.3,682.6,661.9,659.5,657.4,657.9,656.4,658.4,677.5,662.2,653.3,649.9,648.1,650.9,658.1,653.2,651.6,653.8,657.2,665.5,673.6,655.3,651.6,649.8,657.9,652.7,654.7,658.2,0.609,0.033,0.313,0.028,324.957,136.135,-39.254,-14.155,-4.380,16.716,-6.739,-5.040,8.524,3.024,4.517,3.530,-2.258,-0.442,0.262,-3.759,-0.640,0.552,2.139,-2.341,-2.025,0.169,1.180,-0.462,-0.358,0.822,0.537,-0.492,0.407,0.096,0.056,-0.008,-0.007,-0.014,0.023,0.064,0.05,0.00,1.45,0.00,0.93,3.85,0.04,0.58,0.00,0.00,0.00,0.48,0.02,0.00,1.91,1.85,0.10,0.00,0.00,1.00,0.00,1.00,1.00,0.00,0.00,0.00,0.00,0.00,0.00,0.00,0.00,1.00,1.00,0.00,1.00
22,0,2.100,0.98,1,-0.167633,0.144761,-0.975163,-0.315656,0.144900,-0.937745,-0.247,0.150,304.7,305.9,308.7,311.3,312.2,311.2,308.3,305.7,301.6,303.0,305.1,307.9,311.0,313.3,314.9,312.9,310.2,307.5,305.0,302.9,307.3,308.5,309.7,310.2,309.8,308.7,307.5,306.9,339.0,340.2,343.0,345.9,347.2,346.0,343.2,340.1,336.3,338.0,340.4,343.6,346.7,349.2,350.9,349.2,346.8,344.0,341.1,338.3,341.8,343.1,344.3,344.8,344.3,343.0,341.8,341.3,109.1,106.4,105.3,106.4,109.1,112.1,113.0,111.9,110.9,108.9,107.7,107.0,107.7,109.2,111.2,112.1,112.3,112.5,112.3,111.9,110.5,111.0,110.5,109.3,108.1,107.6,108.1,109.3,109.2,106.4,105.2,106.4,109.2,112.1,113.3,112.3,111.3,109.2,107.7,107.1,107.7,109.0,111.0,112.0,112.5,112.6,112.5,112.2,110.6,111.1,110.6,109.4,108.1,107.6,108.1,109.4,11.8,13.7,17.8,21.7,23.1,21.6,17.1,13.2,7.1,9.1,12.4,16.6,21.2,24.7,27.2,24.1,20.0,15.9,12.1,9.1,15.8,17.5,19.3,20.1,19.5,17.8,16.0,15.1,60.6,62.3,66.5,70.7,72.4,70.6,66.4,62.0,56.7,59.0,62.4,67.0,71.7,75.5,78.3,75.4,71.7,67.5,63.3,59.5,64.6,66.5,68.3,69.1,68.3,66.5,64.7,63.9,-91.3,-95.5,-97.2,-95.3,-91.0,-86.4,-85.1,-87.0,-89.4,-92.0,-93.5,-94.2,-93.1,-90.9,-87.9,-86.4,-86.0,-85.8,-86.3,-87.4,-89.2,-88.4,-89.1,-91.0,-92.9,-93.7,-93.0,-91.1,-86.1,-90.4,-92.3,-90.5,-86.3,-82.0,-80.2,-81.5,-83.2,-86.1,-88.2,-89.1,-88.4,-86.8,-84.3,-82.4,-81.4,-81.0,-81.2,-81.7,-84.2,-83.4,-84.2,-86.1,-88.0,-88.7,-87.9,-86.0,622.6,623.2,622.8,621.5,620.2,619.7,620.0,621.3,627.5,624.8,622.0,620.1,619.7,620.1,620.9,619.7,618.9,619.4,621.3,624.3,622.1,621.6,621.4,621.7,622.2,622.8,623.0,622.7,587.8,589.0,589.8,589.7,588.8,587.6,586.8,587.1,588.9,587.9,587.0,586.9,588.3,590.6,593.0,590.0,587.5,586.0,586.0,587.4,588.5,588.4,588.8,589.3,589.7,589.7,589.4,588.9,45.3,-54.3,667.1,0.104,0.339,0.025,292.7,292.0,292.9,294.7,296.9,300.7,305.7,312.5,322.1,333.2,344.4,354.7,362.8,368.1,370.8,372.3,373.2,295.0,298.9,305.0,311.4,317.1,330.9,338.6,346.7,354.3,359.8,323.3,322.0,320.7,319.3,313.9,317.2,320.9,325.6,329.9,301.5,305.4,310.6,314.9,310.3,305.1,336.2,340.8,346.3,351.0,346.6,341.2,308.9,312.4,317.5,321.2,325.6,332.9,339.9,333.3,326.4,321.6,317.4,312.3,311.2,317.6,321.3,325.7,337.3,326.1,321.6,317.7,114.6,125.8,137.0,148.0,158.5,168.0,176.1,182.8,185.3,184.8,180.4,173.6,164.6,153.6,141.3,128.6,116.0,102.1,96.6,95.0,95.8,98.5,98.4,95.2,94.8,97.0,102.3,108.1,115.0,121.8,129.0,136.3,137.8,138.9,137.9,136.9,110.9,107.4,107.6,111.3,112.4,112.4,111.4,107.5,107.7,111.0,112.6,112.5,154.9,150.1,148.0,149.2,148.3,150.8,155.2,162.4,165.0,165.3,164.7,161.7,154.9,152.2,152.5,152.4,155.4,159.2,159.4,158.8,-7.7,-8.8,-7.3,-4.1,-0.2,6.4,15.0,25.9,41.2,59.4,78.6,96.7,110.7,119.7,124.1,126.3,127.9,-3.5,3.3,13.2,23.6,32.7,54.5,66.7,79.8,92.1,101.0,42.4,39.8,37.3,34.7,27.2,32.3,37.9,45.2,52.2,7.6,14.0,22.5,29.6,22.1,13.5,63.4,70.6,79.4,87.0,79.8,71.2,19.8,24.9,32.8,38.4,45.3,57.1,69.1,58.0,46.8,39.3,32.8,24.9,23.4,33.1,38.7,45.7,64.9,46.5,39.3,33.3,-96.3,-76.6,-56.7,-37.3,-18.5,-1.7,12.2,23.0,26.8,25.9,18.9,7.6,-7.5,-26.0,-46.5,-67.7,-89.0,-114.1,-122.0,-123.1,-120.1,-114.5,-113.5,-118.3,-119.2,-115.7,-107.4,-98.0,-86.0,-74.3,-62.4,-52.5,-49.8,-47.6,-49.2,-51.0,-97.9,-102.9,-101.9,-95.3,-93.9,-94.5,-93.2,-99.2,-98.7,-93.4,-90.7,-91.0,-23.4,-30.5,-33.5,-31.5,-32.8,-28.9,-22.2,-10.5,-6.4,-5.9,-6.9,-11.9,-23.2,-26.9,-26.2,-26.4,-21.8,-15.6,-15.3,-16.4,723.2,723.0,723.4,724.0,719.8,711.4,698.8,681.7,671.0,669.8,676.5,683.3,686.4,687.3,686.0,684.5,684.9,696.0,688.2,679.1,669.5,663.0,655.6,654.4,655.1,655.6,656.9,656.9,650.0,643.1,636.2,655.9,650.8,646.8,646.5,647.1,687.5,681.7,677.3,674.0,677.0,681.2,660.8,658.6,656.6,657.1,655.6,657.5,676.0,660.4,651.5,648.2,646.5,649.4,656.9,651.7,650.0,652.1,655.4,663.8,672.1,653.5,649.9,648.2,656.7,651.1,653.0,656.5,0.610,0.032,0.305,0.028,324.974,135.612,-36.493,-13.589,-3.517,17.759,-7.422,-5.129,8.616,4.020,4.736,4.575,-2.300,-1.091,-0.211,-3.586,-1.290,0.772,2.051,-1.942,-1.946,0.258,1.055,-0.367,-0.296,0.906,0.322,-0.577,0.346,0.090,0.069,-0.005,0.003,-0.013,0.011,0.067,0.00,0.00,1.37,0.00,0.84,3.68,0.06,0.51,0.00,0.00,0.00,0.39,0.02,0.00,1.90,1.66,0.15,0.00,0.00,1.00,0.00,1.00,1.00,0.00,0.00,0.00,0.00,0.00,0.00,0.00,0.00,1.00,1.00,0.00,1.00
23,0,2.200,0.98,1,-0.163927,0.140266,-0.976449,-0.317523,0.140654,-0.937761,-0.246,0.146,304.8,306.0,308.7,311.3,312.2,311.2,308.3,305.8,301.8,303.1,305.2,308.0,311.0,313.3,314.9,312.9,310.3,307.5,305.1,303.1,307.4,308.5,309.7,310.2,309.8,308.7,307.5,307.0,338.9,340.1,342.9,345.7,346.9,345.8,343.0,340.0,336.3,337.9,340.3,343.4,346.5,349.0,350.6,349.0,346.6,343.9,341.0,338.3,341.7,342.9,344.2,344.7,344.1,342.9,341.6,341.2,109.2,106.5,105.4,106.5,109.2,112.1,113.0,111.9,110.9,109.0,107.7,107.1,107.7,109.2,111.2,112.1,112.4,112.5,112.4,111.9,110.5,111.0,110.5,109.3,108.2,107.7,108.2,109.3,109.2,106.3,105.1,106.3,109.1,112.0,113.1,112.2,111.3,109.2,107.7,107.0,107.6,108.9,110.8,111.9,112.4,112.5,112.4,112.1,110.5,111.0,110.5,109.3,108.0,107.5,108.1,109.3,12.0,13.9,18.0,22.0,23.4,21.8,17.4,13.5,7.4,9.4,12.6,16.9,21.5,25.0,27.5,24.4,20.3,16.2,12.4,9.4,16.1,17.8,19.6,20.4,19.8,18.0,16.2,15.4,61.3,63.0,67.2,71.4,73.1,71.3,67.2,62.7,57.5,59.8,63.1,67.7,72.4,76.3,79.0,76.2,72.4,68.3,64.1,60.2,65.4,67.2,69.0,69.8,69.1,67.2,65.4,64.6,-92.2,-96.4,-98.1,-96.2,-91.9,-87.3,-86.0,-87.9,-90.3,-92.8,-94.4,-95.1,-94.0,-91.8,-88.8,-87.3,-86.8,-86.6,-87.1,-88.3,-90.1,-89.3,-90.0,-91.9,-93.7,-94.6,-93.8,-92.0,-87.5,-91.8,-93.6,-91.9,-87.6,-83.3,-81.5,-82.9,-84.5,-87.4,-89.5,-90.5,-89.7,-88.2,-85.7,-83.8,-82.7,-82.3,-82.5,-83.0,-85.5,-84.8,-85.6,-87.5,-89.3,-90.1,-89.3,-87.4,629.2,629.8,629.3,628.1,626.8,626.3,626.7,627.9,634.1,631.4,628.6,626.6,626.2,626.7,627.5,626.3,625.5,626.0,627.9,630.9,628.7,628.2,628.0,628.2,628.8,629.3,629.5,629.3,596.4,597.5,598.2,598.0,597.2,596.0,595.3,595.7,597.6,596.5,595.5,595.3,596.6,599.0,601.4,598.4,595.9,594.5,594.6,595.9,597.0,596.9,597.2,597.7,598.1,598.2,597.9,597.4,45.9,-56.3,678.1,0.096,0.330,0.029,292.6,291.9,292.7,294.4,296.5,300.1,305.2,312.1,321.6,332.7,343.9,354.3,362.6,368.0,370.8,372.3,373.2,295.2,299.2,305.3,311.6,317.2,330.9,338.5,346.4,353.9,359.5,323.3,322.1,320.8,319.5,314.2,317.4,321.1,325.5,329.7,301.7,305.4,310.6,314.9,310.3,305.2,336.2,340.6,346.1,350.8,346.5,341.1,309.4,312.9,317.8,321.3,325.5,332.3,338.9,332.7,326.3,321.7,317.7,312.8,311.6,317.9,321.4,325.6,336.4,325.9,321.6,317.9,114.8,125.6,136.5,147.1,157.3,166.5,174.3,180.7,183.1,182.8,178.8,172.4,163.9,153.1,141.0,128.4,115.8,101.8,96.7,95.3,96.1,98.7,98.5,95.4,94.8,96.9,101.9,108.3,115.0,121.6,128.6,135.9,137.3,138.4,137.4,136.4,110.9,107.5,107.7,111.3,112.4,112.5,111.4,107.4,107.6,110.8,112.5,112.5,154.3,149.5,147.4,148.5,147.6,150.1,154.4,160.7,163.0,163.3,162.8,160.2,154.2,151.5,151.8,151.6,154.5,157.4,157.6,157.1,-7.9,-9.1,-7.7,-4.7,-0.9,5.5,14.3,25.6,41.1,59.5,79.0,97.6,112.3,121.7,126.3,128.6,130.2,-3.2,3.8,14.0,24.3,33.3,55.4,67.7,80.8,93.1,102.3,43.1,40.7,38.3,35.8,28.1,33.2,38.9,46.0,52.8,8.0,14.3,23.0,30.1,22.5,13.9,64.6,71.6,80.5,88.2,80.9,72.3,20.8,26.1,33.8,39.3,45.9,57.2,68.6,58.0,47.4,40.1,33.8,26.1,24.4,34.0,39.5,46.2,64.3,46.9,40.0,34.2,-97.5,-78.1,-58.5,-39.5,-20.9,-4.4,9.2,19.8,23.6,23.0,16.5,5.8,-8.8,-27.3,-48.0,-69.4,-90.9,-116.5,-124.0,-124.8,-121.7,-116.2,-115.3,-120.2,-121.2,-117.9,-109.9,-99.6,-87.6,-76.1,-64.3,-54.1,-51.4,-49.4,-50.9,-52.6,-99.5,-104.5,-103.6,-96.9,-95.4,-96.0,-95.0,-101.1,-100.6,-95.4,-92.5,-92.7,-24.7,-32.0,-35.1,-33.2,-34.5,-30.6,-23.8,-13.4,-9.7,-9.3,-10.2,-14.6,-24.6,-28.5,-27.9,-28.0,-23.6,-18.8,-18.5,-19.5,733.9,733.7,734.1,734.9,731.0,722.5,709.5,692.2,681.3,680.3,687.3,694.7,698.6,700.0,699.0,697.4,697.4,707.6,699.6,690.7,681.3,674.9,667.2,666.0,666.7,667.1,668.4,668.9,662.2,655.4,648.7,667.5,662.6,658.9,658.5,658.9,699.4,693.5,688.9,685.8,688.7,693.0,672.6,670.2,668.4,669.1,667.5,669.2,685.3,670.6,662.6,659.4,657.8,660.5,667.3,662.3,660.6,662.8,665.9,673.6,681.3,664.5,661.0,659.3,667.0,661.8,663.7,667.0,0.600,0.023,0.295,0.032,324.902,134.985,-33.223,-17.107,-9.179,14.939,-7.251,-5.179,8.927,4.191,4.574,4.429,-1.426,-0.927,-0.245,-3.446,-0.168,0.711,1.525,-2.571,-2.267,0.615,1.250,0.077,-0.636,0.797,0.376,-0.545,0.391,0.021,0.022,-0.009,0.046,-0.003,0.015,0.057,0.12,0.00,1.35,0.00,0.72,3.48,0.05,0.26,0.00,0.00,0.21,0.23,0.02,0.00,1.52,1.12,0.10,0.00,0.00,1.00,0.00,1.00,1.00,0.00,0.00,0.00,0.00,0.00,0.00,0.00,0.00,1.00,1.00,0.00,1.00
24,0,2.300,0.98,1,-0.163555,0.134681,-0.977298,-0.314117,0.134479,-0.939812,-0.244,0.139,304.6,305.8,308.5,311.1,312.0,311.0,308.1,305.6,301.6,302.9,305.0,307.8,310.8,313.1,314.7,312.7,310.0,307.3,304.9,302.9,307.2,308.3,309.5,310.1,309.6,308.5,307.3,306.8,338.8,339.9,342.7,345.6,346.8,345.7,342.9,339.8,336.1,337.8,340.1,343.3,346.4,348.9,350.5,348.8,346.5,343.7,340.8,338.1,341.6,342.8,344.0,344.5,344.0,342.7,341.5,341.0,109.6,106.9,105.7,106.9,109.6,112.5,113.4,112.3,111.2,109.3,108.0,107.4,108.1,109.6,111.7,112.6,112.8,113.0,112.8,112.3,110.9,111.4,110.9,109.7,108.5,108.0,108.5,109.7,109.7,106.8,105.7,106.8,109.7,112.5,113.7,112.8,111.8,109.7,108.1,107.5,108.1,109.5,111.4,112.5,113.0,113.1,113.0,112.7,111.1,111.6,111.1,109.8,108.6,108.1,108.6,109.8,11.6,13.5,17.6,21.5,22.9,21.4,17.0,13.1,7.1,9.1,12.2,16.4,21.0,24.5,27.0,23.9,19.8,15.7,12.0,9.0,15.6,17.3,19.1,20.0,19.3,17.6,15.8,15.0,60.9,62.6,66.8,70.9,72.6,70.9,66.7,62.3,57.1,59.3,62.7,67.3,71.9,75.8,78.6,75.7,72.0,67.8,63.6,59.8,64.9,66.7,68.6,69.3,68.6,66.8,65.0,64.2,-91.0,-95.2,-96.9,-94.9,-90.6,-86.1,-84.8,-86.7,-89.2,-91.8,-93.3,-93.9,-92.8,-90.6,-87.5,-86.0,-85.5,-85.4,-85.9,-87.1,-88.9,-88.1,-88.8,-90.7,-92.5,-93.4,-92.7,-90.8,-86.4,-90.7,-92.5,-90.7,-86.5,-82.2,-80.4,-81.8,-83.5,-86.4,-88.5,-89.4,-88.6,-87.1,-84.6,-82.6,-81.5,-81.1,-81.3,-81.9,-84.4,-83.7,-84.5,-86.3,-88.2,-89.0,-88.2,-86.3,625.0,625.4,624.8,623.5,622.3,622.0,622.4,623.7,630.0,627.2,624.3,622.3,621.8,622.2,623.0,621.9,621.2,621.8,623.8,626.8,624.5,623.9,623.6,623.8,624.4,624.9,625.2,625.0,594.0,595.1,595.8,595.7,594.8,593.8,593.1,593.4,595.2,594.1,593.2,593.0,594.3,596.7,599.1,596.2,593.7,592.3,592.3,593.7,594.7,594.6,594.9,595.4,595.7,595.8,595.5,595.0,45.9,-56.8,682.1,0.085,0.324,0.032,292.5,291.8,292.6,294.1,296.1,299.7,304.9,311.9,321.5,332.8,344.2,354.7,362.8,368.0,370.7,372.1,373.0,295.0,299.1,305.3,311.6,317.3,330.6,338.2,346.1,353.6,359.2,323.3,322.1,320.9,319.6,314.1,317.4,321.0,325.4,329.6,301.5,305.2,310.4,314.7,310.1,304.9,336.0,340.5,346.0,350.6,346.4,340.9,309.1,312.9,317.6,321.1,325.2,331.6,338.0,331.8,325.7,321.2,317.3,312.7,311.3,317.6,321.1,325.3,335.3,325.4,321.1,317.5,114.9,125.5,136.3,146.9,157.0,166.0,173.4,179.3,181.5,181.2,177.5,171.5,163.2,152.6,140.8,128.5,116.2,102.2,97.0,95.6,96.4,99.1,98.8,95.8,95.3,97.3,102.4,108.7,115.5,122.2,129.1,136.4,137.8,138.9,138.0,137.0,111.2,107.8,108.0,111.7,112.9,112.9,111.8,107.9,108.1,111.4,113.1,113.1,154.4,149.9,147.8,148.9,148.1,150.5,154.6,159.3,160.9,161.1,160.6,158.8,154.3,152.0,152.3,152.2,154.6,155.4,155.6,155.1,-8.2,-9.4,-8.0,-5.2,-1.6,4.9,13.8,25.3,41.2,60.0,80.0,99.0,113.8,123.0,127.5,129.7,131.2,-3.5,3.7,14.1,24.6,33.9,55.3,67.7,80.9,93.3,102.7,43.5,41.1,38.6,36.1,28.2,33.5,39.1,46.2,53.0,7.8,14.1,22.8,29.9,22.3,13.6,64.8,72.0,81.0,88.7,81.4,72.6,20.5,26.2,33.6,39.1,45.8,56.4,67.4,56.7,46.6,39.4,33.2,26.0,24.0,33.7,39.3,46.1,62.9,46.3,39.4,33.6,-98.3,-78.9,-59.3,-40.1,-21.7,-5.3,7.7,17.6,21.0,20.5,14.4,4.2,-10.1,-28.3,-48.8,-69.9,-91.1,-116.7,-124.4,-125.2,-122.0,-116.4,-115.6,-120.3,-121.3,-118.1,-109.9,-99.6,-87.5,-75.8,-63.9,-53.7,-51.0,-49.0,-50.4,-52.1,-99.7,-104.7,-103.7,-96.9,-95.3,-95.8,-94.9,-101.1,-100.5,-95.3,-92.2,-92.5,-24.7,-31.5,-34.6,-32.6,-34.0,-30.1,-23.7,-15.9,-13.2,-12.9,-13.7,-17.0,-24.7,-27.8,-27.2,-27.4,-23.7,-22.1,-21.9,-22.8,740.9,740.6,740.9,741.4,737.2,727.8,713.6,695.5,684.7,684.4,692.3,700.5,705.2,707.0,706.2,704.3,704.2,712.8,704.7,695.5,686.0,679.3,672.1,670.9,671.8,672.3,673.8,674.0,667.2,660.3,653.5,672.4,667.6,663.9,663.4,663.8,704.2,698.0,693.4,690.4,693.2,697.6,677.9,675.5,673.8,674.8,673.0,674.6,687.5,673.6,666.7,663.7,662.1,664.7,671.1,665.3,663.2,665.1,668.2,675.5,683.3,668.4,665.1,663.6,670.2,664.6,666.2,669.5,0.596,0.014,0.288,0.035,324.694,134.884,-22.242,-15.138,-17.321,12.240,-7.983,-2.294,7.653,3.587,2.504,5.391,-1.844,-0.736,-0.226,-2.089,-0.233,0.801,1.018,-2.458,-1.682,0.156,0.831,0.269,-0.825,0.380,0.136,-0.793,0.349,0.074,0.024,-0.008,0.094,-0.003,-0.005,0.033,0.13,0.00,1.30,0.00,0.59,3.29,0.08,0.09,0.00,0.00,0.47,0.09,0.00,0.00,1.10,0.48,0.05,0.00,0.00,1.00,0.00,1.00,1.00,0.00,0.00,0.00,0.00,0.00,0.00,0.00,0.00,0.00,0.00,0.00,1.00
25,0,2.400,0.98,1,-0.161824,0.138022,-0.977120,-0.311426,0.137916,-0.940209,-0.242,0.143,304.1,305.3,308.0,310.6,311.6,310.6,307.7,305.1,301.1,302.4,304.5,307.3,310.3,312.6,314.2,312.2,309.6,306.8,304.4,302.4,306.8,307.9,309.1,309.6,309.2,308.0,306.9,306.3,338.4,339.5,342.3,345.2,346.4,345.3,342.5,339.4,335.7,337.3,339.7,342.9,346.0,348.5,350.1,348.5,346.1,343.3,340.4,337.7,341.1,342.4,343.6,344.1,343.6,342.3,341.1,340.6,110.4,107.7,106.6,107.7,110.4,113.3,114.2,113.1,112.1,110.2,108.9,108.3,108.9,110.4,112.5,113.4,113.7,113.8,113.7,113.1,111.7,112.2,111.7,110.5,109.3,108.9,109.4,110.5,110.4,107.5,106.3,107.5,110.4,113.2,114.4,113.5,112.5,110.4,108.9,108.2,108.8,110.1,112.1,113.1,113.7,113.8,113.7,113.4,111.8,112.3,111.8,110.5,109.3,108.7,109.3,110.5,10.9,12.8,16.9,20.8,22.2,20.7,16.3,12.4,6.4,8.3,11.5,15.7,20.3,23.8,26.3,23.3,19.2,15.0,11.3,8.3,14.9,16.7,18.4,19.3,18.6,16.9,15.1,14.3,60.1,61.8,66.0,70.2,71.9,70.1,66.0,61.5,56.3,58.6,61.9,66.5,71.2,75.1,77.8,75.0,71.2,67.1,62.9,59.0,64.2,66.0,67.8,68.6,67.8,66.0,64.2,63.4,-89.8,-94.0,-95.7,-93.8,-89.5,-84.9,-83.6,-85.5,-88.0,-90.5,-92.0,-92.7,-91.6,-89.4,-86.4,-84.9,-84.3,-84.2,-84.7,-85.9,-87.7,-86.9,-87.6,-89.5,-91.4,-92.2,-91.5,-89.6,-85.1,-89.4,-91.3,-89.5,-85.3,-81.0,-79.1,-80.5,-82.2,-85.1,-87.2,-88.1,-87.4,-85.9,-83.4,-81.4,-80.3,-79.9,-80.1,-80.7,-83.2,-82.5,-83.2,-85.1,-87.0,-87.8,-86.9,-85.1,625.5,626.0,625.4,624.1,622.9,622.6,623.1,624.3,630.6,627.8,624.9,622.8,622.3,622.8,623.6,622.5,621.8,622.4,624.4,627.4,625.0,624.5,624.2,624.4,624.9,625.5,625.8,625.6,592.5,593.6,594.3,594.2,593.4,592.3,591.7,591.9,593.7,592.6,591.7,591.5,592.8,595.2,597.7,594.8,592.2,590.8,590.9,592.2,593.2,593.2,593.5,593.9,594.3,594.3,594.0,593.6,45.3,-56.0,683.3,0.090,0.320,0.029,292.1,291.5,292.2,293.7,295.6,299.3,304.5,311.5,321.3,332.6,344.0,354.6,362.7,367.9,370.5,371.8,372.7,294.5,298.4,304.5,310.9,316.7,330.0,337.7,345.7,353.3,358.9,322.8,321.6,320.4,319.1,313.7,317.1,320.7,325.1,329.2,301.0,304.8,309.9,314.2,309.7,304.5,335.6,340.1,345.6,350.3,346.0,340.5,308.8,312.5,317.2,320.7,324.9,331.3,337.9,331.5,325.3,320.8,316.9,312.4,311.0,317.2,320.8,325.0,335.2,325.0,320.8,317.1,115.4,125.9,136.5,146.9,157.0,166.0,173.4,179.5,181.7,181.4,177.7,171.7,163.4,152.9,141.1,128.8,116.5,103.3,98.0,96.5,97.3,99.9,99.6,96.6,96.0,98.1,103.3,109.5,116.3,122.9,129.9,137.1,138.5,139.6,138.7,137.7,112.1,108.7,108.8,112.5,113.7,113.8,112.6,108.7,108.8,112.0,113.8,113.8,154.9,150.6,148.6,149.7,148.8,151.2,155.1,159.6,161.1,161.2,160.8,159.0,154.8,152.8,153.1,152.9,155.1,155.7,155.9,155.3,-8.9,-10.1,-8.8,-6.1,-2.5,4.0,13.1,24.8,40.8,59.8,80.0,99.2,114.0,123.2,127.6,129.6,131.0,-4.3,2.5,12.9,23.5,32.9,54.5,67.0,80.4,92.9,102.4,42.6,40.3,37.9,35.5,27.6,32.9,38.6,45.8,52.6,7.0,13.3,22.0,29.2,21.6,12.9,64.2,71.4,80.4,88.3,80.9,72.1,19.9,25.7,33.1,38.7,45.3,56.1,67.4,56.3,46.1,38.8,32.7,25.6,23.5,33.2,38.8,45.6,62.9,45.7,38.8,33.1,-97.4,-78.3,-59.1,-40.2,-21.8,-5.4,7.8,17.9,21.4,20.9,14.8,4.7,-9.6,-27.9,-48.4,-69.5,-90.8,-115.0,-122.9,-123.8,-120.7,-115.2,-114.4,-119.2,-120.3,-117.1,-108.8,-98.4,-86.4,-74.7,-62.8,-52.6,-49.9,-48.0,-49.4,-51.1,-98.4,-103.4,-102.5,-95.7,-94.1,-94.6,-93.9,-100.1,-99.6,-94.4,-91.3,-91.5,-23.8,-30.4,-33.4,-31.4,-32.8,-29.1,-22.9,-15.4,-12.9,-12.7,-13.5,-16.5,-23.9,-26.6,-26.0,-26.2,-22.9,-21.7,-21.5,-22.5,742.3,741.8,742.2,742.8,739.0,730.0,715.9,697.5,686.5,686.2,694.4,703.0,707.9,709.7,708.8,706.7,706.5,714.6,706.3,696.9,687.3,680.5,673.2,672.0,673.0,673.6,675.3,675.1,668.3,661.4,654.6,673.8,669.1,665.3,664.9,665.3,705.7,699.5,694.9,691.9,694.7,699.0,679.2,676.9,675.2,676.2,674.4,676.0,689.3,675.1,668.1,665.2,663.5,666.3,673.0,666.6,664.4,666.2,669.4,676.9,685.0,669.9,666.5,665.0,671.9,665.7,667.4,670.7,0.595,0.020,0.284,0.032,324.311,135.448,-18.726,-16.824,-17.753,11.555,-8.512,-1.921,5.831,3.441,2.915,5.809,-2.591,-0.637,-0.160,-2.287,-0.319,1.183,1.085,-2.102,-1.619,0.129,0.709,0.151,-0.571,0.252,0.276,-0.845,0.263,0.089,0.045,-0.028,0.107,-0.023,-0.026,0.041,0.21,0.05,1.18,0.00,0.52,3.12,0.06,0.01,0.00,0.00,0.57,0.02,0.00,0.00,0.83,0.12,0.07,0.00,0.00,1.00,0.00,1.00,1.00,0.00,0.00,0.00,0.00,0.00,0.00,0.00,0.00,0.00,0.00,0.00,0.00
26,0,2.500,0.98,1,-0.169751,0.160842,-0.972273,-0.316814,0.163693,-0.934255,-0.250,0.169,303.4,304.6,307.3,309.8,310.8,309.9,307.0,304.4,300.5,301.7,303.8,306.5,309.6,311.9,313.6,311.6,308.9,306.1,303.7,301.8,306.1,307.2,308.4,308.9,308.4,307.3,306.2,305.6,337.6,338.7,341.5,344.4,345.7,344.6,341.7,338.7,335.0,336.6,338.9,342.1,345.2,347.7,349.4,347.7,345.3,342.6,339.7,337.0,340.4,341.6,342.9,343.4,342.8,341.6,340.3,339.8,112.8,110.0,108.9,110.0,112.7,115.7,116.6,115.5,114.3,112.4,111.2,110.6,111.2,112.7,114.8,115.7,116.1,116.3,116.1,115.5,114.0,114.5,114.0,112.8,111.6,111.1,111.7,112.9,112.6,109.8,108.5,109.7,112.5,115.4,116.6,115.7,114.8,112.6,111.1,110.4,111.0,112.2,114.2,115.3,115.9,116.1,116.0,115.7,114.0,114.5,114.0,112.7,111.4,110.9,111.5,112.7,9.8,11.6,15.6,19.5,21.0,19.5,15.1,11.3,5.4,7.2,10.3,14.5,19.0,22.6,25.2,22.1,18.0,13.9,10.2,7.3,13.8,15.5,17.3,18.1,17.4,15.7,14.0,13.2,58.9,60.6,64.8,68.9,70.7,69.0,64.8,60.4,55.2,57.4,60.7,65.3,70.0,73.9,76.6,73.8,70.1,65.9,61.7,57.9,63.0,64.8,66.6,67.4,66.6,64.8,63.0,62.2,-85.7,-89.9,-91.6,-89.7,-85.4,-80.9,-79.6,-81.4,-84.0,-86.5,-88.0,-88.6,-87.6,-85.4,-82.4,-80.8,-80.2,-80.0,-80.6,-81.8,-83.7,-82.9,-83.6,-85.4,-87.3,-88.1,-87.4,-85.6,-81.8,-86.1,-87.9,-86.2,-82.0,-77.7,-75.9,-77.2,-78.9,-81.8,-83.9,-84.9,-84.2,-82.7,-80.2,-78.1,-77.0,-76.5,-76.7,-77.3,-79.9,-79.2,-80.0,-81.9,-83.7,-84.4,-83.6,-81.7,622.0,622.3,621.6,620.2,619.1,619.0,619.6,620.9,627.2,624.3,621.3,619.1,618.6,619.0,619.8,618.9,618.3,619.0,621.0,624.1,621.5,620.9,620.6,620.7,621.2,621.8,622.1,622.0,591.9,592.8,593.5,593.4,592.7,591.7,591.1,591.3,593.1,592.0,591.0,590.7,592.1,594.5,597.0,594.1,591.6,590.2,590.3,591.6,592.6,592.5,592.8,593.2,593.5,593.6,593.3,592.9,44.6,-51.3,679.8,0.130,0.331,0.009,291.7,291.2,292.1,293.9,296.0,299.7,304.9,311.9,321.6,332.9,344.2,354.7,362.8,367.8,370.4,371.5,372.1,293.9,297.7,303.7,310.1,315.8,329.1,336.7,344.8,352.3,357.9,322.0,320.9,319.8,318.6,313.4,316.7,320.4,324.7,328.9,300.4,304.0,309.2,313.5,309.0,303.8,334.9,339.2,344.8,349.5,345.3,339.8,308.9,312.5,317.1,320.6,324.6,331.2,337.8,331.5,325.3,320.8,317.0,312.5,311.1,317.2,320.7,324.8,335.1,324.9,320.7,317.1,117.4,127.9,138.5,148.9,159.0,168.3,176.2,182.7,185.2,184.7,180.4,173.7,165.0,154.2,142.3,129.9,117.6,105.0,99.8,98.4,99.3,102.0,101.7,98.5,97.8,99.8,104.9,112.0,119.0,125.9,133.0,140.2,141.6,142.7,141.7,140.6,114.4,110.9,111.1,114.9,116.2,116.2,114.8,110.8,110.9,114.1,116.0,116.1,158.1,154.0,151.9,153.0,152.1,154.4,158.2,163.1,164.8,165.0,164.5,162.6,158.1,156.1,156.4,156.3,158.2,159.3,159.5,158.9,-9.5,-10.4,-8.8,-5.6,-1.8,4.8,13.8,25.4,41.3,60.2,80.0,99.0,113.5,122.3,126.3,127.8,128.7,-5.4,1.2,11.3,21.8,31.1,52.5,64.8,77.9,90.3,99.7,41.0,38.8,36.6,34.4,26.9,32.2,37.9,44.9,51.7,5.8,11.9,20.6,27.8,20.3,11.6,62.5,69.4,78.4,86.2,79.0,70.3,20.0,25.5,32.8,38.2,44.7,55.5,67.0,56.1,45.9,38.8,32.8,25.6,23.5,33.0,38.5,45.1,62.5,45.3,38.6,32.9,-93.1,-74.1,-55.1,-36.4,-18.0,-1.2,12.6,23.5,27.2,26.3,19.3,8.1,-6.9,-25.5,-46.0,-67.0,-88.1,-111.0,-118.6,-119.4,-116.2,-110.7,-110.0,-114.9,-116.1,-112.9,-104.9,-93.5,-81.3,-69.4,-57.3,-47.3,-44.6,-42.7,-44.2,-46.0,-93.8,-98.7,-97.7,-91.0,-89.3,-89.8,-89.4,-95.6,-95.1,-90.1,-86.8,-86.9,-18.3,-24.8,-27.8,-25.9,-27.3,-23.8,-17.8,-9.6,-6.8,-6.6,-7.3,-10.6,-18.3,-21.0,-20.4,-20.7,-17.6,-15.7,-15.5,-16.5,736.0,736.5,737.5,738.8,735.5,727.3,714.4,696.9,685.7,684.8,691.9,699.5,703.4,704.3,702.8,700.0,698.9,708.0,699.6,690.2,680.8,674.5,666.8,665.2,665.9,666.3,668.0,669.4,663.1,656.8,650.5,670.0,665.4,661.7,661.1,661.3,700.2,693.8,689.1,686.2,689.3,693.8,673.1,670.5,668.7,669.8,668.2,669.9,686.6,672.2,665.1,662.1,660.3,663.1,669.9,664.2,662.2,664.2,667.3,674.7,682.3,667.1,663.8,662.1,669.0,663.1,664.9,668.2,0.599,0.064,0.296,0.014,323.996,138.044,-24.466,-16.937,-18.367,13.968,-8.099,-2.747,6.076,2.971,2.466,6.386,-2.905,-0.075,-0.965,-2.926,-0.227,0.612,1.166,-2.691,-1.023,0.103,0.362,0.230,-0.321,0.235,0.062,-0.873,0.379,0.133,0.050,-0.040,0.079,-0.022,0.004,0.047,0.09,0.06,1.10,0.00,0.53,3.04,0.03,0.05,0.00,0.00,0.48,0.00,0.00,0.00,0.90,0.26,0.10,0.00,0.00,1.00,0.00,1.00,1.00,0.00,0.00,0.00,0.00,0.00,0.00,0.00,0.00,0.00,0.00,0.00,0.00
27,0,2.600,0.98,1,-0.169009,0.157528,-0.972944,-0.317602,0.160615,-0.934522,-0.250,0.165,303.1,304.3,306.9,309.5,310.5,309.6,306.7,304.1,300.2,301.5,303.5,306.3,309.2,311.6,313.2,311.2,308.6,305.9,303.5,301.5,305.8,306.9,308.0,308.6,308.1,307.0,305.8,305.3,337.1,338.2,341.0,343.9,345.1,344.0,341.3,338.2,334.5,336.1,338.4,341.6,344.7,347.1,348.8,347.2,344.8,342.1,339.2,336.5,339.9,341.2,342.4,342.8,342.3,341.0,339.8,339.4,113.5,110.7,109.6,110.7,113.3,116.3,117.2,116.1,115.1,113.2,111.9,111.3,111.9,113.3,115.4,116.3,116.7,116.9,116.7,116.2,114.7,115.2,114.7,113.5,112.3,111.8,112.4,113.5,113.1,110.2,109.0,110.1,112.9,115.8,117.0,116.1,115.2,113.1,111.5,110.8,111.4,112.6,114.5,115.7,116.3,116.5,116.4,116.1,114.4,114.9,114.4,113.1,111.9,111.4,111.9,113.2,9.5,11.3,15.3,19.2,20.7,19.3,14.9,11.0,5.0,6.9,10.0,14.2,18.8,22.3,24.9,21.8,17.7,13.6,10.0,7.0,13.5,15.2,17.0,17.8,17.1,15.4,13.6,12.9,58.7,60.4,64.5,68.7,70.5,68.8,64.6,60.2,55.0,57.2,60.5,65.0,69.7,73.7,76.4,73.7,69.9,65.8,61.6,57.8,62.8,64.6,66.5,67.2,66.4,64.6,62.8,62.0,-85.6,-89.8,-91.5,-89.7,-85.4,-80.9,-79.5,-81.3,-83.8,-86.3,-87.9,-88.6,-87.6,-85.4,-82.3,-80.7,-80.1,-79.9,-80.4,-81.6,-83.6,-82.8,-83.5,-85.4,-87.2,-88.1,-87.3,-85.5,-81.8,-86.1,-88.0,-86.3,-82.1,-77.8,-75.9,-77.3,-78.8,-81.8,-84.0,-85.0,-84.3,-82.8,-80.3,-78.2,-77.1,-76.6,-76.7,-77.3,-79.9,-79.2,-80.0,-81.9,-83.8,-84.5,-83.7,-81.8,628.8,629.2,628.5,627.2,626.0,625.9,626.4,627.7,634.0,631.1,628.1,626.0,625.5,625.9,626.8,625.8,625.1,625.8,627.8,630.8,628.3,627.7,627.5,627.6,628.1,628.7,629.0,628.8,596.8,597.8,598.4,598.3,597.6,596.6,596.0,596.2,598.1,596.9,595.9,595.7,597.0,599.4,601.9,599.0,596.5,595.1,595.2,596.5,597.5,597.4,597.7,598.2,598.5,598.5,598.2,597.8,44.1,-50.2,680.0,0.126,0.335,0.005,291.4,291.1,292.1,293.9,296.0,299.7,304.9,311.9,321.5,332.7,344.0,354.5,362.5,367.5,370.0,371.2,371.8,293.6,297.3,303.3,309.8,315.6,328.6,336.1,344.2,351.8,357.4,321.6,320.5,319.4,318.2,313.2,316.5,320.0,324.4,328.5,300.2,303.7,308.9,313.2,308.7,303.6,334.5,338.7,344.3,348.9,344.7,339.3,308.8,312.3,316.9,320.3,324.3,330.7,337.2,331.1,325.0,320.6,316.9,312.3,311.0,316.9,320.4,324.4,334.6,324.6,320.5,316.9,118.1,128.8,139.5,149.9,160.1,169.4,177.2,183.6,186.0,185.4,181.0,174.3,165.5,154.7,142.8,130.4,118.0,106.2,100.8,99.2,100.0,102.7,102.2,99.0,98.3,100.3,105.5,112.5,119.5,126.4,133.6,140.7,142.2,143.2,142.2,141.1,115.1,111.6,111.8,115.5,116.8,116.9,115.3,111.3,111.3,114.5,116.4,116.5,159.0,154.7,152.5,153.7,152.7,155.0,158.9,163.9,165.7,165.9,165.4,163.5,158.9,156.7,157.0,156.8,159.0,160.2,160.4,159.9,-10.0,-10.7,-8.9,-5.7,-1.8,4.8,13.7,25.4,41.1,59.9,79.7,98.4,112.8,121.6,125.7,127.3,128.2,-5.9,0.5,10.7,21.3,30.8,51.6,63.8,77.0,89.5,98.9,40.4,38.3,36.1,33.9,26.5,31.7,37.4,44.4,51.1,5.4,11.4,20.1,27.2,19.8,11.2,61.8,68.6,77.5,85.2,78.2,69.5,19.9,25.2,32.4,37.8,44.1,54.8,66.1,55.5,45.4,38.5,32.5,25.4,23.4,32.6,38.0,44.5,61.6,44.9,38.3,32.6,-91.8,-72.6,-53.4,-34.6,-16.1,0.6,14.3,25.0,28.5,27.5,20.4,9.1,-6.0,-24.6,-45.1,-66.2,-87.4,-109.0,-117.1,-118.2,-115.2,-109.7,-109.3,-114.2,-115.4,-112.2,-104.0,-92.8,-80.5,-68.6,-56.5,-46.4,-43.8,-41.8,-43.4,-45.2,-92.5,-97.6,-96.7,-90.0,-88.2,-88.7,-88.7,-94.9,-94.5,-89.4,-86.1,-86.2,-16.9,-23.6,-26.8,-24.9,-26.4,-22.7,-16.6,-8.2,-5.4,-5.1,-5.9,-9.1,-16.9,-20.1,-19.5,-19.8,-16.5,-14.3,-14.0,-14.9,736.6,737.0,737.9,739.0,735.5,727.2,714.3,696.9,685.7,684.6,691.4,698.8,702.6,703.8,702.5,699.8,699.0,708.8,700.4,691.0,681.3,674.9,667.6,665.8,666.3,666.7,668.3,669.8,663.5,657.2,650.9,670.3,665.6,661.8,661.2,661.4,700.5,694.1,689.4,686.4,689.5,694.0,673.3,670.6,668.7,669.8,668.3,670.1,686.5,672.5,665.4,662.4,660.6,663.2,669.7,664.4,662.8,664.7,667.9,675.0,682.3,667.4,664.0,662.3,668.9,663.6,665.4,668.7,0.598,0.061,0.301,0.009,323.692,138.719,-25.929,-16.619,-18.194,14.873,-7.730,-3.190,7.645,1.929,3.378,6.534,-3.114,-0.076,-0.506,-2.388,-0.416,0.715,1.274,-2.411,-1.259,0.504,0.486,0.181,-0.100,0.253,0.043,-0.769,0.463,0.195,0.056,-0.020,0.055,-0.002,0.008,0.055,0.08,0.06,1.05,0.00,0.56,2.99,0.00,0.11,0.00,0.00,0.38,0.02,0.00,0.00,0.94,0.45,0.20,0.00,0.00,1.00,0.00,1.00,1.00,0.00,0.00,0.00,0.00,0.00,0.00,0.00,0.00,0.00,0.00,0.00,0.00
28,0,2.700,0.98,1,-0.167702,0.151444,-0.974136,-0.315960,0.152822,-0.936384,-0.248,0.158,303.0,304.1,306.8,309.4,310.3,309.4,306.5,303.9,300.0,301.3,303.3,306.1,309.1,311.4,313.1,311.1,308.4,305.7,303.3,301.3,305.6,306.7,307.9,308.4,308.0,306.8,305.7,305.2,337.2,338.3,341.1,343.9,345.2,344.1,341.3,338.2,334.5,336.1,338.5,341.6,344.7,347.2,348.9,347.2,344.9,342.1,339.2,336.5,339.9,341.2,342.4,342.9,342.4,341.1,339.9,339.4,112.8,110.1,108.9,110.0,112.7,115.6,116.6,115.5,114.4,112.5,111.2,110.6,111.2,112.7,114.7,115.7,116.0,116.2,116.0,115.5,114.0,114.5,114.0,112.8,111.7,111.2,111.7,112.9,112.6,109.7,108.5,109.7,112.5,115.4,116.6,115.7,114.7,112.6,111.0,110.4,111.0,112.2,114.2,115.3,115.8,116.0,115.9,115.6,113.9,114.4,113.9,112.7,111.4,110.9,111.4,112.7,9.1,11.0,15.0,18.9,20.4,18.9,14.5,10.6,4.7,6.6,9.7,13.9,18.5,22.0,24.6,21.5,17.4,13.3,9.6,6.6,13.2,14.9,16.7,17.5,16.8,15.1,13.3,12.5,58.5,60.2,64.3,68.5,70.2,68.5,64.3,59.9,54.7,56.9,60.3,64.8,69.5,73.4,76.2,73.4,69.6,65.5,61.3,57.4,62.5,64.4,66.2,66.9,66.2,64.4,62.5,61.8,-86.3,-90.6,-92.2,-90.4,-86.1,-81.5,-80.2,-82.0,-84.5,-87.1,-88.6,-89.3,-88.3,-86.1,-83.0,-81.5,-80.9,-80.7,-81.2,-82.4,-84.3,-83.5,-84.2,-86.1,-87.9,-88.8,-88.0,-86.2,-82.1,-86.4,-88.3,-86.6,-82.3,-78.0,-76.2,-77.5,-79.2,-82.1,-84.2,-85.2,-84.5,-83.0,-80.5,-78.4,-77.3,-76.9,-77.1,-77.7,-80.2,-79.5,-80.3,-82.2,-84.0,-84.8,-84.0,-82.1,626.5,626.9,626.3,625.0,623.8,623.5,624.0,625.3,631.6,628.8,625.8,623.7,623.2,623.7,624.5,623.5,622.8,623.4,625.4,628.4,626.0,625.4,625.2,625.3,625.8,626.4,626.7,626.5,593.8,594.9,595.5,595.4,594.6,593.6,592.9,593.2,595.1,593.9,593.0,592.7,594.1,596.4,598.9,596.0,593.5,592.1,592.2,593.5,594.5,594.4,594.7,595.2,595.5,595.6,595.3,594.8,43.5,-50.6,676.1,0.115,0.334,0.011,291.3,290.9,291.8,293.6,295.8,299.5,304.7,311.6,321.2,332.4,343.7,354.1,362.2,367.2,369.8,371.1,371.8,293.3,297.1,303.1,309.6,315.4,328.6,336.3,344.5,352.2,357.7,321.5,320.4,319.2,317.9,312.7,316.0,319.7,324.2,328.4,299.9,303.6,308.7,313.0,308.5,303.4,334.4,338.8,344.4,349.0,344.8,339.3,308.3,311.8,316.5,320.0,324.1,330.7,337.4,331.1,324.8,320.3,316.5,311.8,310.5,316.6,320.1,324.3,334.7,324.5,320.2,316.6,117.6,128.4,139.3,149.9,160.2,169.5,177.3,183.7,186.0,185.4,181.1,174.4,165.6,154.8,142.8,130.5,118.0,105.7,100.2,98.5,99.4,102.1,101.7,98.6,98.0,100.2,105.5,111.9,118.8,125.7,132.8,140.0,141.5,142.5,141.5,140.4,114.4,111.0,111.1,114.8,116.1,116.1,114.8,110.8,110.9,114.2,115.9,116.0,158.3,154.0,151.9,153.0,152.0,154.4,158.3,163.5,165.4,165.6,165.1,163.1,158.2,156.0,156.3,156.1,158.4,159.9,160.2,159.6,-10.3,-11.1,-9.3,-6.2,-2.2,4.5,13.4,24.8,40.4,59.0,78.6,97.3,111.6,120.4,124.6,126.4,127.5,-6.4,0.1,10.3,20.9,30.3,51.4,63.9,77.2,89.8,99.1,40.0,37.8,35.5,33.1,25.6,30.8,36.5,43.7,50.6,5.0,11.1,19.7,26.8,19.4,10.8,61.4,68.4,77.3,85.0,77.8,69.1,18.9,24.3,31.6,37.1,43.6,54.5,66.0,55.2,44.9,37.8,31.7,24.4,22.4,31.8,37.3,44.0,61.5,44.4,37.6,31.9,-92.5,-73.0,-53.5,-34.4,-15.8,0.9,14.5,24.9,28.4,27.3,20.3,9.2,-5.8,-24.3,-44.8,-65.7,-86.9,-109.5,-117.6,-118.7,-115.7,-110.1,-109.5,-114.3,-115.4,-112.0,-103.7,-93.3,-81.1,-69.3,-57.3,-47.3,-44.6,-42.6,-44.2,-46.0,-93.2,-98.2,-97.3,-90.6,-89.0,-89.4,-89.0,-95.2,-94.7,-89.6,-86.5,-86.7,-17.9,-24.6,-27.8,-25.8,-27.3,-23.7,-17.5,-8.9,-5.9,-5.5,-6.3,-9.7,-17.9,-21.2,-20.6,-20.9,-17.3,-14.7,-14.3,-15.3,733.8,734.0,734.7,735.5,731.5,722.9,709.8,692.3,681.1,680.2,687.2,694.6,698.4,699.5,698.2,696.0,695.6,705.7,697.3,687.7,678.0,671.4,664.2,662.7,663.4,664.0,665.8,666.2,659.6,653.0,646.5,666.2,661.3,657.4,656.9,657.2,696.9,690.7,686.0,683.0,686.0,690.5,670.0,667.6,665.7,666.7,665.1,666.8,683.1,668.7,661.3,658.3,656.5,659.3,666.2,660.5,658.6,660.5,663.7,671.2,678.9,663.2,659.8,658.2,665.4,659.6,661.3,664.7,0.602,0.050,0.301,0.015,323.518,138.307,-25.447,-14.456,-14.855,14.969,-7.294,-2.828,7.309,2.479,3.906,5.735,-3.153,0.014,-0.591,-2.640,-0.383,0.888,1.022,-2.714,-1.171,0.416,0.614,0.208,-0.354,-0.008,0.150,-0.719,0.364,0.200,0.055,-0.024,0.051,-0.009,0.004,0.052,0.00,0.01,1.11,0.00,0.59,3.02,0.00,0.15,0.00,0.00,0.42,0.02,0.00,0.00,1.04,0.59,0.19,0.00,0.00,1.00,0.00,1.00,1.00,0.00,0.00,0.00,0.00,0.00,0.00,0.00,0.00,0.00,0.00,0.00,0.00
29,0,2.800,0.98,1,-0.170527,0.152292,-0.973513,-0.323289,0.150346,-0.934281,-0.253,0.157,303.1,304.3,307.0,309.5,310.5,309.4,306.6,304.0,300.1,301.4,303.5,306.3,309.2,311.5,313.1,311.1,308.4,305.7,303.3,301.3,305.7,306.8,308.0,308.5,308.1,307.0,305.8,305.3,337.5,338.6,341.5,344.3,345.5,344.3,341.5,338.4,334.8,336.4,338.8,342.0,345.1,347.5,349.2,347.5,345.1,342.3,339.4,336.7,340.2,341.4,342.7,343.2,342.7,341.4,340.2,339.7,111.5,108.8,107.8,108.9,111.6,114.5,115.4,114.2,113.1,111.2,110.0,109.4,110.1,111.6,113.7,114.6,114.8,114.9,114.7,114.2,112.8,113.3,112.9,111.7,110.5,110.0,110.5,111.7,112.1,109.3,108.1,109.3,112.2,115.0,116.1,115.2,114.1,112.0,110.6,110.0,110.6,112.0,113.9,115.0,115.5,115.6,115.4,115.1,113.5,114.0,113.5,112.3,111.0,110.5,111.0,112.2,9.4,11.3,15.4,19.3,20.7,19.1,14.7,10.8,4.8,6.8,10.0,14.2,18.8,22.3,24.7,21.6,17.5,13.4,9.7,6.7,13.4,15.1,16.9,17.7,17.1,15.4,13.6,12.7,59.2,61.0,65.2,69.3,71.0,69.1,64.9,60.5,55.4,57.7,61.1,65.6,70.3,74.2,76.9,74.0,70.2,66.1,61.9,58.1,63.3,65.1,66.9,67.7,67.0,65.2,63.3,62.5,-88.5,-92.7,-94.3,-92.4,-88.0,-83.5,-82.3,-84.2,-86.8,-89.3,-90.8,-91.4,-90.3,-88.0,-84.9,-83.4,-82.9,-82.8,-83.4,-84.6,-86.4,-85.6,-86.3,-88.1,-90.0,-90.8,-90.1,-88.3,-83.3,-87.5,-89.3,-87.5,-83.2,-78.9,-77.2,-78.7,-80.4,-83.3,-85.3,-86.2,-85.4,-83.7,-81.2,-79.2,-78.2,-77.9,-78.2,-78.8,-81.3,-80.5,-81.3,-83.1,-85.0,-85.8,-85.0,-83.1,628.5,628.9,628.3,627.1,625.8,625.5,626.0,627.3,633.5,630.7,627.8,625.8,625.3,625.7,626.5,625.5,624.8,625.3,627.3,630.3,628.0,627.4,627.2,627.3,627.9,628.4,628.7,628.5,596.9,597.9,598.5,598.3,597.5,596.4,595.8,596.2,598.1,597.0,596.0,595.7,596.9,599.3,601.6,598.8,596.3,595.0,595.1,596.5,597.4,597.4,597.6,598.1,598.5,598.5,598.3,597.8,42.8,-51.5,673.0,0.110,0.344,0.029,291.2,290.7,291.5,293.1,295.1,298.7,303.7,310.4,320.0,331.5,343.0,353.6,361.8,366.8,369.5,371.0,371.9,293.5,297.5,303.6,310.0,315.7,329.3,337.1,345.1,352.7,358.1,321.8,320.5,319.1,317.7,312.3,315.6,319.2,323.7,328.0,300.0,303.7,308.9,313.1,308.6,303.4,334.7,339.1,344.7,349.3,345.0,339.5,307.4,311.0,315.8,319.3,323.5,330.2,336.8,330.4,323.9,319.4,315.4,310.8,309.6,315.8,319.3,323.6,334.1,323.7,319.4,315.8,116.3,127.3,138.4,149.2,159.6,169.0,176.8,183.3,185.7,185.2,180.9,174.3,165.5,154.7,142.8,130.6,118.3,104.1,98.8,97.3,98.2,101.0,101.0,98.1,97.7,99.9,105.2,111.0,117.9,124.8,131.9,139.0,140.5,141.7,140.8,139.7,113.1,109.8,110.0,113.8,114.9,114.9,114.2,110.4,110.6,113.9,115.6,115.5,157.3,152.9,150.9,152.0,151.2,153.7,157.9,163.4,165.3,165.4,164.9,162.6,157.3,155.0,155.4,155.3,158.0,159.7,159.9,159.3,-10.4,-11.3,-9.9,-7.1,-3.5,2.9,11.5,22.6,38.2,57.1,77.0,95.8,110.0,118.7,123.0,125.1,126.7,-6.0,0.8,11.0,21.4,30.7,52.3,64.7,77.8,90.0,99.0,40.3,37.8,35.2,32.6,24.8,30.0,35.6,42.8,49.6,5.1,11.3,19.9,26.8,19.3,10.8,61.6,68.5,77.3,84.9,77.7,69.1,17.4,22.8,30.3,35.8,42.4,53.4,64.7,53.7,43.2,36.0,29.9,22.6,20.9,30.4,35.9,42.7,60.2,43.0,36.1,30.4,-94.4,-74.7,-54.9,-35.6,-16.8,-0.1,13.5,24.1,27.7,26.9,20.0,9.0,-5.9,-24.3,-44.4,-65.0,-85.8,-111.6,-119.3,-120.3,-117.0,-111.3,-110.1,-114.5,-115.2,-111.7,-103.4,-94.2,-82.1,-70.4,-58.5,-48.7,-45.9,-43.7,-45.2,-46.9,-94.9,-99.8,-98.7,-91.9,-90.5,-91.1,-89.5,-95.4,-94.7,-89.4,-86.6,-87.0,-19.5,-26.3,-29.3,-27.2,-28.5,-24.6,-18.0,-9.0,-6.0,-5.8,-6.7,-10.6,-19.4,-22.6,-21.9,-22.0,-17.9,-14.9,-14.7,-15.8,731.2,731.5,732.2,732.7,728.4,719.5,706.1,688.4,677.2,676.1,682.9,689.8,693.2,693.9,692.4,690.3,690.1,702.0,693.7,684.4,674.8,668.1,660.9,659.4,659.8,659.9,661.4,662.7,656.3,649.8,643.4,662.8,657.9,654.1,653.4,653.5,693.2,687.1,682.5,679.5,682.5,686.9,666.4,663.8,661.8,662.7,661.2,663.0,680.2,665.7,658.0,654.9,653.2,655.9,662.6,657.3,655.5,657.4,660.7,668.3,676.2,659.9,656.5,654.8,662.0,656.5,658.2,661.6,0.605,0.043,0.315,0.033,323.221,137.658,-28.757,-11.679,-13.667,12.992,-7.250,-3.839,7.188,2.060,4.091,5.756,-2.516,-0.315,-0.161,-2.770,-0.456,0.724,1.627,-2.503,-1.390,0.449,0.834,0.304,-0.319,0.095,0.066,-0.575,0.397,0.175,0.071,-0.011,0.059,-0.013,0.001,0.055,0.00,0.00,1.16,0.00,0.61,3.08,0.00,0.17,0.00,0.00,0.44,0.02,0.00,0.00,1.07,0.57,0.20,0.00,0.00,1.00,0.00,1.00,1.00,0.00,0.00,0.00,0.00,0.00,0.00,0.00,0.00,1.00,0.00,0.00,0.00
30,0,2.900,0.98,1,-0.170018,0.155081,-0.973162,-0.323205,0.153341,-0.933823,-0.253,0.160,303.1,304.4,307.0,309.6,310.5,309.5,306.6,304.0,300.1,301.4,303.5,306.3,309.3,311.6,313.1,311.1,308.5,305.8,303.3,301.4,305.7,306.8,308.0,308.5,308.1,307.0,305.9,305.3,337.5,338.6,341.5,344.3,345.5,344.3,341.5,338.4,334.8,336.4,338.8,342.0,345.1,347.5,349.2,347.5,345.1,342.3,339.4,336.7,340.2,341.4,342.7,343.2,342.7,341.4,340.2,339.7,111.5,108.8,107.7,108.9,111.6,114.5,115.3,114.2,113.0,111.2,109.9,109.4,110.1,111.6,113.7,114.6,114.8,114.9,114.7,114.1,112.8,113.3,112.8,111.7,110.5,110.0,110.4,111.6,112.1,109.3,108.1,109.4,112.2,115.0,116.2,115.2,114.1,112.1,110.6,110.0,110.7,112.0,114.0,115.0,115.5,115.6,115.4,115.1,113.5,114.0,113.5,112.3,111.1,110.5,111.0,112.3,9.4,11.3,15.4,19.3,20.7,19.1,14.7,10.8,4.8,6.8,10.0,14.2,18.8,22.3,24.8,21.7,17.5,13.4,9.7,6.7,13.4,15.1,16.9,17.7,17.1,15.4,13.6,12.8,59.2,61.0,65.2,69.4,71.0,69.1,64.9,60.6,55.4,57.7,61.1,65.6,70.3,74.2,76.9,74.1,70.2,66.1,61.9,58.1,63.3,65.1,66.9,67.7,67.0,65.2,63.4,62.6,-88.5,-92.7,-94.3,-92.3,-88.0,-83.5,-82.2,-84.2,-86.8,-89.3,-90.8,-91.3,-90.2,-87.9,-84.8,-83.4,-82.9,-82.8,-83.4,-84.6,-86.4,-85.5,-86.2,-88.1,-89.9,-90.8,-90.1,-88.3,-83.3,-87.5,-89.3,-87.5,-83.2,-78.9,-77.2,-78.7,-80.4,-83.3,-85.3,-86.2,-85.4,-83.7,-81.2,-79.2,-78.2,-77.9,-78.2,-78.8,-81.3,-80.5,-81.2,-83.1,-85.0,-85.8,-85.0,-83.1,627.8,628.2,627.6,626.3,625.1,624.9,625.3,626.6,632.9,630.1,627.1,625.1,624.6,625.0,625.9,624.8,624.1,624.7,626.7,629.7,627.3,626.7,626.5,626.7,627.2,627.7,628.0,627.8,597.0,598.0,598.6,598.5,597.6,596.6,596.0,596.4,598.3,597.1,596.1,595.8,597.1,599.4,601.8,599.0,596.5,595.1,595.3,596.7,597.6,597.5,597.8,598.2,598.6,598.7,598.4,598.0,42.9,-51.7,674.6,0.116,0.342,0.031,291.2,290.6,291.4,293.0,295.0,298.5,303.5,310.2,319.8,331.2,342.7,353.4,361.6,366.7,369.4,370.9,371.9,293.6,297.6,303.6,310.0,315.7,329.3,337.1,345.1,352.6,358.0,321.8,320.5,319.2,317.7,312.3,315.7,319.3,323.8,328.0,300.0,303.8,308.9,313.1,308.6,303.4,334.7,339.1,344.7,349.3,345.0,339.5,307.4,311.0,315.8,319.3,323.5,330.2,336.8,330.4,323.9,319.4,315.5,310.8,309.6,315.8,319.3,323.6,334.1,323.7,319.4,315.8,116.2,127.1,138.1,148.7,159.1,168.5,176.4,183.0,185.5,185.1,180.9,174.3,165.6,154.8,142.9,130.6,118.3,103.9,98.6,97.2,98.2,101.0,101.1,98.2,97.7,99.9,105.1,111.0,118.0,124.8,132.0,139.0,140.5,141.7,140.8,139.8,113.1,109.7,110.0,113.8,114.9,114.8,114.2,110.4,110.6,113.9,115.6,115.5,157.3,152.8,150.8,152.0,151.2,153.7,157.9,163.4,165.3,165.4,164.8,162.5,157.3,155.0,155.4,155.3,158.0,159.7,159.9,159.2,-10.4,-11.4,-10.1,-7.2,-3.7,2.6,11.2,22.4,38.0,56.8,76.8,95.6,110.0,118.9,123.2,125.4,127.0,-5.9,1.0,11.1,21.5,30.7,52.5,64.8,77.9,90.1,99.0,40.4,37.9,35.4,32.8,25.0,30.2,35.8,43.0,49.8,5.1,11.4,20.0,26.9,19.4,10.9,61.7,68.7,77.5,85.1,77.9,69.3,17.4,22.9,30.4,35.9,42.5,53.5,64.8,53.9,43.4,36.2,30.0,22.7,21.0,30.5,36.0,42.8,60.4,43.1,36.3,30.5,-94.7,-75.2,-55.6,-36.4,-17.7,-0.9,12.8,23.7,27.5,26.8,20.0,9.0,-5.8,-24.2,-44.4,-65.1,-86.0,-112.2,-119.8,-120.6,-117.2,-111.5,-110.2,-114.7,-115.4,-112.0,-103.7,-94.3,-82.2,-70.5,-58.6,-48.8,-46.0,-43.9,-45.3,-47.0,-95.2,-100.0,-98.9,-92.1,-90.7,-91.4,-89.7,-95.5,-94.9,-89.6,-86.7,-87.1,-19.6,-26.5,-29.4,-27.3,-28.6,-24.7,-18.0,-9.1,-6.0,-5.8,-6.8,-10.7,-19.5,-22.7,-22.0,-22.1,-17.9,-14.9,-14.8,-15.9,731.9,732.3,733.0,733.8,729.8,721.1,708.0,690.4,679.2,678.1,684.8,691.8,695.2,695.9,694.3,692.0,691.6,703.1,694.8,685.5,676.0,669.5,662.1,660.6,661.0,661.1,662.5,664.1,657.8,651.4,645.1,664.5,659.6,655.8,655.1,655.3,694.7,688.5,683.9,680.9,683.9,688.3,667.8,665.1,663.2,664.1,662.6,664.4,681.9,667.4,659.8,656.6,654.9,657.6,664.3,659.1,657.3,659.3,662.6,670.1,677.8,661.6,658.2,656.5,663.7,658.2,660.1,663.4,0.603,0.048,0.312,0.035,323.198,137.601,-29.546,-13.183,-14.022,13.121,-7.271,-3.993,7.204,2.594,4.052,5.865,-2.434,-0.216,-0.410,-2.793,-0.387,0.670,1.727,-2.708,-1.422,0.380,0.756,0.376,-0.283,0.072,0.059,-0.593,0.413,0.170,0.069,-0.014,0.060,-0.009,0.003,0.051,0.00,0.00,1.17,0.00,0.62,3.20,0.00,0.16,0.00,0.00,0.41,0.00,0.00,0.00,1.15,0.65,0.17,0.00,0.00,1.00,0.00,1.00,1.00,0.00,0.00,0.00,0.00,0.00,0.00,0.00,0.00,1.00,0.00,0.00,0.00
31,0,3.000,0.98,1,-0.171087,0.154621,-0.973048,-0.323699,0.153202,-0.933675,-0.254,0.160,303.1,304.4,307.0,309.6,310.5,309.5,306.6,304.0,300.1,301.4,303.5,306.3,309.3,311.6,313.1,311.1,308.5,305.8,303.3,301.4,305.7,306.8,308.0,308.5,308.1,307.0,305.9,305.3,337.4,338.6,341.4,344.2,345.4,344.2,341.4,338.4,334.8,336.4,338.7,341.9,345.0,347.4,349.1,347.4,345.0,342.3,339.4,336.7,340.1,341.4,342.6,343.1,342.6,341.4,340.1,339.6,111.5,108.8,107.7,108.8,111.5,114.4,115.3,114.2,113.0,111.1,109.9,109.3,110.0,111.5,113.6,114.5,114.8,114.9,114.7,114.1,112.8,113.3,112.8,111.6,110.5,110.0,110.4,111.6,112.0,109.2,108.0,109.2,112.1,114.9,116.0,115.1,114.1,112.0,110.5,109.9,110.5,111.9,113.8,114.9,115.4,115.5,115.3,115.0,113.4,113.9,113.4,112.2,111.0,110.4,110.9,112.2,9.4,11.3,15.4,19.3,20.7,19.1,14.7,10.8,4.9,6.8,10.0,14.3,18.8,22.3,24.8,21.7,17.6,13.4,9.8,6.8,13.4,15.1,16.9,17.7,17.1,15.4,13.6,12.8,59.2,61.0,65.2,69.3,70.9,69.1,64.9,60.5,55.4,57.7,61.0,65.6,70.3,74.1,76.9,74.0,70.2,66.0,61.9,58.1,63.2,65.0,66.9,67.6,66.9,65.1,63.3,62.5,-88.6,-92.8,-94.4,-92.4,-88.1,-83.6,-82.4,-84.3,-86.9,-89.4,-90.9,-91.5,-90.3,-88.1,-85.0,-83.5,-83.0,-82.9,-83.5,-84.7,-86.5,-85.7,-86.4,-88.2,-90.1,-90.9,-90.2,-88.4,-83.4,-87.7,-89.5,-87.7,-83.4,-79.2,-77.4,-78.9,-80.6,-83.5,-85.5,-86.4,-85.6,-84.0,-81.4,-79.5,-78.4,-78.1,-78.4,-79.0,-81.5,-80.7,-81.5,-83.3,-85.2,-86.0,-85.2,-83.3,628.4,628.8,628.2,626.9,625.7,625.4,625.9,627.2,633.5,630.7,627.7,625.6,625.2,625.6,626.4,625.4,624.7,625.3,627.3,630.3,627.9,627.3,627.1,627.2,627.8,628.3,628.6,628.4,597.4,598.4,599.0,598.8,598.0,597.0,596.4,596.7,598.6,597.5,596.5,596.2,597.5,599.8,602.2,599.3,596.8,595.5,595.6,597.0,598.0,597.9,598.2,598.6,599.0,599.0,598.8,598.3,42.8,-51.7,674.4,0.115,0.342,0.031,291.2,290.6,291.4,293.0,294.9,298.4,303.4,310.2,319.8,331.1,342.7,353.3,361.6,366.8,369.5,371.0,371.9,293.6,297.6,303.6,310.0,315.7,329.3,337.0,345.0,352.5,357.9,321.8,320.5,319.1,317.7,312.4,315.7,319.3,323.8,328.0,300.0,303.8,308.9,313.1,308.6,303.5,334.7,339.1,344.6,349.2,344.9,339.5,307.5,311.0,315.8,319.3,323.5,330.2,336.8,330.4,323.9,319.4,315.5,310.8,309.7,315.8,319.3,323.6,334.1,323.7,319.4,315.8,116.2,127.1,138.0,148.6,159.0,168.4,176.4,183.0,185.5,185.2,181.0,174.4,165.7,154.9,143.0,130.6,118.2,103.8,98.6,97.1,98.1,100.9,100.9,97.9,97.5,99.7,104.9,111.0,117.9,124.8,132.0,139.0,140.5,141.7,140.8,139.7,113.1,109.7,109.9,113.7,114.9,114.8,114.1,110.3,110.5,113.8,115.5,115.4,157.3,152.8,150.8,152.0,151.2,153.7,157.9,163.4,165.3,165.4,164.8,162.5,157.3,155.0,155.4,155.3,158.0,159.7,159.9,159.2,-10.3,-11.4,-10.1,-7.3,-3.7,2.5,11.1,22.3,37.9,56.7,76.6,95.4,109.9,118.9,123.3,125.4,126.9,-5.8,1.0,11.1,21.5,30.6,52.4,64.8,77.8,89.9,98.9,40.3,37.8,35.3,32.8,25.0,30.2,35.8,42.9,49.7,5.2,11.4,20.0,26.9,19.4,10.9,61.6,68.5,77.3,84.9,77.7,69.1,17.5,22.9,30.4,35.9,42.5,53.5,64.8,53.9,43.4,36.2,30.0,22.7,21.0,30.5,36.0,42.7,60.4,43.1,36.2,30.5,-94.6,-75.2,-55.7,-36.6,-17.9,-1.1,12.8,23.6,27.5,26.8,20.1,9.2,-5.6,-24.0,-44.2,-65.1,-86.0,-112.3,-119.9,-120.7,-117.4,-111.7,-110.5,-115.0,-115.8,-112.3,-104.0,-94.4,-82.3,-70.5,-58.6,-48.8,-46.0,-43.8,-45.3,-47.0,-95.2,-100.1,-98.9,-92.2,-90.7,-91.4,-89.8,-95.7,-95.0,-89.8,-86.8,-87.2,-19.6,-26.4,-29.4,-27.3,-28.6,-24.7,-18.0,-9.0,-6.0,-5.8,-6.8,-10.7,-19.5,-22.7,-22.0,-22.1,-18.0,-14.9,-14.8,-15.9,731.2,731.6,732.4,733.3,729.4,720.7,707.6,690.1,678.8,677.6,684.3,691.4,694.8,695.5,693.9,691.7,691.2,702.7,694.5,685.3,675.8,669.3,661.7,660.2,660.5,660.7,662.1,663.9,657.6,651.3,645.0,664.3,659.5,655.6,654.9,655.1,694.5,688.3,683.6,680.6,683.7,688.1,667.3,664.7,662.8,663.6,662.2,664.0,681.6,667.1,659.5,656.4,654.6,657.2,663.9,658.7,657.0,659.0,662.3,669.8,677.5,661.4,657.9,656.2,663.3,658.0,659.8,663.2,0.604,0.048,0.312,0.035,323.185,137.566,-30.278,-14.172,-14.293,13.335,-7.315,-3.873,7.371,2.901,3.843,6.091,-2.705,-0.242,-0.415,-2.856,-0.184,0.871,1.635,-2.635,-1.439,0.394,0.704,0.337,-0.205,0.110,0.160,-0.612,0.427,0.163,0.076,-0.013,0.062,-0.012,0.004,0.052,0.00,0.00,1.16,0.00,0.63,3.22,0.00,0.20,0.00,0.00,0.41,0.00,0.00,0.00,1.14,0.72,0.16,0.00,0.00,1.00,0.00,1.00,1.00,0.00,0.00,0.00,0.00,0.00,0.00,0.00,0.00,1.00,0.00,0.00,0.00
32,0,3.100,0.98,1,-0.170984,0.153999,-0.973164,-0.323717,0.152607,-0.933766,-0.254,0.159,303.1,304.4,307.1,309.6,310.5,309.5,306.6,304.1,300.1,301.5,303.5,306.3,309.3,311.6,313.2,311.2,308.5,305.8,303.4,301.4,305.7,306.8,308.0,308.6,308.2,307.0,305.9,305.3,337.4,338.6,341.4,344.2,345.4,344.2,341.4,338.4,334.8,336.4,338.7,341.9,345.0,347.4,349.1,347.4,345.0,342.3,339.4,336.7,340.1,341.4,342.6,343.1,342.6,341.4,340.1,339.6,111.5,108.8,107.7,108.8,111.5,114.4,115.3,114.2,113.0,111.1,109.9,109.3,110.0,111.5,113.7,114.5,114.8,114.9,114.7,114.1,112.8,113.3,112.8,111.6,110.5,110.0,110.4,111.6,112.0,109.2,108.0,109.2,112.1,114.9,116.0,115.1,114.1,112.0,110.5,109.9,110.5,111.9,113.8,114.9,115.4,115.5,115.3,115.0,113.4,113.9,113.4,112.2,111.0,110.4,110.9,112.2,9.5,11.4,15.5,19.3,20.7,19.1,14.7,10.8,4.9,6.9,10.0,14.3,18.8,22.3,24.8,21.7,17.6,13.5,9.8,6.8,13.4,15.1,16.9,17.8,17.2,15.5,13.7,12.8,59.2,61.0,65.1,69.3,70.9,69.1,64.9,60.5,55.4,57.6,61.0,65.6,70.2,74.1,76.9,74.0,70.2,66.0,61.8,58.1,63.2,65.0,66.8,67.6,66.9,65.1,63.3,62.5,-88.6,-92.8,-94.4,-92.4,-88.1,-83.6,-82.3,-84.3,-86.9,-89.4,-90.9,-91.4,-90.3,-88.1,-84.9,-83.5,-83.0,-82.9,-83.5,-84.7,-86.5,-85.6,-86.3,-88.1,-90.0,-90.9,-90.2,-88.4,-83.4,-87.7,-89.5,-87.7,-83.4,-79.1,-77.4,-78.8,-80.6,-83.5,-85.5,-86.4,-85.6,-84.0,-81.4,-79.4,-78.4,-78.1,-78.3,-79.0,-81.5,-80.7,-81.4,-83.3,-85.2,-86.0,-85.2,-83.3,628.2,628.6,628.0,626.7,625.5,625.3,625.7,627.0,633.3,630.5,627.5,625.5,625.0,625.4,626.2,625.2,624.5,625.1,627.1,630.1,627.7,627.1,626.9,627.1,627.6,628.1,628.4,628.2,597.3,598.3,598.9,598.7,597.9,596.9,596.3,596.6,598.5,597.4,596.4,596.1,597.4,599.7,602.1,599.2,596.8,595.4,595.5,596.9,597.9,597.8,598.1,598.5,598.9,598.9,598.7,598.2,42.8,-51.7,674.6,0.115,0.342,0.032,291.2,290.6,291.4,293.0,294.9,298.4,303.4,310.2,319.7,331.1,342.6,353.3,361.5,366.8,369.5,371.0,371.9,293.6,297.6,303.6,310.0,315.7,329.3,337.1,345.1,352.5,357.9,321.8,320.5,319.1,317.7,312.4,315.7,319.3,323.8,328.0,300.1,303.8,308.9,313.1,308.6,303.5,334.7,339.1,344.6,349.2,344.9,339.5,307.5,311.0,315.8,319.3,323.5,330.2,336.8,330.4,323.9,319.4,315.5,310.8,309.7,315.8,319.3,323.6,334.1,323.7,319.4,315.8,116.2,127.0,138.0,148.6,158.9,168.4,176.3,182.9,185.5,185.2,181.0,174.5,165.8,155.0,143.1,130.7,118.2,103.8,98.6,97.1,98.1,100.9,100.9,97.9,97.5,99.7,104.9,111.0,117.9,124.8,132.0,139.0,140.5,141.7,140.8,139.7,113.1,109.7,109.9,113.7,114.9,114.8,114.1,110.3,110.5,113.8,115.5,115.4,157.3,152.8,150.8,152.0,151.2,153.7,157.9,163.4,165.3,165.4,164.8,162.5,157.3,155.0,155.4,155.3,158.0,159.7,159.9,159.2,-10.3,-11.5,-10.1,-7.3,-3.7,2.5,11.1,22.2,37.8,56.6,76.5,95.4,109.9,118.9,123.4,125.5,127.0,-5.8,1.0,11.1,21.5,30.7,52.5,64.8,77.8,90.0,98.9,40.3,37.8,35.4,32.8,25.0,30.2,35.8,43.0,49.8,5.2,11.4,20.0,26.9,19.5,10.9,61.6,68.5,77.4,84.9,77.8,69.2,17.5,23.0,30.4,35.9,42.5,53.5,64.8,53.9,43.4,36.2,30.0,22.7,21.1,30.5,36.0,42.7,60.4,43.1,36.3,30.5,-94.6,-75.2,-55.7,-36.6,-18.0,-1.1,12.7,23.6,27.5,26.8,20.1,9.3,-5.5,-23.9,-44.1,-65.0,-86.0,-112.3,-119.9,-120.7,-117.4,-111.8,-110.5,-115.0,-115.8,-112.3,-104.0,-94.4,-82.3,-70.6,-58.6,-48.8,-46.0,-43.9,-45.3,-47.0,-95.2,-100.1,-99.0,-92.2,-90.7,-91.4,-89.8,-95.7,-95.1,-89.8,-86.9,-87.2,-19.6,-26.4,-29.4,-27.3,-28.6,-24.7,-18.0,-9.0,-6.0,-5.8,-6.8,-10.7,-19.5,-22.7,-22.0,-22.1,-18.0,-14.9,-14.8,-15.9,731.4,731.8,732.5,733.4,729.6,720.9,707.9,690.4,679.1,677.8,684.6,691.6,695.1,695.8,694.3,692.0,691.5,703.0,694.8,685.6,676.1,669.6,662.0,660.5,660.8,661.0,662.4,664.1,657.9,651.6,645.3,664.6,659.7,655.9,655.2,655.3,694.7,688.6,683.9,680.9,683.9,688.4,667.6,665.0,663.0,663.9,662.4,664.3,681.9,667.4,659.8,656.6,654.8,657.5,664.2,659.0,657.3,659.3,662.6,670.1,677.8,661.7,658.2,656.4,663.6,658.2,660.1,663.5,0.603,0.047,0.312,0.036,323.187,137.567,-30.404,-14.455,-14.343,13.345,-7.294,-3.846,7.443,2.973,3.878,6.073,-2.746,-0.229,-0.399,-2.840,-0.173,0.899,1.687,-2.618,-1.451,0.388,0.672,0.333,-0.201,0.129,0.153,-0.622,0.429,0.163,0.074,-0.012,0.061,-0.011,0.004,0.052,0.01,0.00,1.20,0.00,0.63,3.23,0.00,0.19,0.00,0.00,0.39,0.00,0.00,0.00,1.11,0.73,0.20,0.00,0.00,1.00,0.00,1.00,1.00,0.00,0.00,0.00,0.00,0.00,0.00,0.00,0.00,1.00,0.00,0.00,0.00
33,0,3.200,0.98,1,-0.171045,0.154084,-0.973140,-0.323858,0.152663,-0.933708,-0.254,0.159,303.1,304.4,307.1,309.6,310.5,309.5,306.6,304.1,300.2,301.5,303.5,306.3,309.3,311.6,313.2,311.2,308.5,305.8,303.4,301.4,305.7,306.8,308.0,308.6,308.2,307.0,305.9,305.3,337.4,338.6,341.4,344.2,345.4,344.2,341.4,338.4,334.8,336.4,338.7,341.9,345.0,347.4,349.1,347.4,345.0,342.3,339.4,336.7,340.1,341.4,342.6,343.1,342.6,341.4,340.1,339.6,111.4,108.8,107.7,108.8,111.5,114.4,115.3,114.2,113.0,111.1,109.9,109.3,110.0,111.5,113.6,114.5,114.8,114.9,114.7,114.1,112.8,113.3,112.8,111.6,110.4,109.9,110.4,111.6,112.0,109.2,108.0,109.2,112.1,114.9,116.0,115.1,114.1,112.0,110.5,109.9,110.5,111.9,113.8,114.9,115.4,115.5,115.3,115.0,113.4,113.9,113.4,112.2,111.0,110.4,110.9,112.2,9.5,11.4,15.5,19.4,20.7,19.1,14.7,10.8,4.9,6.9,10.0,14.3,18.8,22.3,24.8,21.7,17.6,13.5,9.8,6.8,13.4,15.1,16.9,17.8,17.2,15.5,13.7,12.8,59.2,60.9,65.1,69.3,70.9,69.1,64.9,60.5,55.4,57.6,61.0,65.6,70.2,74.1,76.9,74.0,70.2,66.0,61.8,58.1,63.2,65.0,66.8,67.6,66.9,65.1,63.3,62.5,-88.6,-92.8,-94.4,-92.4,-88.1,-83.6,-82.3,-84.3,-86.9,-89.4,-90.9,-91.4,-90.3,-88.0,-84.9,-83.4,-83.0,-82.9,-83.4,-84.7,-86.5,-85.6,-86.3,-88.1,-90.0,-90.9,-90.2,-88.4,-83.4,-87.7,-89.5,-87.7,-83.4,-79.1,-77.4,-78.8,-80.6,-83.5,-85.5,-86.4,-85.6,-84.0,-81.4,-79.4,-78.4,-78.0,-78.3,-79.0,-81.4,-80.7,-81.4,-83.3,-85.2,-86.0,-85.2,-83.3,628.1,628.5,627.9,626.6,625.4,625.2,625.6,626.9,633.2,630.4,627.4,625.4,624.9,625.3,626.1,625.1,624.4,625.0,627.0,630.0,627.6,627.0,626.8,627.0,627.5,628.0,628.3,628.1,597.2,598.2,598.8,598.7,597.8,596.8,596.2,596.5,598.5,597.3,596.3,596.0,597.3,599.6,602.0,599.2,596.7,595.3,595.5,596.8,597.8,597.7,598.0,598.4,598.8,598.9,598.6,598.2,42.8,-51.7,674.7,0.115,0.342,0.032,291.2,290.6,291.4,293.0,294.9,298.4,303.4,310.1,319.7,331.1,342.6,353.2,361.5,366.7,369.5,371.0,372.0,293.6,297.6,303.7,310.0,315.7,329.4,337.1,345.1,352.5,358.0,321.8,320.5,319.1,317.7,312.4,315.7,319.3,323.8,328.0,300.1,303.8,308.9,313.2,308.6,303.5,334.7,339.1,344.6,349.2,344.9,339.5,307.5,311.0,315.8,319.3,323.5,330.2,336.8,330.4,323.9,319.4,315.5,310.8,309.7,315.8,319.3,323.6,334.1,323.7,319.4,315.8,116.2,127.0,138.0,148.6,158.9,168.3,176.3,182.9,185.5,185.2,181.0,174.5,165.8,155.1,143.1,130.7,118.3,103.8,98.5,97.1,98.1,100.9,100.9,97.9,97.5,99.7,104.9,111.0,117.9,124.8,132.0,139.0,140.5,141.7,140.8,139.8,113.1,109.7,109.9,113.7,114.9,114.8,114.1,110.3,110.5,113.8,115.5,115.4,157.3,152.8,150.8,152.0,151.2,153.7,157.9,163.4,165.3,165.4,164.8,162.5,157.3,155.0,155.4,155.3,158.0,159.7,159.9,159.2,-10.3,-11.5,-10.1,-7.3,-3.7,2.5,11.1,22.2,37.8,56.6,76.4,95.3,109.9,118.9,123.4,125.5,127.0,-5.8,1.1,11.2,21.5,30.7,52.5,64.8,77.8,90.0,98.9,40.3,37.8,35.4,32.8,25.0,30.2,35.8,43.0,49.8,5.2,11.4,20.0,27.0,19.5,10.9,61.6,68.5,77.4,85.0,77.8,69.2,17.5,23.0,30.4,35.9,42.5,53.5,64.7,53.9,43.4,36.2,30.0,22.7,21.1,30.5,36.0,42.7,60.4,43.1,36.3,30.5,-94.6,-75.2,-55.7,-36.7,-18.0,-1.2,12.7,23.5,27.4,26.8,20.2,9.3,-5.4,-23.8,-44.1,-65.0,-86.0,-112.4,-120.0,-120.7,-117.4,-111.8,-110.5,-115.0,-115.8,-112.3,-104.1,-94.5,-82.3,-70.6,-58.6,-48.8,-46.0,-43.9,-45.3,-47.0,-95.3,-100.1,-99.0,-92.2,-90.7,-91.4,-89.8,-95.7,-95.1,-89.8,-86.9,-87.2,-19.6,-26.4,-29.4,-27.3,-28.6,-24.7,-18.0,-9.0,-6.0,-5.8,-6.8,-10.7,-19.5,-22.7,-22.0,-22.1,-18.0,-14.9,-14.8,-15.9,731.4,731.8,732.6,733.5,729.6,721.0,708.0,690.5,679.2,677.9,684.7,691.7,695.2,695.9,694.4,692.1,691.6,703.0,694.9,685.6,676.2,669.7,662.1,660.5,660.9,661.0,662.4,664.2,657.9,651.7,645.4,664.7,659.8,656.0,655.3,655.4,694.8,688.6,684.0,681.0,684.0,688.5,667.7,665.0,663.1,664.0,662.5,664.3,682.0,667.5,659.9,656.7,654.9,657.6,664.3,659.1,657.4,659.4,662.7,670.2,677.9,661.8,658.3,656.5,663.7,658.3,660.2,663.6,0.603,0.047,0.312,0.036,323.183,137.568,-30.539,-14.625,-14.365,13.372,-7.207,-3.776,7.483,3.067,3.822,6.040,-2.695,-0.213,-0.415,-2.859,-0.168,0.918,1.674,-2.658,-1.459,0.378,0.689,0.347,-0.209,0.125,0.155,-0.613,0.425,0.160,0.075,-0.013,0.062,-0.011,0.004,0.052,0.26,0.37,1.50,0.00,0.74,3.36,0.00,0.24,0.08,0.00,0.27,0.23,0.00,0.00,0.95,0.94,0.13,0.00,0.00,1.00,0.00,1.00,1.00,0.00,0.00,0.00,0.00,0.00,0.00,0.00,0.00,1.00,0.00,0.00,0.00
34,0,3.300,0.88,1,-0.132103,0.213069,-0.968065,-0.278176,0.213969,-0.936395,-0.212,0.221,305.4,306.7,309.4,312.1,313.0,312.0,309.0,306.4,302.3,303.7,305.8,308.7,311.7,314.1,315.8,313.7,311.0,308.2,305.7,303.6,308.1,309.3,310.5,311.0,310.6,309.4,308.2,307.7,340.9,342.1,344.9,347.8,349.0,347.9,345.0,341.9,338.2,339.9,342.4,345.6,348.6,351.0,352.6,351.0,348.7,345.9,343.0,340.2,343.7,344.9,346.2,346.7,346.2,344.9,343.7,343.2,117.6,114.8,113.7,114.9,117.7,120.7,121.6,120.4,118.9,117.2,116.2,115.7,116.4,117.8,119.8,120.7,121.0,121.0,120.8,120.1,118.9,119.5,119.0,117.8,116.5,116.0,116.5,117.7,118.4,115.5,114.3,115.5,118.5,121.4,122.5,121.5,120.3,118.4,117.1,116.5,117.1,118.3,120.0,121.2,121.7,121.9,121.7,121.3,119.8,120.3,119.8,118.5,117.3,116.7,117.2,118.5,12.7,14.7,18.8,22.7,24.1,22.6,18.1,14.2,8.1,10.1,13.3,17.6,22.2,25.7,28.3,25.2,21.1,16.9,13.1,10.1,16.8,18.5,20.3,21.1,20.5,18.8,17.0,16.1,63.7,65.4,69.6,73.8,75.5,73.7,69.5,65.1,59.8,62.2,65.6,70.2,74.9,78.7,81.4,78.6,74.9,70.7,66.4,62.6,67.7,69.6,71.4,72.2,71.4,69.6,67.8,67.0,-77.7,-81.9,-83.5,-81.5,-77.1,-72.6,-71.4,-73.3,-76.3,-78.4,-79.6,-80.1,-79.0,-77.0,-74.2,-72.7,-72.2,-72.1,-72.8,-74.1,-75.6,-74.7,-75.4,-77.3,-79.2,-80.0,-79.4,-77.5,-73.3,-77.6,-79.4,-77.6,-73.3,-69.0,-67.3,-68.7,-70.7,-73.3,-75.1,-75.9,-75.2,-73.9,-71.7,-69.6,-68.5,-68.1,-68.4,-69.0,-71.4,-70.6,-71.4,-73.3,-75.2,-75.9,-75.1,-73.3,616.4,616.6,616.0,614.9,614.0,614.0,614.5,615.6,621.6,618.6,615.6,613.6,613.2,613.9,615.0,614.0,613.2,613.7,615.6,618.5,616.2,615.7,615.4,615.5,615.9,616.3,616.6,616.5,591.0,591.9,592.6,592.8,592.3,591.4,590.7,590.7,592.3,591.0,590.0,590.0,591.5,594.2,596.9,594.0,591.3,589.8,589.7,590.9,591.9,592.0,592.3,592.7,592.9,592.9,592.5,592.2,49.1,-42.7,682.3,0.195,0.281,0.006,292.7,292.4,293.4,295.1,297.3,301.3,306.8,314.2,324.1,335.4,346.2,356.2,363.7,368.3,370.7,372.0,372.7,295.5,299.5,305.8,312.4,318.5,333.0,340.5,348.2,355.5,360.7,325.5,324.5,323.6,322.7,316.4,320.0,323.9,328.4,332.6,302.2,306.1,311.3,315.8,311.1,305.9,338.1,342.7,348.2,352.8,348.6,343.1,310.5,314.8,320.0,323.9,328.3,335.0,341.4,335.2,328.8,323.9,319.7,314.5,312.9,320.1,324.0,328.5,338.8,328.5,323.9,319.9,120.4,131.0,141.6,152.0,162.4,172.1,180.6,187.9,190.7,189.9,184.5,176.9,167.8,157.1,145.7,134.0,122.3,108.9,104.0,102.8,104.1,107.0,107.2,104.1,103.5,105.2,109.9,117.6,125.0,132.2,139.8,145.8,147.5,148.9,147.9,146.6,118.9,116.0,116.3,119.9,121.0,120.9,120.3,116.9,117.1,120.0,121.8,121.7,162.7,159.2,157.6,159.0,158.1,160.1,163.5,169.3,171.5,171.7,171.1,168.5,162.9,161.9,162.4,162.3,163.8,165.7,165.9,165.2,-7.7,-8.2,-6.5,-3.4,0.6,7.7,17.2,29.6,46.1,65.3,84.7,102.9,116.3,124.1,127.7,129.3,130.2,-2.6,4.3,14.7,25.6,35.4,58.8,70.9,83.6,95.7,104.7,46.6,44.7,42.9,41.0,32.0,37.7,43.8,51.2,58.1,8.8,15.3,24.1,31.6,23.8,15.1,67.9,75.2,84.2,91.9,84.8,76.0,22.9,29.6,37.8,43.9,51.1,62.3,73.8,63.0,52.1,44.2,37.4,29.2,26.7,38.0,44.2,51.5,69.3,51.7,44.2,37.8,-87.0,-68.3,-49.5,-30.8,-11.9,5.6,20.5,32.7,37.0,35.6,26.7,13.8,-2.0,-20.6,-40.4,-60.4,-80.4,-103.5,-110.6,-111.2,-107.7,-102.0,-100.9,-105.7,-107.1,-104.4,-97.1,-84.2,-71.5,-59.2,-46.6,-38.2,-35.1,-32.8,-34.4,-36.4,-85.5,-89.6,-88.6,-82.3,-80.8,-81.5,-80.4,-85.8,-85.3,-80.8,-77.6,-77.8,-10.7,-16.2,-18.6,-16.4,-17.8,-14.6,-9.1,0.6,4.1,4.4,3.4,-0.9,-10.2,-11.7,-10.8,-11.0,-8.7,-5.4,-5.1,-6.2,730.4,732.8,736.2,739.5,737.6,730.7,719.7,704.3,694.5,694.7,701.6,708.8,711.1,710.2,707.0,703.7,702.0,702.7,694.5,685.4,676.8,671.5,666.0,665.2,666.6,667.9,670.4,668.5,662.8,657.1,651.6,672.1,667.7,664.3,664.1,664.6,696.6,690.3,686.3,684.2,686.9,690.7,674.4,672.0,670.8,672.6,670.8,672.0,691.2,676.6,668.9,666.4,665.1,668.9,677.3,672.0,669.6,670.7,673.4,680.2,687.2,671.8,668.8,667.8,676.3,669.5,670.6,673.5,0.596,0.142,0.236,0.015,326.596,143.208,-32.674,-11.564,-15.118,16.182,-7.713,-4.105,1.040,3.234,1.247,7.312,-2.560,1.217,0.136,-1.541,-0.484,-0.642,-0.748,-2.419,-1.709,-0.578,0.308,-0.600,0.486,-0.157,-0.376,-0.524,0.528,0.126,0.024,-0.031,0.030,0.005,0.003,0.021,0.25,0.37,1.61,0.00,0.76,3.40,0.09,0.27,0.08,0.00,0.13,0.55,0.00,0.03,0.70,1.08,0.14,0.00,0.00,1.00,0.00,1.00,1.00,0.00,0.00,0.00,0.00,0.00,0.00,0.00,0.00,1.00,0.00,0.00,0.00
35,0,3.400,0.98,1,-0.147902,0.141246,-0.978864,-0.289296,0.139397,-0.947035,-0.223,0.145,304.2,305.4,308.2,310.8,311.8,310.8,307.8,305.1,301.0,302.4,304.6,307.4,310.5,312.9,314.5,312.5,309.8,307.0,304.4,302.4,306.9,308.0,309.2,309.8,309.3,308.2,307.0,306.4,339.7,340.8,343.7,346.6,347.9,346.7,343.8,340.7,336.9,338.6,341.1,344.3,347.5,349.9,351.5,349.9,347.5,344.7,341.7,338.9,342.5,343.7,345.0,345.5,345.0,343.7,342.4,341.9,112.2,109.5,108.3,109.5,112.3,115.3,116.2,115.0,113.9,112.0,110.8,110.2,110.8,112.3,114.3,115.2,115.5,115.6,115.4,114.9,113.6,114.1,113.6,112.4,111.2,110.7,111.2,112.4,112.6,109.7,108.5,109.7,112.7,115.6,116.7,115.7,114.6,112.6,111.1,110.6,111.2,112.5,114.4,115.4,115.9,116.0,115.8,115.5,114.0,114.6,114.0,112.8,111.5,110.9,111.5,112.7,10.7,12.6,16.8,20.7,22.1,20.6,16.1,12.2,6.1,8.1,11.3,15.6,20.1,23.7,26.2,23.1,19.0,14.8,11.1,8.1,14.8,16.5,18.3,19.1,18.5,16.8,15.0,14.1,60.9,62.7,66.9,71.1,72.8,71.0,66.8,62.3,57.0,59.4,62.9,67.5,72.1,75.9,78.6,75.8,72.1,67.9,63.7,59.8,65.0,66.8,68.6,69.4,68.7,66.9,65.0,64.2,-85.1,-89.4,-91.0,-89.1,-84.7,-80.2,-78.9,-80.8,-83.4,-85.8,-87.2,-87.8,-86.8,-84.7,-81.7,-80.3,-79.8,-79.6,-80.2,-81.3,-83.0,-82.2,-82.9,-84.8,-86.7,-87.5,-86.8,-84.9,-80.5,-84.8,-86.7,-84.9,-80.6,-76.3,-74.5,-75.9,-77.8,-80.5,-82.4,-83.3,-82.6,-81.1,-78.7,-76.8,-75.8,-75.4,-75.7,-76.2,-78.6,-77.8,-78.6,-80.5,-82.4,-83.1,-82.3,-80.5,611.9,612.4,611.8,610.6,609.4,609.1,609.4,610.7,616.9,614.1,611.2,609.2,608.8,609.3,610.2,609.0,608.3,608.8,610.7,613.7,611.4,610.9,610.7,610.9,611.4,611.9,612.2,612.0,582.4,583.5,584.3,584.4,583.7,582.5,581.7,581.8,583.5,582.4,581.6,581.5,583.0,585.6,588.1,585.1,582.4,580.9,580.8,582.0,583.2,583.2,583.6,584.1,584.4,584.4,584.0,583.5,45.8,-50.6,673.5,0.092,0.303,0.028,291.8,291.5,292.5,294.1,296.3,300.0,305.3,312.3,322.2,333.8,345.3,355.5,363.2,367.7,370.1,371.5,372.2,294.1,298.3,304.7,311.2,317.2,331.3,338.9,346.9,354.5,360.1,323.7,322.5,321.3,320.0,314.2,317.6,321.4,326.0,330.4,300.9,304.8,310.1,314.6,309.8,304.5,336.7,341.5,347.1,351.7,347.3,341.8,308.9,312.8,317.8,321.5,326.0,332.6,339.2,332.7,326.3,321.5,317.4,312.6,311.2,317.8,321.6,326.2,336.4,326.2,321.6,317.7,116.8,127.8,138.9,149.7,160.2,169.7,177.7,184.1,186.4,185.9,181.5,174.8,166.0,155.3,143.5,131.4,119.2,105.7,100.5,99.2,100.3,103.1,103.0,100.1,99.4,101.1,106.2,111.7,118.9,126.0,133.4,139.9,141.5,142.7,141.6,140.4,113.9,110.6,110.8,114.4,115.5,115.6,114.7,111.0,111.2,114.4,116.0,115.9,157.4,153.2,151.3,152.5,151.6,153.9,157.8,162.5,164.1,164.4,163.9,162.0,157.4,155.5,155.9,155.7,157.8,158.5,158.8,158.2,-9.4,-9.9,-8.1,-5.2,-1.3,5.3,14.3,25.8,41.9,61.2,81.4,99.9,113.8,121.7,125.5,127.4,128.6,-5.0,2.2,12.9,23.6,33.1,55.8,68.2,81.2,93.8,103.3,43.5,41.1,38.7,36.3,27.9,33.3,39.2,46.6,53.6,6.7,13.2,22.0,29.4,21.5,12.7,65.3,72.9,81.9,89.6,82.2,73.4,19.9,25.8,33.6,39.5,46.5,57.4,68.8,57.6,47.1,39.4,33.0,25.5,23.5,33.7,39.7,46.9,64.1,46.9,39.6,33.6,-93.7,-74.0,-54.2,-34.8,-15.7,1.3,15.1,25.5,29.0,28.1,21.1,9.9,-5.2,-23.6,-43.7,-64.4,-85.1,-109.1,-116.6,-117.3,-113.9,-108.3,-107.4,-112.1,-113.4,-110.7,-102.9,-93.3,-80.8,-68.6,-56.2,-47.3,-44.4,-42.2,-43.9,-45.9,-93.9,-98.7,-97.8,-91.2,-89.7,-90.2,-89.3,-95.1,-94.6,-89.5,-86.6,-87.0,-19.4,-25.8,-28.5,-26.5,-27.9,-24.4,-18.3,-10.6,-7.8,-7.4,-8.2,-11.5,-19.3,-21.8,-21.2,-21.4,-18.2,-16.9,-16.5,-17.5,732.9,733.1,733.8,734.2,730.2,721.2,707.5,689.1,678.4,678.8,687.9,696.9,701.5,702.2,700.4,698.0,697.7,703.6,695.0,686.0,676.8,670.3,664.2,663.5,664.8,665.8,668.1,665.1,657.9,650.7,643.6,664.0,658.8,654.7,654.6,655.6,695.1,689.3,685.1,682.1,684.7,688.8,671.2,669.1,667.6,668.6,666.7,668.2,680.6,665.8,658.7,655.9,654.6,657.8,665.1,658.1,655.3,656.8,659.8,667.4,676.3,660.6,657.4,656.3,663.9,656.7,658.0,661.2,0.603,0.030,0.264,0.031,324.976,138.230,-17.143,-9.650,-13.465,14.028,-11.895,0.852,3.477,4.489,4.674,1.649,-0.720,0.316,-0.290,-1.131,0.550,-0.405,0.895,-0.194,-0.824,-0.024,0.789,0.496,0.189,-0.035,0.344,-0.629,0.311,0.055,0.073,-0.039,0.100,-0.050,-0.016,0.043,0.24,0.37,1.52,0.00,0.72,3.18,0.09,0.21,0.11,0.00,0.00,0.55,0.00,0.05,0.35,1.03,0.07,0.00,0.00,1.00,0.00,1.00,1.00,0.00,0.00,0.00,0.00,0.00,1.00,0.00,0.00,1.00,0.00,0.00,0.00
36,0,3.500,0.98,1,-0.160955,0.136768,-0.977440,-0.302052,0.133246,-0.943933,-0.236,0.140,305.9,307.0,309.7,312.2,313.2,312.2,309.3,306.8,302.9,304.2,306.2,309.0,311.9,314.2,315.8,313.8,311.2,308.5,306.1,304.1,308.4,309.5,310.7,311.2,310.8,309.7,308.5,308.0,339.8,341.0,343.8,346.5,347.7,346.5,343.8,340.8,337.2,338.8,341.2,344.3,347.3,349.6,351.2,349.6,347.3,344.6,341.8,339.1,342.5,343.7,344.9,345.4,344.9,343.7,342.5,342.0,111.2,108.5,107.4,108.5,111.2,114.0,114.9,113.8,112.8,110.9,109.7,109.1,109.7,111.2,113.2,114.0,114.3,114.5,114.3,113.8,112.4,112.9,112.4,111.3,110.1,109.6,110.1,111.3,111.5,108.8,107.7,108.9,111.7,114.4,115.5,114.6,113.5,111.5,110.1,109.5,110.2,111.5,113.4,114.4,114.9,114.9,114.7,114.4,112.9,113.5,113.0,111.8,110.5,110.0,110.5,111.7,13.8,15.7,19.8,23.7,25.2,23.6,19.2,15.3,9.3,11.2,14.4,18.6,23.2,26.7,29.3,26.2,22.1,17.9,14.2,11.2,17.9,19.6,21.4,22.2,21.6,19.8,18.1,17.2,63.9,65.7,69.9,74.1,75.7,73.8,69.6,65.2,60.0,62.4,65.8,70.4,75.0,78.9,81.5,78.7,74.9,70.8,66.6,62.7,67.9,69.7,71.6,72.4,71.7,69.9,68.0,67.2,-90.4,-94.7,-96.3,-94.4,-90.1,-85.6,-84.2,-86.1,-88.6,-91.1,-92.6,-93.3,-92.2,-90.1,-87.1,-85.5,-85.0,-84.9,-85.4,-86.5,-88.4,-87.5,-88.3,-90.1,-92.0,-92.8,-92.1,-90.3,-85.7,-90.0,-91.7,-89.9,-85.6,-81.4,-79.6,-81.1,-82.9,-85.7,-87.7,-88.5,-87.7,-86.1,-83.6,-81.7,-80.7,-80.4,-80.7,-81.3,-83.7,-82.9,-83.7,-85.6,-87.4,-88.2,-87.5,-85.6,638.1,638.6,638.0,636.8,635.6,635.2,635.6,636.9,643.1,640.4,637.5,635.4,635.0,635.5,636.3,635.2,634.4,635.0,637.0,640.0,637.6,637.1,636.9,637.1,637.6,638.1,638.4,638.2,608.5,609.6,610.3,610.3,609.5,608.4,607.7,607.9,609.7,608.5,607.6,607.5,608.9,611.4,613.9,610.9,608.3,606.8,606.8,608.1,609.2,609.2,609.5,610.0,610.4,610.4,610.0,609.6,47.4,-54.0,682.8,0.075,0.314,0.043,293.6,292.9,293.5,294.9,296.8,300.3,305.3,312.1,321.9,333.4,344.9,355.4,363.4,368.3,370.9,372.3,373.2,296.4,300.1,306.2,312.6,318.4,332.0,339.7,347.6,354.9,360.1,324.5,323.2,321.8,320.4,314.9,318.2,321.8,326.3,330.6,302.8,306.5,311.6,315.8,311.3,306.2,337.1,341.5,346.9,351.3,347.2,341.9,310.0,313.9,318.6,321.9,326.0,332.3,338.8,332.2,326.1,321.7,318.1,313.6,312.2,318.5,321.9,326.1,336.0,326.0,321.8,318.4,116.0,126.6,137.4,148.0,158.2,167.5,175.2,181.4,183.8,183.5,179.6,173.4,165.0,154.5,142.8,130.6,118.5,104.7,99.1,97.4,98.3,100.9,100.8,98.0,97.6,100.0,105.4,110.4,117.3,124.2,131.3,138.3,139.8,140.9,140.0,139.0,112.8,109.5,109.7,113.2,114.4,114.4,113.6,109.9,110.2,113.4,115.0,114.8,155.8,152.0,150.2,151.3,150.5,152.7,156.3,160.2,161.3,161.5,161.0,159.4,155.7,154.2,154.6,154.4,156.3,156.1,156.2,155.7,-6.2,-7.5,-6.4,-3.8,-0.3,5.9,14.5,25.8,41.9,61.2,81.5,100.7,115.3,124.2,128.6,130.5,132.1,-1.1,5.3,15.7,26.3,35.7,57.9,70.4,83.6,95.8,104.6,45.5,42.8,40.2,37.5,29.6,34.8,40.4,47.7,54.7,10.0,16.3,24.8,31.8,24.3,15.7,66.8,74.0,82.7,90.2,83.0,74.4,22.0,28.0,35.3,40.6,47.1,57.6,68.9,57.5,47.3,40.3,34.5,27.5,25.5,35.3,40.7,47.4,64.3,47.2,40.5,35.0,-96.5,-77.2,-57.6,-38.3,-19.6,-2.8,10.8,21.2,24.8,24.4,18.1,7.6,-7.0,-25.3,-45.6,-66.5,-87.6,-112.6,-120.9,-122.3,-119.2,-113.7,-112.6,-117.1,-117.9,-114.2,-105.5,-97.1,-84.6,-72.6,-60.3,-50.6,-47.8,-45.7,-47.2,-49.0,-97.1,-102.0,-101.0,-94.6,-92.9,-93.4,-92.4,-98.1,-97.5,-92.3,-89.4,-89.9,-22.3,-28.1,-30.8,-28.8,-30.1,-26.7,-20.9,-14.4,-12.5,-12.3,-13.1,-15.8,-22.3,-24.2,-23.6,-23.8,-21.0,-21.0,-20.8,-21.8,743.1,743.0,743.3,743.5,738.8,729.4,715.2,697.0,686.2,686.3,695.0,704.0,709.2,711.0,710.0,707.4,707.1,714.3,706.2,697.1,687.9,681.3,674.2,673.2,674.3,675.0,676.9,675.6,668.2,660.8,653.6,673.4,668.4,664.4,664.3,665.2,704.8,699.0,694.6,691.8,694.3,698.4,680.1,677.8,676.1,677.1,675.3,676.9,688.5,674.4,667.8,665.1,663.6,666.6,673.6,666.2,663.4,664.8,667.8,675.1,684.2,669.4,666.4,665.1,672.1,665.0,666.3,669.4,0.595,0.009,0.275,0.045,325.539,136.641,-16.074,-12.843,-18.991,13.890,-11.248,2.568,5.991,2.418,2.967,4.640,-4.344,0.354,0.035,-3.907,1.113,-0.038,0.400,-1.577,-0.386,0.006,0.945,-0.079,0.294,0.079,0.468,-0.854,0.166,0.024,-0.084,-0.055,0.046,-0.037,-0.010,0.032,0.00,0.00,1.22,0.00,0.64,2.94,0.09,0.28,0.03,0.00,0.00,0.49,0.00,0.05,0.55,1.07,0.07,0.00,0.00,1.00,0.00,1.00,1.00,0.00,0.00,0.00,0.00,0.00,1.00,0.00,0.00,0.00,0.00,0.00,0.00
37,0,3.600,0.98,1,-0.172938,0.163649,-0.971242,-0.322003,0.160759,-0.932990,-0.254,0.169,305.6,306.9,309.5,312.0,312.9,311.8,309.0,306.5,302.6,303.9,306.0,308.8,311.7,314.0,315.5,313.5,310.9,308.2,305.8,303.8,308.1,309.2,310.4,311.0,310.6,309.5,308.3,307.8,339.7,340.9,343.7,346.5,347.6,346.5,343.7,340.7,337.1,338.7,341.1,344.2,347.2,349.6,351.2,349.5,347.2,344.5,341.7,339.0,342.4,343.6,344.8,345.4,344.9,343.6,342.4,341.9,110.9,108.3,107.3,108.4,111.1,114.0,114.8,113.6,112.5,110.6,109.4,108.9,109.6,111.1,113.2,114.0,114.2,114.3,114.1,113.5,112.3,112.8,112.3,111.2,110.0,109.5,110.0,111.1,111.9,109.2,108.1,109.3,112.1,114.9,116.0,115.0,113.9,111.9,110.5,109.9,110.6,112.0,113.9,114.9,115.3,115.4,115.2,114.9,113.4,113.9,113.4,112.2,111.0,110.4,110.9,112.1,13.4,15.4,19.5,23.4,24.7,23.1,18.6,14.7,8.8,10.8,14.0,18.3,22.9,26.3,28.8,25.6,21.5,17.4,13.7,10.7,17.4,19.1,20.9,21.7,21.2,19.5,17.7,16.8,63.3,65.1,69.3,73.5,75.1,73.2,69.0,64.6,59.4,61.8,65.2,69.8,74.4,78.3,80.9,78.1,74.3,70.1,65.9,62.1,67.3,69.1,71.0,71.8,71.1,69.3,67.4,66.6,-90.6,-94.8,-96.3,-94.3,-90.0,-85.5,-84.3,-86.3,-88.9,-91.4,-92.9,-93.4,-92.2,-89.9,-86.8,-85.4,-85.0,-84.9,-85.5,-86.8,-88.5,-87.6,-88.3,-90.1,-92.0,-92.9,-92.2,-90.4,-84.5,-88.7,-90.5,-88.6,-84.3,-80.1,-78.4,-79.9,-81.7,-84.5,-86.5,-87.3,-86.5,-84.8,-82.2,-80.4,-79.4,-79.1,-79.4,-80.1,-82.5,-81.7,-82.4,-84.3,-86.2,-87.0,-86.2,-84.3,636.8,637.3,636.7,635.5,634.3,633.9,634.3,635.6,641.7,639.0,636.1,634.1,633.7,634.2,635.0,633.9,633.1,633.7,635.6,638.6,636.3,635.8,635.5,635.8,636.3,636.8,637.1,636.8,604.2,605.3,606.0,605.9,605.1,604.0,603.2,603.5,605.4,604.3,603.4,603.2,604.5,606.9,609.3,606.4,603.8,602.4,602.5,603.8,604.9,604.8,605.1,605.6,606.0,606.0,605.7,605.2,46.5,-52.2,676.1,0.131,0.348,0.035,293.6,292.9,293.4,294.9,296.9,300.4,305.4,312.2,321.8,333.3,344.7,355.1,363.1,368.2,370.8,372.3,373.2,296.3,300.2,306.1,312.4,318.2,332.2,339.8,347.6,354.8,359.7,324.3,322.9,321.5,320.0,314.5,317.8,321.4,326.0,330.2,302.5,306.2,311.3,315.5,311.0,305.9,337.0,341.4,346.9,351.3,347.1,341.8,309.1,312.8,317.8,321.3,325.6,332.7,339.5,332.9,326.0,321.4,317.4,312.4,311.4,317.8,321.4,325.7,336.9,325.9,321.5,317.7,115.6,126.4,137.3,148.0,158.5,168.1,176.3,183.2,185.9,185.4,180.7,173.9,165.0,154.3,142.6,130.5,118.5,103.4,98.0,96.4,97.3,100.2,100.5,97.6,97.3,99.7,105.1,110.6,117.6,124.5,131.6,138.5,140.1,141.4,140.5,139.5,112.5,109.2,109.5,113.3,114.3,114.2,114.0,110.3,110.6,113.9,115.4,115.3,156.4,152.1,150.3,151.6,150.8,153.2,157.5,164.0,166.2,166.3,165.6,162.7,156.5,154.5,154.9,154.9,157.6,160.6,160.7,160.0,-6.0,-7.4,-6.4,-3.7,-0.2,6.0,14.6,25.7,41.5,60.5,80.1,98.7,112.6,121.3,125.4,127.5,129.1,-1.2,5.4,15.3,25.6,34.8,57.2,69.3,82.0,93.7,101.8,44.5,41.7,39.1,36.3,28.4,33.6,39.3,46.5,53.4,9.3,15.6,24.0,30.8,23.5,15.0,65.4,72.4,81.1,88.4,81.3,72.9,20.4,25.9,33.7,39.2,46.0,57.6,69.4,58.2,46.9,39.5,33.2,25.5,24.0,33.8,39.4,46.2,65.1,46.8,39.8,33.8,-95.7,-76.3,-56.9,-37.7,-18.8,-1.6,12.7,24.1,28.2,27.2,19.7,8.3,-6.8,-25.0,-44.8,-65.1,-85.6,-113.0,-120.9,-122.1,-118.8,-112.9,-111.3,-115.7,-116.2,-112.2,-103.7,-95.0,-82.9,-71.1,-59.1,-49.7,-46.7,-44.4,-45.8,-47.5,-96.1,-100.9,-99.6,-92.9,-91.6,-92.4,-90.0,-95.7,-95.0,-89.6,-87.0,-87.4,-21.2,-27.7,-30.2,-28.1,-29.3,-25.4,-18.8,-8.2,-4.6,-4.4,-5.5,-10.3,-20.8,-23.6,-22.8,-22.8,-18.5,-13.6,-13.4,-14.7,731.0,731.8,733.1,734.3,730.6,722.3,709.5,692.4,681.3,680.0,686.1,692.4,695.1,695.3,693.4,691.2,690.9,702.3,694.6,685.6,676.3,670.2,662.8,661.1,661.3,661.2,662.3,664.3,658.0,651.7,645.4,665.0,660.3,656.5,655.9,656.1,694.1,688.1,683.7,680.8,683.8,688.1,667.8,665.1,663.1,663.9,662.5,664.4,684.7,669.5,660.8,657.7,656.0,659.0,666.4,661.6,659.7,661.6,664.8,672.8,680.9,663.0,659.5,657.8,666.0,660.6,662.3,665.6,0.603,0.061,0.314,0.040,325.338,137.341,-36.630,-11.323,-9.273,13.959,-7.839,-5.693,6.694,2.417,3.238,7.825,-2.957,-0.314,0.864,-4.105,-0.798,0.568,1.579,-1.796,-1.174,1.071,0.808,-0.053,-0.151,0.283,0.258,-0.677,0.439,0.068,-0.041,-0.014,0.034,0.006,0.027,0.045,0.00,0.00,1.09,0.00,0.66,2.86,0.01,0.35,0.03,0.00,0.00,0.40,0.01,0.02,0.97,1.30,0.05,0.00,0.00,1.00,0.00,1.00,1.00,0.00,0.00,0.00,0.00,0.00,1.00,0.00,0.00,0.00,0.00,0.00,0.00
38,0,3.700,0.98,1,-0.174952,0.162921,-0.971004,-0.324101,0.160390,-0.932327,-0.256,0.168,305.4,306.7,309.3,311.8,312.7,311.6,308.8,306.3,302.4,303.7,305.8,308.6,311.5,313.8,315.3,313.3,310.7,308.0,305.6,303.6,308.0,309.0,310.2,310.8,310.4,309.3,308.1,307.6,339.4,340.6,343.4,346.2,347.3,346.1,343.3,340.4,336.8,338.4,340.8,343.9,346.9,349.3,350.9,349.2,346.9,344.2,341.3,338.7,342.1,343.3,344.5,345.0,344.5,343.3,342.1,341.6,110.4,107.8,106.8,107.9,110.6,113.5,114.3,113.1,112.0,110.1,108.9,108.4,109.1,110.7,112.7,113.5,113.7,113.8,113.6,113.0,111.8,112.3,111.8,110.7,109.5,109.0,109.5,110.6,111.5,108.8,107.7,108.9,111.7,114.5,115.6,114.6,113.5,111.5,110.1,109.5,110.2,111.6,113.5,114.5,114.9,115.0,114.8,114.5,112.9,113.5,113.0,111.8,110.6,110.0,110.5,111.7,13.1,15.1,19.3,23.2,24.5,22.8,18.3,14.5,8.5,10.6,13.8,18.1,22.6,26.1,28.5,25.4,21.3,17.1,13.4,10.4,17.1,18.8,20.6,21.5,20.9,19.2,17.4,16.5,63.0,64.9,69.1,73.2,74.8,72.9,68.7,64.3,59.2,61.5,64.9,69.5,74.2,78.0,80.7,77.8,74.0,69.8,65.6,61.9,67.0,68.8,70.7,71.5,70.8,69.0,67.2,66.4,-91.6,-95.7,-97.3,-95.3,-90.9,-86.4,-85.2,-87.2,-89.9,-92.4,-93.8,-94.3,-93.2,-90.8,-87.7,-86.3,-85.9,-85.9,-86.5,-87.7,-89.4,-88.5,-89.2,-91.0,-92.9,-93.8,-93.1,-91.3,-85.4,-89.6,-91.3,-89.5,-85.2,-81.0,-79.3,-80.8,-82.6,-85.4,-87.4,-88.2,-87.4,-85.7,-83.1,-81.2,-80.3,-80.0,-80.3,-81.0,-83.3,-82.5,-83.3,-85.1,-87.0,-87.8,-87.1,-85.2,637.9,638.4,637.9,636.7,635.5,635.1,635.4,636.7,642.9,640.1,637.3,635.3,634.9,635.4,636.2,635.1,634.3,634.8,636.7,639.7,637.5,636.9,636.7,636.9,637.5,638.0,638.2,638.0,606.1,607.2,607.9,607.8,606.9,605.8,605.1,605.4,607.3,606.2,605.3,605.1,606.4,608.8,611.2,608.2,605.7,604.3,604.4,605.7,606.8,606.7,607.0,607.5,607.9,607.9,607.6,607.1,45.7,-52.2,671.7,0.127,0.353,0.036,293.4,292.6,293.2,294.7,296.6,300.1,305.1,311.9,321.7,333.2,344.6,355.1,363.0,368.1,370.7,372.2,373.2,296.1,299.9,305.9,312.2,317.9,332.0,339.6,347.4,354.6,359.5,324.1,322.6,321.1,319.6,314.2,317.5,321.1,325.6,329.8,302.3,306.1,311.2,315.3,310.8,305.7,336.7,341.1,346.6,351.0,346.8,341.4,309.0,312.4,317.4,321.0,325.2,332.3,339.0,332.5,325.7,321.1,317.1,312.1,311.2,317.5,321.0,325.3,336.4,325.6,321.2,317.5,115.1,126.1,137.2,148.1,158.6,168.4,176.8,183.7,186.5,185.9,181.2,174.2,165.2,154.4,142.6,130.4,118.2,102.9,97.5,95.8,96.8,99.8,100.0,97.2,96.9,99.4,104.8,110.1,117.1,124.0,131.1,138.1,139.7,140.9,140.0,139.0,112.0,108.7,109.0,112.9,113.8,113.7,113.6,109.9,110.2,113.5,115.0,114.9,156.1,151.6,149.8,151.0,150.3,152.8,157.3,164.0,166.4,166.5,165.8,162.8,156.2,153.9,154.4,154.3,157.4,160.8,160.9,160.2,-6.5,-7.9,-6.8,-4.1,-0.7,5.5,14.1,25.2,40.9,59.9,79.5,97.8,111.6,120.2,124.3,126.4,128.0,-1.6,5.0,14.8,25.1,34.1,56.5,68.5,81.2,92.7,100.7,43.8,41.0,38.3,35.5,27.8,32.9,38.5,45.6,52.4,8.9,15.2,23.6,30.3,23.0,14.6,64.5,71.4,80.0,87.2,80.3,71.9,19.9,25.1,32.9,38.4,45.0,56.5,68.0,57.2,46.2,38.8,32.5,24.7,23.5,33.0,38.6,45.3,63.8,46.1,39.1,33.2,-96.0,-76.5,-56.9,-37.5,-18.4,-1.1,13.4,24.8,29.0,28.0,20.3,8.7,-6.5,-24.7,-44.6,-65.0,-85.4,-113.1,-121.1,-122.2,-118.9,-113.0,-111.3,-115.6,-116.0,-112.1,-103.6,-95.2,-83.1,-71.5,-59.5,-50.1,-47.2,-44.9,-46.2,-47.9,-96.3,-101.1,-99.8,-93.1,-91.9,-92.7,-90.1,-95.7,-95.0,-89.6,-87.0,-87.6,-21.4,-28.3,-30.9,-28.8,-29.9,-26.0,-19.0,-8.0,-4.2,-4.0,-5.1,-10.1,-21.2,-24.3,-23.5,-23.5,-18.8,-13.2,-13.0,-14.3,727.4,728.3,729.4,730.4,726.4,717.8,705.0,687.9,677.0,675.6,681.5,687.3,689.9,690.2,688.2,686.2,685.8,698.1,690.4,681.5,672.2,666.1,658.5,656.8,657.0,656.9,658.0,660.1,653.7,647.5,641.2,660.6,655.8,652.0,651.4,651.6,689.7,683.8,679.4,676.5,679.5,683.7,663.6,660.7,658.7,659.5,658.2,660.1,679.9,664.8,656.2,653.1,651.3,654.1,661.5,657.0,655.5,657.4,660.6,668.3,676.2,658.3,654.9,653.2,661.2,656.4,658.2,661.5,0.607,0.057,0.320,0.041,325.074,137.104,-37.613,-9.856,-8.016,14.539,-8.652,-6.904,8.851,2.348,3.477,6.667,-3.099,-0.943,0.858,-4.129,-0.054,-0.036,1.603,-1.662,-1.507,1.111,0.742,0.027,-0.358,0.421,0.293,-0.583,0.493,0.054,-0.021,-0.015,0.018,0.004,0.024,0.049,0.00,0.00,1.09,0.00,0.67,3.02,0.00,0.40,0.00,0.00,0.00,0.48,0.01,0.00,1.06,1.19,0.05,0.00,0.00,1.00,0.00,1.00,1.00,0.00,0.00,0.00,0.00,0.00,0.00,0.00,0.00,0.00,0.00,0.00,0.00
39,0,3.800,0.98,1,-0.158103,0.133630,-0.978339,-0.299996,0.130415,-0.944984,-0.234,0.136,305.0,306.2,308.9,311.4,312.4,311.4,308.5,306.0,302.0,303.3,305.4,308.1,311.1,313.4,315.0,313.0,310.4,307.7,305.3,303.3,307.6,308.7,309.9,310.4,310.0,308.9,307.7,307.2,339.1,340.2,343.0,345.8,346.9,345.8,343.0,340.0,336.4,338.1,340.4,343.5,346.5,348.9,350.5,348.8,346.5,343.8,341.0,338.3,341.8,343.0,344.2,344.7,344.2,343.0,341.7,341.2,110.4,107.8,106.7,107.8,110.4,113.3,114.2,113.1,112.0,110.2,109.0,108.4,109.0,110.4,112.4,113.3,113.6,113.7,113.5,113.1,111.7,112.2,111.7,110.6,109.4,108.9,109.4,110.6,110.8,108.0,106.9,108.1,110.9,113.7,114.8,113.8,112.7,110.8,109.4,108.8,109.5,110.8,112.6,113.6,114.0,114.1,113.9,113.6,112.2,112.7,112.2,111.0,109.8,109.2,109.7,110.9,12.6,14.4,18.5,22.5,23.9,22.4,17.9,14.0,7.9,9.9,13.1,17.3,21.9,25.5,28.0,24.9,20.8,16.6,12.9,9.9,16.6,18.3,20.1,20.9,20.3,18.6,16.8,16.0,62.8,64.6,68.8,73.0,74.6,72.8,68.6,64.1,58.9,61.3,64.7,69.3,74.0,77.8,80.5,77.6,73.9,69.7,65.5,61.6,66.8,68.7,70.5,71.3,70.6,68.8,66.9,66.1,-91.5,-95.7,-97.4,-95.5,-91.2,-86.6,-85.3,-87.2,-89.7,-92.2,-93.6,-94.3,-93.3,-91.1,-88.2,-86.7,-86.1,-86.0,-86.5,-87.6,-89.4,-88.6,-89.3,-91.2,-93.1,-93.9,-93.2,-91.3,-86.9,-91.2,-92.9,-91.1,-86.8,-82.5,-80.8,-82.3,-84.1,-86.9,-88.8,-89.6,-88.8,-87.3,-84.8,-82.9,-82.0,-81.6,-81.9,-82.6,-84.9,-84.1,-84.9,-86.7,-88.6,-89.4,-88.7,-86.8,637.7,638.2,637.7,636.4,635.2,634.8,635.2,636.4,642.7,639.9,637.0,635.0,634.6,635.0,635.9,634.7,634.0,634.5,636.5,639.5,637.2,636.6,636.4,636.6,637.2,637.7,638.0,637.7,608.8,609.9,610.6,610.6,609.8,608.7,607.9,608.2,610.0,608.9,607.9,607.8,609.2,611.6,614.1,611.1,608.5,607.1,607.1,608.4,609.5,609.5,609.8,610.3,610.6,610.7,610.3,609.9,46.0,-55.1,681.1,0.068,0.310,0.045,292.8,292.0,292.6,294.0,295.9,299.4,304.3,311.2,320.9,332.4,343.9,354.5,362.6,367.7,370.4,371.8,372.7,295.5,299.3,305.4,311.8,317.6,331.2,338.9,346.8,354.3,359.5,323.6,322.3,321.0,319.6,314.0,317.3,321.0,325.5,329.8,301.9,305.7,310.7,315.0,310.4,305.4,336.3,340.8,346.2,350.6,346.4,341.1,309.1,313.1,317.8,321.2,325.3,331.7,338.3,331.7,325.5,321.0,317.3,312.8,311.3,317.7,321.2,325.4,335.6,325.3,321.1,317.6,115.5,126.1,136.8,147.4,157.7,166.9,174.7,180.9,183.3,183.1,179.3,173.1,164.7,154.1,142.3,130.0,117.8,103.9,98.5,96.8,97.7,100.3,100.2,97.4,97.0,99.4,104.8,109.6,116.5,123.3,130.4,137.4,138.9,140.0,139.1,138.0,112.1,108.8,109.0,112.5,113.6,113.7,112.8,109.2,109.5,112.6,114.1,114.0,154.8,150.9,149.1,150.2,149.3,151.5,155.2,159.2,160.4,160.6,160.1,158.5,154.7,153.1,153.5,153.3,155.2,155.2,155.3,154.8,-7.7,-9.1,-8.0,-5.5,-2.0,4.2,12.9,24.1,40.1,59.4,79.7,99.0,113.9,123.0,127.5,129.5,131.1,-2.6,4.0,14.3,25.0,34.3,56.3,68.9,82.2,94.6,103.6,44.0,41.4,38.7,36.1,28.0,33.2,39.0,46.3,53.4,8.5,14.8,23.4,30.5,22.8,14.3,65.4,72.6,81.4,88.8,81.6,73.0,20.4,26.5,33.9,39.3,45.9,56.5,68.0,56.5,46.2,39.0,33.1,26.1,24.0,33.9,39.4,46.2,63.4,46.1,39.2,33.7,-97.2,-78.0,-58.4,-39.2,-20.5,-3.7,9.9,20.3,24.0,23.7,17.4,7.0,-7.5,-25.9,-46.4,-67.5,-88.7,-113.7,-121.9,-123.1,-120.0,-114.5,-113.4,-117.9,-118.8,-115.1,-106.4,-98.1,-85.8,-73.8,-61.7,-52.1,-49.2,-47.1,-48.6,-50.4,-98.2,-103.0,-102.1,-95.7,-94.1,-94.5,-93.5,-99.2,-98.5,-93.4,-90.7,-91.1,-23.9,-29.9,-32.5,-30.5,-31.9,-28.4,-22.7,-16.0,-13.9,-13.7,-14.5,-17.3,-23.9,-26.0,-25.3,-25.5,-22.7,-22.4,-22.2,-23.2,741.8,741.5,741.6,741.8,737.2,727.8,713.7,695.4,684.5,684.6,693.3,702.5,707.9,709.7,708.9,706.5,706.5,713.4,705.2,696.1,687.0,680.4,673.1,672.3,673.5,674.3,676.1,674.5,667.0,659.5,652.1,671.9,666.7,662.7,662.7,663.7,703.8,698.1,693.7,690.8,693.3,697.4,679.1,676.9,675.2,676.1,674.3,675.8,687.2,672.7,666.0,663.3,661.7,664.9,672.2,664.5,661.5,662.9,666.0,673.5,682.9,667.7,664.5,663.3,670.7,663.1,664.5,667.7,0.596,0.001,0.272,0.046,324.765,135.881,-14.952,-13.873,-16.822,13.352,-12.186,2.514,6.028,2.598,2.829,3.590,-3.989,0.600,-0.432,-3.809,1.463,-0.320,0.174,-2.226,-0.209,-0.122,0.998,-0.034,0.202,0.027,0.491,-0.814,0.098,0.020,-0.095,-0.084,0.054,-0.045,-0.011,0.040,0.04,0.00,1.00,0.00,0.67,3.22,0.02,0.24,0.00,0.00,0.00,0.30,0.01,0.00,0.68,0.67,0.05,0.00,0.00,1.00,0.00,1.00,1.00,0.00,0.00,0.00,0.00,0.00,0.00,0.00,0.00,0.00,0.00,0.00,0.00
40,0,3.900,0.98,1,-0.136185,0.134345,-0.981532,-0.281773,0.133321,-0.950173,-0.213,0.138,305.9,307.1,309.7,312.3,313.3,312.3,309.4,306.8,302.8,304.1,306.2,309.0,312.0,314.3,315.9,313.9,311.3,308.6,306.1,304.1,308.5,309.6,310.8,311.3,310.9,309.7,308.6,308.0,340.1,341.2,344.0,346.8,348.0,346.9,344.1,341.1,337.4,339.1,341.5,344.6,347.6,349.9,351.5,349.9,347.6,345.0,342.1,339.4,342.8,344.0,345.2,345.7,345.2,343.9,342.7,342.3,113.3,110.6,109.5,110.6,113.3,116.3,117.1,116.0,114.9,113.1,111.9,111.3,111.9,113.3,115.4,116.3,116.6,116.7,116.5,116.0,114.6,115.1,114.6,113.5,112.3,111.8,112.3,113.5,113.5,110.7,109.5,110.7,113.5,116.3,117.5,116.5,115.5,113.5,112.0,111.4,112.1,113.3,115.2,116.3,116.8,116.9,116.7,116.4,114.9,115.4,114.9,113.7,112.4,111.9,112.4,113.6,13.7,15.5,19.6,23.6,25.0,23.5,19.1,15.1,9.0,11.0,14.2,18.5,23.1,26.6,29.1,26.0,21.9,17.8,14.0,11.0,17.7,19.4,21.2,22.0,21.4,19.7,17.9,17.0,63.8,65.5,69.7,73.9,75.6,73.8,69.6,65.2,59.9,62.3,65.7,70.3,74.9,78.7,81.4,78.6,74.9,70.8,66.6,62.7,67.8,69.7,71.5,72.2,71.5,69.7,67.8,67.1,-85.9,-90.1,-91.8,-89.9,-85.6,-81.1,-79.7,-81.6,-84.1,-86.6,-88.1,-88.7,-87.7,-85.6,-82.6,-81.0,-80.5,-80.3,-80.8,-82.0,-83.8,-83.0,-83.7,-85.6,-87.5,-88.3,-87.6,-85.7,-82.1,-86.4,-88.2,-86.5,-82.2,-77.9,-76.1,-77.5,-79.2,-82.1,-84.2,-85.1,-84.3,-82.8,-80.3,-78.3,-77.3,-76.9,-77.1,-77.7,-80.2,-79.4,-80.2,-82.1,-84.0,-84.7,-83.9,-82.0,629.8,630.3,629.7,628.6,627.4,627.0,627.4,628.6,634.8,632.0,629.1,627.2,626.8,627.3,628.2,627.0,626.2,626.7,628.7,631.6,629.4,628.8,628.6,628.8,629.3,629.9,630.1,629.9,603.6,604.7,605.5,605.6,604.9,603.8,603.0,603.0,604.7,603.6,602.8,602.8,604.3,606.8,609.4,606.4,603.7,602.2,602.0,603.2,604.4,604.5,604.8,605.3,605.6,605.6,605.2,604.7,48.6,-51.8,691.2,0.085,0.277,0.039,293.0,292.2,292.7,294.1,296.0,299.7,305.0,312.3,322.1,333.4,344.5,354.8,362.9,368.0,370.7,372.1,372.9,296.3,300.3,306.4,312.9,318.6,332.6,340.2,347.9,355.1,360.3,324.9,323.9,322.8,321.7,315.7,319.1,322.8,327.2,331.4,302.7,306.5,311.7,315.9,311.4,306.2,337.3,341.8,347.2,351.6,347.5,342.2,310.5,314.8,319.5,322.9,327.0,333.1,339.4,333.1,327.1,322.7,319.0,314.5,312.8,319.4,322.9,327.0,336.8,326.9,322.7,319.2,118.2,128.5,138.9,149.2,159.1,168.2,175.9,182.2,184.6,184.4,180.6,174.4,166.1,155.6,143.9,131.8,119.6,106.3,101.2,99.7,100.5,102.9,102.7,99.9,99.4,101.7,106.9,112.6,119.6,126.5,133.6,140.3,141.8,142.9,142.0,140.9,115.0,111.6,111.8,115.4,116.6,116.7,115.6,111.8,112.0,115.2,116.9,116.8,157.3,153.5,151.8,152.9,152.0,154.2,157.7,161.6,162.8,163.0,162.5,160.9,157.3,155.8,156.1,156.0,157.7,157.7,157.8,157.3,-7.4,-8.8,-7.8,-5.4,-1.8,4.8,14.2,26.5,42.9,62.1,82.1,101.3,116.4,125.8,130.5,132.5,133.8,-1.2,5.8,16.3,27.1,36.5,59.5,72.2,85.3,97.5,106.5,46.8,44.6,42.4,40.1,31.3,36.7,42.6,49.9,56.8,10.0,16.4,25.2,32.4,24.7,15.9,68.1,75.4,84.4,91.9,84.8,76.0,23.1,29.8,37.3,42.8,49.4,59.9,71.0,59.8,49.7,42.5,36.5,29.3,26.8,37.2,42.8,49.6,66.5,49.4,42.6,36.9,-93.0,-74.2,-55.2,-36.4,-18.0,-1.4,12.2,22.9,26.7,26.3,20.0,9.5,-5.1,-23.7,-44.4,-65.7,-87.1,-110.7,-118.5,-119.7,-116.8,-111.7,-110.9,-115.5,-116.5,-112.9,-104.5,-94.6,-82.0,-69.8,-57.5,-48.0,-45.1,-43.1,-44.6,-46.4,-94.3,-99.4,-98.4,-91.8,-90.1,-90.6,-90.2,-96.3,-95.7,-90.6,-87.5,-87.7,-20.0,-25.9,-28.6,-26.6,-28.0,-24.6,-19.0,-12.2,-10.2,-10.0,-10.8,-13.6,-19.9,-21.9,-21.3,-21.5,-18.9,-18.7,-18.6,-19.5,747.6,747.5,748.2,749.2,745.9,737.6,724.5,706.9,696.4,696.9,705.9,715.4,721.2,723.3,722.6,720.0,719.4,720.6,712.8,704.4,695.7,689.6,682.8,682.2,683.7,684.8,686.9,684.3,677.3,670.2,663.2,682.3,677.5,673.9,674.0,675.0,712.4,706.6,702.4,699.8,702.1,706.1,689.1,687.0,685.7,687.0,684.9,686.1,697.3,683.5,677.1,674.5,673.1,676.6,683.9,676.4,673.2,674.6,677.4,684.6,693.1,678.9,675.8,674.7,682.4,674.6,675.9,678.9,0.587,0.025,0.233,0.041,325.876,138.294,-18.199,-17.935,-19.569,12.699,-10.514,1.724,4.810,1.659,1.379,5.061,-3.614,1.177,0.356,-3.467,1.927,0.136,0.416,-2.152,-0.377,0.194,0.375,0.526,0.101,0.475,0.209,-0.830,0.286,0.032,-0.068,-0.066,0.060,-0.027,0.013,0.065,0.04,0.00,1.06,0.00,0.58,3.63,0.10,0.05,0.00,0.00,0.00,0.08,0.00,0.01,0.15,0.06,0.00,0.00,0.00,1.00,0.00,1.00,1.00,0.00,0.00,0.00,0.00,0.00,0.00,0.00,0.00,0.00,0.00,0.00,0.00
41,0,4.000,0.98,1,-0.112668,0.132611,-0.984744,-0.256250,0.132268,-0.957518,-0.188,0.136,309.0,310.3,313.0,315.6,316.6,315.6,312.7,310.0,305.9,307.3,309.4,312.3,315.3,317.6,319.2,317.3,314.6,311.8,309.3,307.3,311.7,312.8,314.0,314.5,314.1,313.0,311.8,311.3,343.7,344.8,347.6,350.4,351.6,350.5,347.8,344.8,341.0,342.7,345.1,348.2,351.2,353.5,355.0,353.5,351.3,348.7,345.8,343.0,346.4,347.6,348.8,349.3,348.8,347.5,346.3,345.9,115.3,112.6,111.4,112.6,115.3,118.2,119.1,118.0,116.9,115.1,113.8,113.2,113.9,115.3,117.3,118.2,118.5,118.6,118.4,117.9,116.6,117.1,116.6,115.4,114.2,113.7,114.2,115.4,115.4,112.6,111.4,112.6,115.4,118.2,119.4,118.4,117.4,115.4,114.0,113.4,114.0,115.2,117.1,118.1,118.6,118.8,118.6,118.3,116.8,117.3,116.8,115.5,114.3,113.8,114.3,115.5,18.5,20.3,24.4,28.4,29.9,28.3,23.9,19.9,13.7,15.8,19.0,23.3,27.9,31.4,34.0,30.9,26.8,22.6,18.9,15.8,22.5,24.2,26.0,26.8,26.2,24.5,22.7,21.8,68.8,70.6,74.7,78.9,80.7,78.9,74.8,70.3,64.9,67.3,70.8,75.4,80.0,83.8,86.4,83.7,80.1,75.9,71.7,67.8,72.9,74.7,76.6,77.3,76.6,74.7,72.9,72.1,-82.3,-86.5,-88.2,-86.3,-82.0,-77.5,-76.1,-78.0,-80.5,-82.9,-84.4,-85.0,-84.1,-82.0,-79.0,-77.5,-77.0,-76.8,-77.3,-78.4,-80.2,-79.4,-80.2,-82.0,-83.9,-84.7,-84.0,-82.1,-79.0,-83.3,-85.1,-83.4,-79.1,-74.8,-73.0,-74.4,-76.1,-78.9,-80.9,-81.8,-81.2,-79.7,-77.3,-75.3,-74.3,-73.9,-74.1,-74.6,-77.1,-76.3,-77.1,-79.0,-80.9,-81.6,-80.8,-78.9,625.0,625.5,625.1,624.0,622.9,622.5,622.8,623.9,629.9,627.2,624.4,622.5,622.2,622.8,623.8,622.6,621.7,622.1,623.9,626.8,624.7,624.2,624.0,624.3,624.8,625.3,625.4,625.2,601.1,602.2,603.2,603.4,602.8,601.7,600.7,600.6,602.0,601.0,600.3,600.5,602.2,604.8,607.5,604.4,601.6,599.9,599.7,600.7,602.1,602.2,602.6,603.1,603.4,603.3,602.9,602.4,55.4,-49.9,703.4,0.090,0.240,0.035,295.8,295.2,295.8,297.1,299.1,302.8,308.3,315.7,325.5,336.4,347.0,356.9,364.7,369.7,372.4,373.9,374.8,299.1,303.2,309.6,316.2,322.2,336.1,343.6,351.3,358.5,363.7,328.6,327.7,326.9,325.9,319.5,323.0,326.8,331.2,335.3,305.8,309.7,314.9,319.3,314.7,309.4,340.9,345.5,350.9,355.2,351.2,345.9,314.1,318.8,323.6,327.0,331.1,337.0,343.0,337.0,331.2,326.8,323.1,318.4,316.4,323.4,327.0,331.1,340.5,331.0,326.8,323.2,120.2,130.3,140.4,150.5,160.3,169.3,176.9,183.3,185.6,185.3,181.3,175.0,166.6,156.3,144.9,133.0,121.1,109.1,104.0,102.5,103.3,105.7,105.5,102.8,102.3,104.4,109.4,114.7,121.8,128.7,136.0,142.1,143.6,144.8,143.8,142.7,116.9,113.6,113.8,117.4,118.5,118.6,117.5,113.8,114.0,117.1,118.7,118.7,158.4,155.1,153.5,154.6,153.7,155.6,158.7,162.5,163.7,163.9,163.4,161.9,158.4,157.3,157.6,157.4,158.7,158.6,158.8,158.3,-2.2,-3.3,-2.2,0.2,3.8,10.6,20.3,32.9,49.5,68.8,88.4,107.4,122.4,131.9,136.8,139.1,140.6,3.8,10.9,22.0,33.3,43.2,66.6,79.5,92.8,105.4,114.9,53.9,51.9,49.9,47.8,38.3,43.9,50.1,57.5,64.6,15.6,22.3,31.4,38.8,30.9,21.8,75.7,83.3,92.5,100.1,92.9,83.9,29.7,37.2,45.0,50.6,57.4,67.7,78.7,67.7,57.6,50.3,44.1,36.6,33.6,44.8,50.6,57.5,74.2,57.3,50.3,44.5,-90.6,-71.9,-53.0,-34.5,-16.1,0.6,14.4,25.2,29.0,28.4,21.7,10.7,-4.3,-23.1,-43.8,-65.0,-86.5,-107.5,-115.3,-116.5,-113.7,-108.8,-108.3,-112.9,-114.1,-110.8,-102.6,-92.7,-79.8,-67.2,-54.6,-45.8,-42.8,-40.7,-42.4,-44.4,-92.4,-97.4,-96.6,-90.1,-88.3,-88.6,-88.8,-94.9,-94.4,-89.4,-86.2,-86.4,-18.5,-23.8,-26.2,-24.3,-25.8,-22.7,-17.7,-11.1,-8.9,-8.6,-9.4,-12.1,-18.3,-19.9,-19.2,-19.6,-17.5,-17.5,-17.2,-18.1,757.2,757.3,758.2,759.4,756.7,749.3,737.3,720.2,710.2,711.7,721.5,731.8,738.2,740.6,740.2,737.7,737.1,732.1,723.8,715.3,706.8,700.8,696.0,696.0,698.1,699.9,702.9,696.5,689.1,681.7,674.5,694.0,689.2,685.8,686.3,687.8,723.7,718.1,714.1,711.8,713.8,717.5,703.1,701.4,700.5,702.2,699.8,700.6,709.5,696.2,690.0,687.7,686.7,690.7,698.4,690.3,686.5,687.5,690.1,696.9,705.4,691.8,689.1,688.3,696.6,687.8,688.7,691.5,0.576,0.034,0.182,0.039,329.310,139.941,-15.145,-18.691,-17.879,14.293,-9.830,3.877,1.986,0.050,3.210,3.776,-2.222,2.434,0.874,-2.317,2.357,-1.483,-0.165,-1.739,-0.184,0.706,0.666,0.571,-0.108,0.338,-0.032,-0.724,0.570,0.017,-0.051,-0.055,0.042,0.004,0.031,0.048,0.04,0.00,1.23,0.00,0.60,3.92,0.10,0.19,0.00,0.00,0.00,0.29,0.00,0.01,0.37,0.65,0.00,0.00,0.00,1.00,0.00,1.00,1.00,0.00,0.00,0.00,0.00,0.00,0.00,0.00,0.00,0.00,0.00,0.00,0.00
42,0,4.100,0.98,1,-0.109655,0.156200,-0.981620,-0.257221,0.157005,-0.953513,-0.187,0.160,308.2,309.5,312.3,314.9,315.8,314.8,311.8,309.2,305.0,306.5,308.7,311.6,314.6,316.9,318.5,316.5,313.8,311.1,308.5,306.4,310.9,312.0,313.2,313.8,313.4,312.2,311.0,310.5,343.1,344.1,346.9,349.7,351.0,349.9,347.1,344.1,340.3,342.0,344.4,347.6,350.6,352.9,354.4,352.9,350.6,348.0,345.1,342.4,345.7,347.0,348.2,348.7,348.1,346.9,345.7,345.2,115.2,112.5,111.4,112.6,115.3,118.3,119.1,118.0,116.8,115.0,113.8,113.2,113.9,115.4,117.5,118.3,118.5,118.6,118.4,117.9,116.6,117.1,116.6,115.4,114.2,113.7,114.2,115.4,115.8,113.0,111.9,113.1,115.9,118.7,119.9,118.9,117.9,115.9,114.4,113.8,114.5,115.8,117.7,118.7,119.1,119.3,119.1,118.8,117.3,117.8,117.3,116.0,114.8,114.3,114.8,116.0,17.1,19.0,23.2,27.1,28.5,26.9,22.5,18.5,12.3,14.4,17.8,22.1,26.7,30.2,32.6,29.5,25.4,21.3,17.5,14.3,21.1,22.8,24.6,25.5,24.9,23.2,21.3,20.5,67.5,69.2,73.4,77.6,79.3,77.6,73.4,68.9,63.6,66.0,69.5,74.1,78.7,82.4,85.0,82.4,78.7,74.6,70.3,66.4,71.6,73.4,75.2,76.0,75.2,73.4,71.6,70.8,-81.8,-86.0,-87.6,-85.6,-81.3,-76.8,-75.5,-77.4,-80.0,-82.4,-83.9,-84.5,-83.4,-81.2,-78.2,-76.8,-76.3,-76.3,-76.8,-77.9,-79.7,-78.8,-79.5,-81.3,-83.2,-84.1,-83.4,-81.5,-77.9,-82.2,-84.0,-82.3,-78.0,-73.7,-72.0,-73.3,-75.0,-77.9,-79.9,-80.8,-80.1,-78.5,-76.0,-74.1,-73.1,-72.7,-73.0,-73.5,-76.0,-75.2,-76.0,-77.9,-79.8,-80.5,-79.7,-77.8,620.5,621.1,620.7,619.6,618.5,618.0,618.2,619.3,625.2,622.5,619.8,618.0,617.8,618.4,619.4,618.1,617.2,617.5,619.3,622.1,620.2,619.7,619.5,619.8,620.3,620.8,620.9,620.7,598.2,599.4,600.4,600.6,599.9,598.7,597.7,597.7,599.1,598.2,597.5,597.6,599.3,601.9,604.5,601.4,598.6,596.9,596.7,597.7,599.2,599.2,599.7,600.2,600.5,600.4,600.0,599.5,53.2,-47.2,693.6,0.141,0.241,0.034,294.8,294.1,294.7,296.0,297.9,301.5,306.9,314.4,324.5,335.7,346.2,356.1,363.8,368.8,371.5,373.0,373.9,298.5,302.6,308.9,315.6,321.5,335.7,343.3,351.0,358.1,362.9,328.0,327.1,326.2,325.3,318.7,322.2,326.1,330.5,334.6,304.9,308.9,314.2,318.5,313.9,308.7,340.2,344.8,350.2,354.5,350.5,345.2,312.8,317.2,322.5,326.1,330.3,336.8,342.7,336.9,330.6,326.0,321.9,316.8,315.2,322.3,326.0,330.3,340.3,330.3,325.9,322.1,119.8,130.0,140.4,150.4,160.5,169.9,178.2,185.4,188.3,187.8,183.2,176.1,167.2,156.5,145.0,133.2,121.3,108.5,103.6,102.3,103.2,105.7,105.7,103.0,102.6,104.9,110.0,115.2,122.3,129.3,136.5,142.6,144.3,145.6,144.6,143.5,116.8,113.5,113.8,117.6,118.6,118.5,118.0,114.2,114.4,117.6,119.3,119.2,159.9,155.9,154.2,155.4,154.5,156.8,160.7,166.7,168.9,169.0,168.4,165.7,160.1,158.2,158.6,158.5,160.8,163.3,163.5,162.8,-4.1,-5.3,-4.3,-1.8,1.6,8.1,17.7,30.5,47.4,66.8,86.0,104.4,118.8,127.9,132.5,134.7,136.0,2.6,9.8,20.4,31.5,41.3,64.8,77.5,90.6,102.7,111.4,51.8,49.9,48.0,46.0,36.4,41.9,48.1,55.5,62.4,13.8,20.5,29.5,36.9,29.1,20.1,73.1,80.5,89.6,97.1,90.1,81.2,27.2,34.0,42.4,48.3,55.2,66.4,77.2,66.8,56.1,48.4,41.8,33.4,31.1,42.4,48.3,55.4,73.0,55.6,48.4,42.2,-89.4,-70.9,-52.2,-34.0,-15.5,1.6,16.5,28.7,33.3,32.5,24.7,12.5,-3.3,-22.2,-42.6,-63.4,-84.4,-106.2,-113.5,-114.5,-111.6,-106.6,-105.9,-110.4,-111.3,-107.8,-99.7,-90.1,-77.5,-65.2,-52.8,-44.1,-41.1,-38.8,-40.4,-42.3,-90.8,-95.7,-94.7,-88.0,-86.6,-87.1,-86.2,-92.4,-91.9,-86.7,-83.7,-84.0,-15.6,-22.0,-24.7,-22.6,-24.0,-20.4,-14.0,-3.8,-0.2,0.0,-1.0,-5.6,-15.3,-18.1,-17.3,-17.4,-13.8,-9.5,-9.2,-10.5,741.6,742.6,744.6,747.0,745.6,739.8,729.6,713.8,703.6,704.2,712.6,721.2,726.1,727.2,725.6,723.0,722.0,716.5,708.7,700.6,692.4,687.2,682.9,682.8,684.8,686.5,689.4,683.1,676.5,670.0,663.5,683.0,678.5,675.3,675.7,676.9,709.7,704.1,700.4,698.4,700.7,704.1,689.8,687.8,686.9,688.7,686.5,687.4,701.7,687.3,679.8,677.3,676.2,680.8,689.3,683.4,680.5,681.7,684.4,691.0,698.1,682.3,679.4,678.4,688.4,680.8,681.9,684.8,0.585,0.087,0.185,0.041,328.504,141.032,-31.054,-17.066,-9.664,18.803,-9.940,-4.650,4.371,0.531,5.561,6.506,-0.801,1.649,1.879,-2.834,1.346,0.030,2.077,-1.865,-0.557,0.389,0.909,1.052,-0.061,0.788,-0.073,-0.639,0.771,0.126,0.045,-0.009,0.041,0.015,0.024,0.080,0.00,0.00,1.30,0.00,0.60,3.98,0.15,0.29,0.00,0.00,0.00,0.43,0.00,0.01,0.32,0.73,0.00,0.00,0.00,1.00,0.00,1.00,1.00,0.00,0.00,0.00,0.00,0.00,0.00,0.00,0.00,0.00,0.00,0.00,0.00
43,0,4.200,0.98,1,-0.113077,0.143033,-0.983237,-0.261070,0.140896,-0.954982,-0.191,0.145,306.6,307.8,310.6,313.2,314.1,313.1,310.1,307.5,303.4,304.8,307.0,309.9,312.9,315.2,316.8,314.8,312.1,309.3,306.8,304.7,309.2,310.3,311.5,312.1,311.7,310.5,309.3,308.8,341.4,342.5,345.3,348.1,349.3,348.2,345.4,342.4,338.7,340.4,342.8,345.9,348.9,351.3,352.8,351.2,349.0,346.3,343.4,340.7,344.1,345.3,346.5,347.0,346.5,345.3,344.0,343.6,114.5,111.8,110.7,111.9,114.6,117.6,118.4,117.2,116.0,114.2,113.0,112.5,113.2,114.7,116.8,117.6,117.8,117.9,117.7,117.1,115.9,116.4,115.9,114.7,113.5,113.0,113.5,114.7,115.3,112.5,111.4,112.6,115.4,118.2,119.4,118.4,117.3,115.3,113.9,113.3,114.0,115.3,117.2,118.2,118.6,118.7,118.5,118.2,116.7,117.2,116.8,115.5,114.3,113.8,114.2,115.5,14.6,16.5,20.7,24.6,26.0,24.4,19.9,16.0,9.7,11.9,15.2,19.5,24.1,27.6,30.0,27.0,22.9,18.7,14.9,11.8,18.6,20.3,22.1,23.0,22.4,20.6,18.8,18.0,65.2,66.9,71.1,75.3,77.0,75.2,71.0,66.6,61.2,63.6,67.1,71.7,76.4,80.1,82.7,80.0,76.3,72.2,67.9,64.0,69.2,71.0,72.9,73.6,72.9,71.1,69.2,68.5,-83.0,-87.2,-88.8,-86.8,-82.5,-78.0,-76.7,-78.7,-81.2,-83.7,-85.1,-85.7,-84.6,-82.4,-79.4,-77.9,-77.5,-77.4,-78.0,-79.2,-80.8,-80.0,-80.7,-82.5,-84.4,-85.3,-84.6,-82.7,-78.8,-83.1,-84.9,-83.1,-78.8,-74.6,-72.8,-74.2,-76.0,-78.8,-80.8,-81.6,-80.9,-79.3,-76.8,-74.9,-74.0,-73.6,-73.9,-74.5,-76.8,-76.1,-76.8,-78.7,-80.6,-81.4,-80.6,-78.7,621.3,621.9,621.5,620.4,619.2,618.8,619.0,620.1,626.1,623.4,620.6,618.8,618.5,619.1,620.0,618.8,617.9,618.3,620.1,623.0,621.0,620.5,620.3,620.5,621.1,621.5,621.7,621.5,598.9,600.1,601.0,601.1,600.4,599.2,598.3,598.3,599.9,598.9,598.1,598.2,599.8,602.4,605.0,601.9,599.2,597.5,597.3,598.4,599.8,599.8,600.2,600.8,601.1,601.0,600.6,600.1,50.2,-48.9,693.2,0.111,0.248,0.042,293.1,292.4,292.9,294.2,296.2,299.9,305.4,312.7,322.6,333.9,344.7,354.8,362.6,367.7,370.4,372.0,372.9,296.6,300.8,307.2,313.8,319.7,334.0,341.7,349.5,356.7,361.7,326.2,325.2,324.2,323.1,316.6,320.1,323.9,328.5,332.7,303.3,307.2,312.5,316.8,312.2,306.9,338.6,343.1,348.6,352.9,348.8,343.5,310.9,315.4,320.5,324.1,328.5,334.7,340.8,334.7,328.6,323.9,319.9,315.0,313.2,320.3,324.0,328.5,338.3,328.4,323.9,320.1,119.2,129.5,140.0,150.2,160.3,169.4,177.3,183.9,186.5,186.2,181.9,175.4,166.9,156.5,145.0,133.2,121.3,108.0,103.1,101.8,102.7,105.3,105.3,102.7,102.4,104.7,109.8,114.5,121.6,128.6,135.9,141.9,143.6,144.8,143.9,142.8,116.1,112.8,113.1,116.9,117.8,117.8,117.4,113.7,114.0,117.2,118.7,118.6,158.5,155.0,153.4,154.6,153.7,155.8,159.3,163.9,165.5,165.6,165.1,163.0,158.6,157.3,157.7,157.5,159.4,160.2,160.4,159.7,-7.2,-8.4,-7.5,-5.2,-1.5,5.2,14.9,27.4,44.0,63.5,83.2,102.0,116.9,126.1,130.8,133.1,134.6,-0.6,6.6,17.5,28.6,38.4,61.9,74.9,88.2,100.5,109.5,49.0,46.8,44.6,42.4,32.8,38.4,44.6,52.1,59.2,10.9,17.7,26.7,34.0,26.1,17.2,70.4,77.9,87.0,94.6,87.4,78.5,23.8,31.0,39.1,44.9,52.1,62.9,73.9,63.0,52.5,44.7,38.2,30.4,27.6,38.9,45.0,52.3,69.5,52.2,44.8,38.7,-91.2,-72.3,-53.2,-34.5,-16.0,0.8,14.8,25.9,30.0,29.5,22.5,11.3,-3.7,-22.3,-42.7,-63.6,-84.7,-107.6,-114.9,-115.9,-112.8,-107.6,-106.7,-111.0,-112.0,-108.4,-100.1,-91.4,-78.7,-66.3,-53.9,-45.4,-42.3,-40.0,-41.6,-43.5,-92.4,-97.2,-96.2,-89.4,-88.0,-88.6,-87.4,-93.4,-92.8,-87.6,-84.7,-85.1,-18.0,-23.6,-26.0,-24.0,-25.3,-22.0,-16.4,-8.5,-5.8,-5.6,-6.6,-10.1,-17.8,-19.6,-18.8,-19.0,-16.2,-14.6,-14.3,-15.5,746.8,747.3,748.5,750.0,747.4,740.0,727.8,710.9,700.8,702.0,711.5,721.0,726.6,728.3,727.0,724.4,723.7,720.1,711.7,703.3,694.8,688.9,683.9,683.8,685.9,687.7,690.7,684.6,677.6,670.6,663.7,683.4,678.7,675.2,675.6,676.9,711.9,706.3,702.4,700.3,702.3,706.0,691.2,689.2,688.2,689.9,687.6,688.6,700.7,686.6,679.7,677.2,676.0,680.4,688.5,681.2,677.5,678.7,681.4,688.5,696.8,681.8,678.8,677.9,687.0,678.5,679.6,682.5,0.585,0.054,0.198,0.046,326.740,140.064,-19.269,-15.519,-13.298,13.456,-9.687,1.357,3.074,0.716,4.107,4.859,-1.446,1.243,1.617,-2.509,1.987,-0.103,0.967,-2.138,0.038,-0.048,0.942,0.832,-0.513,0.364,0.380,-0.756,0.427,0.066,0.018,-0.049,0.043,-0.007,0.019,0.068,0.00,0.00,1.23,0.00,0.65,3.75,0.23,0.39,0.00,0.00,0.08,0.43,0.00,0.00,0.32,0.73,0.00,0.00,0.00,1.00,0.00,1.00,1.00,0.00,0.00,0.00,0.00,0.00,0.00,0.00,0.00,0.00,0.00,0.00,0.00
44,0,4.300,0.98,1,-0.115151,0.129899,-0.984818,-0.266905,0.126550,-0.955378,-0.194,0.131,305.6,306.8,309.6,312.2,313.1,312.1,309.1,306.5,302.3,303.8,306.0,308.9,311.9,314.2,315.8,313.8,311.1,308.3,305.8,303.7,308.2,309.3,310.5,311.1,310.7,309.6,308.3,307.8,340.5,341.7,344.5,347.3,348.5,347.4,344.6,341.5,337.8,339.5,341.9,345.1,348.1,350.5,352.0,350.4,348.1,345.4,342.5,339.8,343.2,344.5,345.7,346.2,345.7,344.4,343.2,342.7,113.7,111.0,109.9,111.1,113.9,116.8,117.7,116.5,115.3,113.5,112.2,111.7,112.4,113.9,116.0,116.8,117.0,117.1,116.9,116.4,115.1,115.6,115.1,114.0,112.8,112.2,112.7,113.9,114.5,111.7,110.6,111.8,114.7,117.5,118.6,117.6,116.6,114.5,113.1,112.5,113.2,114.5,116.5,117.5,117.9,118.0,117.8,117.5,116.0,116.5,116.0,114.8,113.5,113.0,113.5,114.7,13.0,14.9,19.1,23.0,24.4,22.7,18.3,14.4,8.1,10.3,13.6,17.9,22.5,26.0,28.4,25.3,21.2,17.0,13.3,10.2,17.0,18.7,20.5,21.4,20.7,19.0,17.2,16.3,63.3,65.1,69.3,73.5,75.2,73.4,69.2,64.7,59.4,61.8,65.3,69.9,74.5,78.3,80.9,78.1,74.4,70.3,66.1,62.2,67.4,69.2,71.0,71.8,71.1,69.3,67.4,66.7,-83.8,-88.0,-89.6,-87.6,-83.3,-78.8,-77.5,-79.5,-82.0,-84.5,-85.9,-86.5,-85.4,-83.2,-80.1,-78.7,-78.3,-78.2,-78.8,-80.0,-81.7,-80.8,-81.5,-83.3,-85.2,-86.1,-85.4,-83.6,-79.3,-83.6,-85.3,-83.6,-79.3,-75.0,-73.2,-74.7,-76.5,-79.3,-81.3,-82.1,-81.3,-79.7,-77.2,-75.4,-74.4,-74.1,-74.3,-74.9,-77.3,-76.5,-77.3,-79.2,-81.0,-81.8,-81.0,-79.2,618.5,619.1,618.7,617.6,616.3,615.9,616.1,617.3,623.3,620.6,617.8,616.0,615.7,616.3,617.2,615.9,615.1,615.4,617.3,620.2,618.1,617.6,617.5,617.7,618.2,618.7,618.9,618.7,594.0,595.2,596.1,596.2,595.4,594.3,593.4,593.4,595.1,594.0,593.3,593.3,594.9,597.4,599.9,596.9,594.2,592.6,592.4,593.6,594.9,594.9,595.3,595.8,596.2,596.1,595.7,595.2,48.3,-50.5,693.1,0.091,0.252,0.051,292.2,291.5,292.1,293.2,295.0,298.6,304.1,311.4,321.2,332.4,343.4,353.6,361.7,367.0,369.9,371.6,372.7,295.4,299.4,305.9,312.6,318.7,332.8,340.7,348.6,356.0,361.2,325.1,324.1,323.0,321.9,315.4,318.9,322.7,327.2,331.4,302.2,306.2,311.5,315.8,311.2,305.9,337.6,342.3,347.8,352.2,348.0,342.6,309.7,314.2,319.2,322.8,327.1,333.3,339.4,333.2,327.2,322.5,318.5,313.8,312.0,319.0,322.7,327.1,336.8,327.0,322.6,318.8,118.5,128.8,139.2,149.4,159.3,168.3,176.0,182.3,184.9,184.7,180.9,174.8,166.7,156.4,145.0,133.2,121.2,107.8,102.6,101.2,102.1,104.6,104.7,102.2,101.9,104.2,109.4,113.7,120.7,127.6,134.8,140.9,142.5,143.8,142.9,141.8,115.3,112.1,112.3,116.1,117.1,117.0,116.7,112.9,113.2,116.4,118.0,117.9,157.4,153.9,152.3,153.5,152.7,154.8,158.3,162.4,163.8,163.9,163.4,161.5,157.5,156.2,156.6,156.5,158.3,158.5,158.6,158.0,-8.9,-10.0,-9.1,-7.0,-3.6,3.0,12.6,25.0,41.4,60.8,80.8,99.9,115.2,124.9,130.0,132.6,134.5,-2.9,4.3,15.4,26.7,36.7,60.2,73.3,86.8,99.5,108.8,47.2,45.0,42.7,40.4,30.9,36.4,42.6,50.0,57.0,9.1,16.0,25.1,32.4,24.4,15.4,68.9,76.5,85.7,93.4,86.0,77.1,21.7,28.9,36.9,42.7,49.8,60.4,71.4,60.4,50.0,42.4,35.9,28.3,25.6,36.7,42.7,50.0,66.9,49.8,42.5,36.5,-92.8,-73.8,-54.7,-36.1,-17.7,-1.2,12.5,23.2,27.2,26.9,20.6,10.3,-4.1,-22.4,-42.8,-63.7,-84.9,-108.4,-116.1,-117.2,-114.1,-108.9,-107.8,-112.1,-113.0,-109.4,-101.0,-92.8,-80.3,-68.0,-55.6,-47.0,-44.0,-41.7,-43.3,-45.1,-93.9,-98.8,-97.8,-90.9,-89.5,-90.1,-88.8,-94.9,-94.3,-89.0,-86.0,-86.4,-19.8,-25.4,-27.8,-25.7,-27.0,-23.6,-18.0,-11.0,-8.7,-8.5,-9.4,-12.6,-19.6,-21.4,-20.6,-20.7,-18.0,-17.5,-17.2,-18.3,749.2,749.2,749.9,750.9,747.9,740.0,727.2,709.6,699.2,700.5,710.3,720.2,726.3,728.6,727.9,725.5,725.2,722.9,714.2,705.3,696.3,689.8,684.9,684.8,686.8,688.5,691.6,685.5,678.3,671.1,664.1,683.8,678.9,675.3,675.7,676.7,713.5,707.8,703.8,701.4,703.5,707.3,692.1,690.2,689.1,690.7,688.4,689.4,700.0,686.3,679.5,676.9,675.7,679.7,687.4,680.0,676.4,677.8,680.6,687.8,696.1,681.5,678.5,677.5,685.9,677.5,678.7,681.8,0.585,0.033,0.205,0.054,325.625,139.154,-13.770,-16.954,-14.792,11.449,-8.558,2.119,2.612,0.994,5.344,4.647,-1.809,1.402,2.210,-1.209,2.106,-0.024,1.045,-1.876,-0.331,0.146,1.033,0.251,-0.543,0.429,0.258,-0.810,0.406,0.037,-0.008,-0.027,0.079,-0.002,0.006,0.060,0.00,0.00,1.03,0.00,0.64,3.77,0.38,0.30,0.00,0.00,0.08,0.19,0.00,0.03,0.01,0.08,0.00,0.00,0.00,1.00,0.00,1.00,1.00,0.00,0.00,0.00,0.00,0.00,0.00,0.00,0.00,0.00,0.00,0.00,0.00
45,0,4.400,0.98,1,-0.108688,0.126680,-0.985971,-0.262591,0.123823,-0.956929,-0.189,0.128,305.5,306.8,309.5,312.2,313.1,312.1,309.1,306.5,302.3,303.8,306.0,308.8,311.9,314.2,315.8,313.8,311.1,308.3,305.8,303.7,308.2,309.3,310.5,311.1,310.7,309.5,308.3,307.8,340.4,341.5,344.3,347.2,348.4,347.2,344.5,341.4,337.7,339.4,341.8,344.9,348.0,350.3,351.9,350.3,348.0,345.3,342.4,339.7,343.1,344.3,345.6,346.1,345.5,344.3,343.1,342.6,113.8,111.1,110.0,111.1,113.9,116.8,117.7,116.5,115.3,113.5,112.3,111.8,112.5,113.9,116.0,116.8,117.0,117.1,116.9,116.4,115.1,115.6,115.2,114.0,112.8,112.3,112.7,113.9,114.3,111.5,110.4,111.6,114.4,117.3,118.4,117.4,116.4,114.4,112.9,112.4,113.0,114.3,116.2,117.2,117.6,117.7,117.6,117.3,115.8,116.3,115.8,114.6,113.3,112.8,113.3,114.5,13.0,15.0,19.1,23.1,24.5,22.9,18.4,14.5,8.2,10.3,13.7,18.0,22.6,26.1,28.5,25.5,21.4,17.2,13.4,10.2,17.0,18.8,20.6,21.4,20.8,19.1,17.3,16.4,63.5,65.3,69.5,73.7,75.4,73.6,69.4,64.9,59.6,62.0,65.5,70.1,74.7,78.5,81.1,78.4,74.7,70.5,66.3,62.4,67.6,69.4,71.2,72.0,71.3,69.5,67.6,66.8,-84.2,-88.4,-90.1,-88.1,-83.8,-79.3,-78.0,-79.9,-82.4,-84.9,-86.3,-86.9,-85.9,-83.7,-80.7,-79.3,-78.8,-78.7,-79.3,-80.4,-82.1,-81.3,-82.0,-83.8,-85.7,-86.6,-85.9,-84.0,-80.0,-84.3,-86.1,-84.3,-80.0,-75.7,-74.0,-75.4,-77.2,-80.0,-82.0,-82.8,-82.1,-80.5,-78.0,-76.2,-75.2,-74.8,-75.1,-75.7,-78.0,-77.3,-78.0,-79.9,-81.8,-82.6,-81.8,-79.9,622.3,622.9,622.5,621.4,620.2,619.8,620.0,621.1,627.1,624.4,621.6,619.8,619.6,620.2,621.1,619.8,618.9,619.3,621.1,623.9,622.0,621.5,621.3,621.6,622.1,622.6,622.7,622.5,597.2,598.4,599.3,599.4,598.6,597.4,596.6,596.6,598.3,597.2,596.5,596.5,598.0,600.6,603.1,600.1,597.4,595.8,595.6,596.8,598.1,598.1,598.5,599.0,599.4,599.3,598.9,598.4,48.8,-51.6,698.5,0.084,0.242,0.049,292.1,291.5,292.0,293.1,295.0,298.7,304.3,311.6,321.4,332.4,343.2,353.3,361.5,366.8,369.8,371.5,372.6,295.3,299.4,305.9,312.6,318.6,332.6,340.5,348.3,355.8,361.1,325.0,324.0,323.0,321.9,315.5,319.0,322.8,327.3,331.5,302.2,306.2,311.5,315.8,311.2,305.9,337.5,342.1,347.6,352.0,347.9,342.5,310.1,314.6,319.5,323.0,327.3,333.3,339.3,333.3,327.5,322.9,319.0,314.3,312.4,319.3,323.0,327.3,336.8,327.2,322.9,319.2,118.6,128.8,139.0,149.0,158.8,167.7,175.2,181.4,183.8,183.7,180.1,174.4,166.5,156.3,144.9,133.0,121.0,108.0,102.9,101.5,102.4,104.8,104.8,102.3,101.9,104.1,109.3,113.7,120.6,127.4,134.5,140.5,142.1,143.3,142.3,141.3,115.4,112.2,112.4,116.1,117.0,117.1,116.5,112.7,113.0,116.2,117.7,117.6,156.8,153.4,151.8,152.9,152.0,154.1,157.4,161.2,162.6,162.7,162.3,160.6,156.9,155.5,155.9,155.8,157.4,157.4,157.6,157.0,-9.0,-10.2,-9.3,-7.2,-3.6,3.1,13.0,25.6,42.1,61.3,81.1,100.3,116.0,126.0,131.2,133.9,135.9,-3.0,4.3,15.5,26.9,36.9,60.3,73.6,87.2,100.1,109.7,47.4,45.3,43.1,40.9,31.3,36.9,43.1,50.6,57.7,9.2,16.1,25.2,32.6,24.6,15.6,69.4,77.1,86.3,94.1,86.6,77.6,22.7,29.9,37.8,43.5,50.5,61.0,71.9,61.0,50.9,43.4,37.0,29.4,26.5,37.6,43.5,50.6,67.5,50.6,43.4,37.4,-93.2,-74.3,-55.4,-37.0,-18.8,-2.4,11.1,21.7,25.6,25.5,19.6,9.6,-4.5,-22.8,-43.4,-64.7,-86.2,-109.0,-116.7,-117.7,-114.7,-109.6,-108.7,-113.0,-114.0,-110.6,-102.2,-93.8,-81.2,-69.0,-56.6,-48.1,-45.1,-42.9,-44.5,-46.4,-94.6,-99.5,-98.6,-91.8,-90.4,-90.8,-89.9,-96.1,-95.5,-90.3,-87.3,-87.6,-21.0,-26.5,-28.9,-27.0,-28.4,-25.0,-19.6,-13.0,-10.7,-10.5,-11.3,-14.2,-20.9,-22.7,-21.9,-22.2,-19.6,-19.4,-19.1,-20.2,754.9,754.6,755.2,756.1,753.3,745.6,732.7,715.1,704.8,706.4,716.5,726.9,733.7,736.4,735.9,733.6,733.3,729.2,720.4,711.6,702.6,696.1,691.0,691.1,693.3,695.2,698.5,691.7,684.5,677.1,670.0,689.4,684.5,681.0,681.5,682.7,719.9,714.2,710.2,707.8,709.9,713.6,698.4,696.7,695.8,697.4,694.9,695.8,705.2,691.5,685.0,682.5,681.3,685.4,693.2,685.5,681.7,683.0,685.8,692.9,701.2,686.9,684.0,683.0,691.6,682.9,684.1,687.2,0.580,0.025,0.193,0.052,325.674,138.752,-9.793,-19.640,-15.129,10.843,-8.519,2.692,3.036,1.438,5.288,3.315,-1.600,1.524,2.247,-1.563,2.556,-0.186,0.585,-2.069,-0.252,0.421,1.219,0.472,-0.631,0.275,0.245,-0.678,0.260,0.015,-0.046,-0.034,0.057,-0.004,0.007,0.060,0.00,0.00,1.12,0.00,0.56,3.79,0.31,0.21,0.02,0.00,0.08,0.06,0.00,0.14,0.00,0.20,0.00,0.00,0.00,1.00,0.00,1.00,1.00,0.00,0.00,1.00,0.00,0.00,0.00,0.00,0.00,0.00,0.00,0.00,0.00
46,0,4.500,0.98,1,-0.115560,0.146002,-0.982512,-0.265686,0.145021,-0.953090,-0.194,0.149,305.7,306.9,309.7,312.3,313.3,312.3,309.3,306.7,302.5,303.9,306.1,309.0,312.0,314.3,316.0,314.0,311.3,308.5,306.0,303.9,308.3,309.5,310.7,311.2,310.8,309.7,308.5,307.9,340.6,341.7,344.5,347.3,348.6,347.4,344.6,341.6,337.8,339.5,342.0,345.1,348.2,350.5,352.1,350.5,348.2,345.5,342.6,339.8,343.3,344.5,345.8,346.2,345.7,344.5,343.2,342.8,114.2,111.5,110.4,111.5,114.3,117.3,118.2,117.0,115.8,114.0,112.8,112.2,112.9,114.3,116.4,117.3,117.5,117.6,117.4,116.9,115.6,116.1,115.6,114.4,113.2,112.7,113.2,114.4,114.7,111.9,110.7,111.9,114.8,117.6,118.8,117.8,116.7,114.7,113.3,112.7,113.3,114.6,116.5,117.6,118.0,118.1,118.0,117.7,116.1,116.6,116.1,114.9,113.7,113.1,113.6,114.9,13.2,15.1,19.2,23.2,24.6,23.0,18.6,14.6,8.4,10.5,13.8,18.1,22.7,26.2,28.7,25.6,21.5,17.3,13.6,10.4,17.2,18.9,20.7,21.6,20.9,19.2,17.4,16.6,63.5,65.2,69.4,73.6,75.3,73.5,69.3,64.9,59.6,61.9,65.4,70.0,74.6,78.4,81.1,78.3,74.6,70.5,66.2,62.4,67.5,69.3,71.2,72.0,71.2,69.4,67.5,66.8,-83.0,-87.2,-88.9,-86.9,-82.6,-78.1,-76.8,-78.7,-81.2,-83.6,-85.1,-85.7,-84.7,-82.5,-79.6,-78.1,-77.6,-77.5,-78.0,-79.2,-80.9,-80.1,-80.8,-82.6,-84.5,-85.4,-84.7,-82.8,-79.1,-83.4,-85.2,-83.4,-79.1,-74.9,-73.1,-74.5,-76.3,-79.1,-81.1,-81.9,-81.2,-79.6,-77.2,-75.3,-74.3,-73.9,-74.2,-74.7,-77.1,-76.4,-77.2,-79.0,-80.9,-81.7,-80.9,-79.0,618.5,619.0,618.6,617.5,616.4,616.0,616.3,617.4,623.4,620.6,617.8,616.0,615.7,616.3,617.3,616.1,615.2,615.6,617.4,620.3,618.2,617.7,617.5,617.8,618.2,618.7,618.9,618.7,594.4,595.5,596.4,596.5,595.8,594.7,593.8,593.9,595.5,594.4,593.6,593.6,595.2,597.7,600.3,597.3,594.6,593.0,592.9,594.0,595.3,595.3,595.7,596.2,596.5,596.5,596.1,595.6,49.1,-49.7,695.2,0.114,0.248,0.038,292.7,292.2,292.9,294.3,296.2,299.8,305.1,312.3,321.9,332.8,343.4,353.4,361.5,366.9,369.9,371.6,372.7,295.5,299.4,305.8,312.5,318.5,332.6,340.5,348.4,355.8,361.2,325.0,324.1,323.1,322.0,315.8,319.2,323.1,327.6,331.8,302.4,306.3,311.6,316.0,311.4,306.1,337.7,342.3,347.8,352.3,348.1,342.7,310.8,315.2,320.0,323.5,327.6,333.7,339.8,333.9,328.0,323.5,319.7,315.0,313.2,320.0,323.5,327.7,337.3,327.6,323.4,319.8,118.7,129.0,139.3,149.3,159.3,168.4,176.4,183.2,185.9,185.7,181.6,175.3,166.9,156.5,144.9,133.0,120.9,108.3,103.3,102.0,102.9,105.3,105.3,102.7,102.3,104.4,109.5,114.2,121.2,128.2,135.4,141.5,143.1,144.3,143.3,142.2,115.8,112.6,112.8,116.5,117.5,117.6,116.8,113.1,113.3,116.5,118.1,118.0,158.4,154.9,153.2,154.3,153.4,155.5,158.8,163.4,165.0,165.2,164.7,162.8,158.5,157.0,157.4,157.2,158.9,159.6,159.8,159.2,-8.0,-8.9,-7.6,-5.0,-1.4,5.1,14.5,26.7,42.9,61.8,81.2,100.0,115.4,125.2,130.4,133.0,134.9,-2.7,4.2,15.2,26.5,36.4,59.9,73.1,86.6,99.4,109.1,47.1,45.0,42.9,40.8,31.6,37.1,43.2,50.7,57.8,9.4,16.2,25.3,32.7,24.8,15.8,69.2,76.7,85.9,93.7,86.4,77.3,23.8,30.6,38.5,44.1,50.8,61.4,72.4,61.7,51.6,44.3,38.1,30.4,27.7,38.5,44.2,51.1,67.9,51.1,44.1,38.3,-92.2,-73.4,-54.6,-36.3,-17.9,-1.0,13.3,24.9,29.2,28.8,22.1,11.1,-3.7,-22.4,-43.0,-64.2,-85.7,-107.6,-115.1,-115.9,-112.9,-107.8,-107.0,-111.3,-112.5,-109.2,-101.1,-92.2,-79.5,-67.2,-54.7,-46.2,-43.2,-41.0,-42.7,-44.6,-93.2,-98.0,-97.1,-90.4,-88.9,-89.3,-88.6,-94.8,-94.2,-89.1,-86.0,-86.3,-18.3,-23.8,-26.4,-24.4,-25.9,-22.6,-17.2,-9.4,-6.7,-6.4,-7.2,-10.5,-18.0,-20.1,-19.4,-19.6,-17.0,-15.7,-15.3,-16.4,748.5,748.8,749.8,751.3,748.9,742.0,730.7,714.2,703.8,704.8,714.0,723.6,729.5,731.3,730.4,727.7,726.8,723.7,714.6,705.6,696.7,690.4,685.5,685.5,687.7,689.6,692.9,686.2,679.2,672.1,665.1,685.2,680.3,676.8,677.3,678.5,715.0,709.2,705.2,702.8,705.1,708.9,693.2,691.4,690.4,692.1,689.8,690.7,702.4,688.4,681.7,679.2,677.9,682.1,690.1,683.0,679.6,681.1,683.8,690.7,698.4,683.9,681.0,679.9,688.6,680.4,681.6,684.6,0.583,0.056,0.198,0.043,326.018,139.699,-16.246,-19.927,-13.372,16.837,-7.968,1.340,3.486,1.877,7.411,2.667,-1.940,2.263,1.320,-2.361,2.262,-0.898,0.716,-2.238,0.038,0.155,1.595,0.111,-0.307,0.230,0.068,-0.618,0.459,0.082,-0.034,-0.059,0.021,-0.010,0.002,0.051,0.00,0.00,1.24,0.00,0.49,3.81,0.21,0.20,0.02,0.00,0.00,0.20,0.00,0.15,0.16,0.55,0.00,0.00,0.00,1.00,0.00,1.00,1.00,0.00,0.00,1.00,0.00,0.00,0.00,0.00,0.00,0.00,0.00,0.00,0.00
47,0,4.600,0.98,1,-0.119156,0.149604,-0.981540,-0.271534,0.145891,-0.951307,-0.199,0.152,308.0,309.3,312.0,314.6,315.6,314.4,311.5,308.9,304.7,306.2,308.4,311.3,314.3,316.6,318.2,316.2,313.5,310.7,308.2,306.1,310.6,311.7,312.9,313.5,313.1,312.0,310.8,310.2,342.8,344.0,346.8,349.6,350.8,349.6,346.8,343.8,340.1,341.8,344.2,347.4,350.4,352.7,354.2,352.6,350.4,347.7,344.8,342.1,345.5,346.7,348.0,348.5,348.0,346.7,345.5,345.0,113.6,110.9,109.9,111.1,113.9,116.8,117.6,116.4,115.1,113.3,112.2,111.7,112.4,114.0,116.1,116.9,117.1,117.1,116.8,116.3,115.0,115.6,115.1,113.9,112.7,112.2,112.7,113.8,115.0,112.2,111.1,112.3,115.2,118.0,119.1,118.1,116.9,114.9,113.5,113.0,113.7,115.1,117.0,118.0,118.4,118.5,118.3,117.9,116.4,117.0,116.5,115.3,114.0,113.5,113.9,115.2,16.6,18.6,22.8,26.7,28.1,26.4,21.9,18.0,11.8,14.0,17.3,21.7,26.2,29.7,32.1,29.0,24.9,20.7,16.9,13.8,20.6,22.3,24.1,25.0,24.4,22.7,20.9,20.0,67.1,68.9,73.2,77.3,78.9,77.0,72.8,68.4,63.2,65.6,69.0,73.7,78.3,82.1,84.6,81.9,78.1,74.0,69.8,65.9,71.1,72.9,74.8,75.6,74.9,73.1,71.2,70.4,-84.0,-88.2,-89.7,-87.7,-83.4,-78.9,-77.7,-79.7,-82.4,-84.8,-86.2,-86.7,-85.5,-83.3,-80.2,-78.8,-78.4,-78.4,-79.0,-80.3,-81.9,-81.0,-81.6,-83.5,-85.4,-86.2,-85.6,-83.8,-79.1,-83.4,-85.1,-83.2,-78.9,-74.7,-73.0,-74.5,-76.3,-79.1,-81.1,-81.9,-81.0,-79.4,-76.9,-75.0,-74.0,-73.7,-74.1,-74.7,-77.1,-76.3,-77.0,-78.9,-80.8,-81.6,-80.8,-79.0,619.4,619.9,619.5,618.4,617.3,616.9,617.1,618.2,624.2,621.5,618.7,616.9,616.6,617.3,618.2,617.0,616.1,616.4,618.2,621.1,619.1,618.6,618.4,618.7,619.2,619.6,619.8,619.6,597.3,598.5,599.4,599.5,598.8,597.6,596.7,596.8,598.4,597.3,596.6,596.6,598.2,600.7,603.3,600.3,597.5,595.9,595.8,596.9,598.2,598.3,598.6,599.1,599.5,599.4,599.0,598.5,51.9,-49.5,695.3,0.122,0.254,0.060,294.6,293.9,294.4,295.6,297.3,300.7,305.8,312.9,322.5,333.4,344.1,354.2,362.5,368.0,371.3,373.2,374.5,298.1,302.2,308.6,315.2,321.0,335.5,343.2,350.9,358.0,363.2,327.4,326.3,325.2,324.0,317.7,321.0,324.8,329.2,333.4,304.6,308.7,314.0,318.2,313.6,308.3,340.0,344.6,350.1,354.4,350.3,344.9,312.1,316.4,321.5,324.9,329.0,335.1,340.9,335.1,329.1,324.6,320.8,316.0,314.4,321.2,324.8,328.9,338.5,328.9,324.6,321.0,117.8,128.1,138.6,148.7,158.8,168.1,176.2,183.2,186.2,186.3,182.4,176.2,167.8,157.4,145.7,133.6,121.4,107.2,102.4,101.3,102.4,104.9,105.2,102.8,102.6,104.7,109.8,114.1,121.1,128.1,135.4,141.3,143.0,144.3,143.4,142.4,115.2,112.0,112.3,116.2,117.1,117.0,117.0,113.3,113.7,117.0,118.6,118.3,158.3,154.6,153.0,154.3,153.5,155.8,159.5,164.5,166.1,166.2,165.6,163.3,158.4,156.9,157.3,157.3,159.5,160.7,160.8,160.1,-4.3,-5.7,-4.8,-2.7,0.5,6.7,15.8,27.8,43.9,62.8,82.3,101.3,116.9,127.0,132.5,135.4,137.5,1.9,9.2,20.0,31.0,40.6,64.6,77.5,90.7,102.9,112.0,51.1,48.8,46.4,44.0,34.7,40.1,46.1,53.5,60.5,13.3,20.2,29.2,36.5,28.6,19.6,72.9,80.4,89.6,97.1,89.9,80.9,26.0,32.8,40.9,46.4,53.2,63.8,74.3,63.8,53.5,46.2,39.9,32.1,29.9,40.6,46.3,53.2,70.0,53.2,46.2,40.4,-93.6,-74.8,-55.8,-37.3,-18.7,-1.7,12.9,24.9,29.7,29.9,23.5,12.7,-2.1,-20.8,-41.5,-62.9,-84.5,-109.3,-116.3,-116.8,-113.6,-108.4,-107.0,-111.0,-111.8,-108.3,-100.3,-92.3,-79.6,-67.3,-54.9,-46.6,-43.4,-41.0,-42.5,-44.3,-94.1,-98.9,-97.7,-90.8,-89.5,-90.2,-88.1,-94.2,-93.4,-88.0,-85.1,-85.6,-18.5,-24.2,-26.7,-24.5,-25.8,-22.1,-16.1,-7.6,-4.8,-4.6,-5.7,-9.7,-18.1,-20.3,-19.5,-19.5,-16.0,-13.8,-13.7,-15.0,746.1,746.8,748.2,750.1,747.8,741.2,730.2,714.1,704.0,704.7,713.5,722.7,728.1,729.6,728.2,725.2,724.1,721.3,712.8,704.4,695.9,690.0,685.2,684.9,686.6,687.9,690.6,685.6,678.9,672.1,665.4,684.9,680.2,676.9,677.2,678.2,713.5,707.8,703.9,701.6,703.9,707.7,692.0,690.0,689.0,690.6,688.4,689.4,702.5,688.7,681.8,679.3,678.0,682.1,689.7,683.6,680.7,682.2,684.9,691.5,698.6,684.0,681.1,680.0,688.5,681.3,682.6,685.5,0.584,0.063,0.201,0.065,327.689,139.794,-24.355,-19.839,-12.932,16.922,-8.395,-0.292,4.958,1.651,7.416,2.815,-1.314,1.990,2.164,-2.805,1.549,-0.779,1.451,-2.155,-0.668,0.360,1.363,0.598,-0.442,0.661,0.185,-0.673,0.445,0.106,-0.004,-0.043,0.024,-0.016,0.014,0.075,0.00,0.00,1.35,0.00,0.36,3.64,0.14,0.19,0.02,0.00,0.03,0.39,0.00,0.18,0.16,0.55,0.00,0.00,0.00,1.00,0.00,1.00,1.00,0.00,0.00,0.00,0.00,0.00,0.00,0.00,0.00,0.00,0.00,0.00,0.00
48,0,4.700,0.98,1,-0.117026,0.139837,-0.983235,-0.272693,0.131870,-0.953021,-0.199,0.139,309.0,310.2,312.9,315.4,316.3,315.2,312.4,309.9,305.8,307.2,309.4,312.2,315.0,317.3,318.8,316.9,314.3,311.6,309.2,307.1,311.5,312.6,313.8,314.3,313.9,312.8,311.7,311.1,343.1,344.3,347.0,349.7,350.8,349.5,346.8,343.9,340.4,342.1,344.5,347.5,350.4,352.7,354.2,352.5,350.3,347.6,344.9,342.2,345.6,346.8,348.0,348.5,348.1,346.9,345.7,345.2,114.7,112.1,111.1,112.3,114.9,117.8,118.6,117.4,116.1,114.5,113.5,113.0,113.7,115.0,116.9,117.7,117.9,118.0,117.7,117.2,116.1,116.6,116.1,115.0,113.8,113.3,113.8,114.9,116.1,113.4,112.4,113.6,116.5,119.2,120.2,119.1,117.8,116.1,114.9,114.5,115.2,116.4,118.2,119.1,119.5,119.5,119.2,118.8,117.5,118.1,117.6,116.5,115.2,114.7,115.1,116.3,19.0,21.0,25.2,29.1,30.5,28.9,24.4,20.4,14.1,16.3,19.6,24.0,28.5,32.1,34.5,31.4,27.3,23.1,19.3,16.1,23.0,24.8,26.6,27.5,26.8,25.1,23.3,22.4,70.1,72.1,76.4,80.5,82.0,80.0,75.7,71.3,66.2,68.6,72.1,76.8,81.4,85.2,87.8,84.9,81.1,76.9,72.7,68.9,74.1,75.9,77.8,78.7,78.0,76.2,74.3,73.5,-86.2,-90.4,-91.9,-89.9,-85.6,-81.1,-79.8,-81.8,-84.6,-86.8,-88.1,-88.6,-87.5,-85.4,-82.6,-81.2,-80.7,-80.7,-81.3,-82.5,-84.0,-83.1,-83.8,-85.7,-87.6,-88.4,-87.8,-85.9,-80.6,-84.8,-86.4,-84.5,-80.1,-75.9,-74.3,-75.9,-78.0,-80.6,-82.3,-82.9,-82.0,-80.4,-78.1,-76.3,-75.4,-75.2,-75.6,-76.4,-78.5,-77.6,-78.3,-80.2,-82.1,-82.9,-82.2,-80.4,647.9,648.4,648.0,647.0,646.0,645.6,645.8,646.8,652.7,649.9,647.2,645.4,645.2,645.9,647.0,645.7,644.7,645.1,646.8,649.6,647.7,647.2,647.1,647.3,647.8,648.2,648.3,648.1,621.3,622.3,623.0,623.0,622.4,621.4,620.6,620.8,622.5,621.3,620.3,620.2,621.7,624.2,626.8,623.9,621.3,619.8,619.7,621.0,622.1,622.1,622.4,622.8,623.1,623.1,622.8,622.4,53.7,-51.9,710.0,0.069,0.249,0.075,295.4,294.5,294.6,295.4,297.0,300.6,305.9,313.1,322.8,333.9,344.8,355.0,363.2,368.5,371.6,373.5,375.0,299.1,303.3,309.6,316.2,322.1,335.8,343.5,351.2,358.4,363.6,328.1,327.0,325.9,324.7,318.2,321.6,325.3,329.6,333.7,305.7,309.7,314.7,318.8,314.3,309.3,340.2,344.8,350.1,354.3,350.2,345.0,312.4,317.0,321.7,325.1,329.2,334.8,340.7,334.5,328.9,324.6,320.9,316.5,314.6,321.4,324.9,329.0,338.1,328.9,324.7,321.3,118.3,128.3,138.5,148.5,158.2,167.0,174.4,180.5,183.1,183.2,180.0,174.7,167.1,157.2,146.0,134.4,122.7,108.0,103.0,101.7,102.7,105.1,105.5,103.3,103.1,105.5,110.6,114.7,121.2,127.7,134.4,140.6,142.2,143.4,142.7,141.8,116.1,113.3,113.6,117.0,117.9,117.9,117.9,114.7,115.2,118.1,119.5,119.3,156.7,153.5,152.0,153.2,152.5,154.7,158.0,160.8,161.6,161.6,161.1,159.8,156.7,155.8,156.2,156.2,157.9,156.7,156.7,156.1,-3.0,-4.8,-4.5,-2.9,0.1,6.6,16.2,28.6,45.3,64.8,85.3,105.0,120.8,131.0,136.5,139.7,142.4,3.9,11.3,22.4,33.7,43.6,66.8,80.2,93.8,106.5,115.9,53.6,51.2,48.8,46.3,36.4,42.0,48.0,55.5,62.5,15.6,22.5,31.3,38.5,30.6,21.8,75.3,83.0,92.0,99.7,92.1,83.3,26.9,34.4,42.2,47.7,54.6,64.5,75.4,64.0,54.2,46.9,40.8,33.6,30.7,41.8,47.5,54.5,70.8,54.2,47.2,41.4,-95.5,-76.6,-57.5,-38.6,-20.2,-3.7,9.7,20.4,24.7,25.0,19.7,10.3,-3.5,-21.6,-42.1,-63.2,-84.6,-110.8,-118.5,-119.5,-116.2,-110.9,-109.4,-113.3,-113.9,-110.2,-101.7,-93.7,-81.6,-69.8,-57.8,-48.8,-45.7,-43.4,-44.8,-46.4,-94.8,-99.0,-98.0,-91.8,-90.3,-90.9,-89.0,-94.3,-93.4,-88.4,-85.7,-86.3,-21.6,-26.7,-29.0,-26.8,-28.0,-24.5,-19.0,-13.9,-12.5,-12.5,-13.5,-15.9,-21.4,-22.6,-21.8,-21.8,-19.2,-20.9,-20.9,-22.0,768.4,767.9,768.4,769.0,765.4,756.9,743.3,725.5,715.8,717.6,727.9,738.3,744.9,747.5,747.2,745.1,745.2,741.4,732.9,724.0,715.0,708.3,702.8,703.2,705.6,707.5,710.7,704.0,696.9,689.6,682.5,701.4,696.9,693.4,693.7,694.8,731.6,725.8,722.0,719.6,721.5,725.1,710.5,708.8,707.9,709.6,707.1,707.9,715.4,702.3,696.5,694.1,693.0,696.8,704.5,696.0,692.1,693.2,695.8,702.8,711.4,698.1,695.4,694.4,702.5,693.6,694.6,697.4,0.570,0.010,0.195,0.077,328.058,139.080,-6.468,-17.465,-20.560,8.260,-9.378,2.185,2.468,0.164,2.750,3.802,-4.364,1.477,0.714,-2.207,2.016,-0.174,-0.862,-2.749,-1.738,-0.474,1.282,0.178,-0.164,-0.234,-0.165,-0.491,0.316,0.069,-0.046,-0.035,0.062,0.003,-0.029,0.048,0.00,0.00,1.34,0.00,0.25,3.62,0.24,0.20,0.00,0.00,0.06,0.58,0.00,0.09,0.16,0.35,0.00,0.00,0.00,1.00,0.00,1.00,1.00,0.00,0.00,0.00,0.00,0.00,1.00,0.00,0.00,0.00,0.00,0.00,0.00
49,0,4.800,0.98,1,-0.118004,0.143409,-0.982603,-0.275002,0.134555,-0.951981,-0.200,0.143,309.1,310.3,313.0,315.5,316.4,315.3,312.5,310.0,305.9,307.3,309.5,312.3,315.1,317.3,318.9,316.9,314.4,311.7,309.3,307.2,311.6,312.7,313.9,314.4,314.0,312.9,311.8,311.2,343.1,344.3,347.0,349.7,350.8,349.5,346.8,343.9,340.4,342.1,344.5,347.5,350.4,352.7,354.2,352.6,350.3,347.7,344.9,342.3,345.6,346.8,348.0,348.5,348.1,346.9,345.7,345.2,114.7,112.1,111.1,112.2,114.9,117.7,118.5,117.3,116.0,114.4,113.4,112.9,113.6,115.0,116.9,117.7,117.9,117.9,117.7,117.1,116.0,116.5,116.1,115.0,113.8,113.3,113.7,114.8,116.1,113.4,112.4,113.7,116.5,119.2,120.2,119.1,117.9,116.1,114.9,114.5,115.2,116.4,118.2,119.1,119.5,119.5,119.2,118.8,117.6,118.1,117.7,116.5,115.3,114.7,115.2,116.3,19.2,21.2,25.4,29.4,30.7,29.0,24.5,20.6,14.3,16.5,19.8,24.2,28.7,32.3,34.7,31.6,27.5,23.3,19.5,16.3,23.2,24.9,26.8,27.6,27.0,25.3,23.5,22.6,70.3,72.2,76.5,80.6,82.1,80.1,75.8,71.5,66.3,68.8,72.3,76.9,81.5,85.3,87.9,85.0,81.2,77.0,72.8,69.0,74.3,76.0,77.9,78.8,78.1,76.3,74.5,73.6,-86.4,-90.6,-92.2,-90.2,-85.8,-81.3,-80.1,-82.1,-84.9,-87.1,-88.4,-88.8,-87.7,-85.6,-82.8,-81.4,-81.0,-80.9,-81.5,-82.8,-84.3,-83.4,-84.1,-85.9,-87.8,-88.7,-88.0,-86.2,-80.7,-84.9,-86.5,-84.6,-80.2,-76.0,-74.4,-76.0,-78.1,-80.6,-82.4,-83.0,-82.1,-80.5,-78.1,-76.3,-75.5,-75.2,-75.7,-76.4,-78.5,-77.7,-78.4,-80.2,-82.2,-83.0,-82.3,-80.4,649.1,649.6,649.3,648.3,647.2,646.9,647.1,648.1,654.0,651.2,648.4,646.6,646.4,647.2,648.2,647.0,646.0,646.3,648.1,650.9,648.9,648.5,648.3,648.6,649.0,649.4,649.6,649.4,622.2,623.2,623.9,623.9,623.2,622.2,621.5,621.7,623.4,622.2,621.3,621.1,622.6,625.1,627.7,624.7,622.2,620.7,620.7,621.9,623.0,623.0,623.3,623.7,624.0,624.0,623.7,623.3,53.9,-52.2,711.5,0.075,0.250,0.076,295.5,294.5,294.7,295.5,297.1,300.6,306.0,313.2,323.0,334.0,344.9,355.1,363.2,368.5,371.6,373.6,375.0,299.3,303.5,309.8,316.4,322.2,335.8,343.6,351.3,358.4,363.6,328.1,327.0,325.9,324.7,318.2,321.6,325.3,329.6,333.7,305.8,309.8,314.8,318.9,314.4,309.4,340.3,344.8,350.1,354.3,350.2,345.0,312.4,317.1,321.7,325.1,329.1,334.8,340.7,334.5,328.9,324.6,321.0,316.6,314.7,321.5,324.9,329.0,338.1,328.8,324.7,321.3,118.1,128.1,138.2,148.2,157.9,166.7,174.0,180.1,182.7,182.8,179.7,174.4,166.9,157.0,145.9,134.4,122.8,107.8,102.9,101.6,102.6,105.1,105.5,103.3,103.2,105.5,110.6,114.7,121.2,127.7,134.4,140.6,142.2,143.4,142.6,141.8,116.0,113.2,113.5,116.9,117.9,117.8,117.9,114.7,115.2,118.2,119.6,119.3,156.6,153.5,152.0,153.2,152.5,154.7,158.0,160.8,161.6,161.6,161.1,159.7,156.6,155.7,156.2,156.1,157.8,156.7,156.7,156.1,-2.9,-4.7,-4.4,-2.9,0.2,6.7,16.4,28.9,45.7,65.2,85.7,105.3,121.1,131.3,136.8,140.0,142.7,4.2,11.7,22.8,34.0,43.8,67.0,80.4,94.0,106.7,116.1,53.8,51.4,48.9,46.4,36.6,42.1,48.2,55.6,62.6,15.8,22.7,31.6,38.7,30.8,22.0,75.4,83.1,92.2,99.8,92.3,83.4,27.1,34.6,42.3,47.8,54.7,64.6,75.5,64.1,54.3,47.0,40.9,33.8,30.9,41.9,47.7,54.6,70.9,54.2,47.3,41.6,-96.0,-77.1,-58.0,-39.3,-20.9,-4.3,9.1,19.8,24.1,24.4,19.1,9.8,-3.9,-22.0,-42.3,-63.3,-84.6,-111.4,-118.9,-119.7,-116.4,-111.0,-109.5,-113.4,-114.0,-110.2,-101.8,-93.8,-81.7,-69.9,-58.0,-48.9,-45.9,-43.6,-44.9,-46.5,-95.1,-99.3,-98.3,-92.0,-90.5,-91.1,-89.1,-94.4,-93.5,-88.5,-85.8,-86.3,-21.8,-26.8,-29.1,-27.0,-28.1,-24.5,-19.1,-14.0,-12.6,-12.6,-13.5,-16.0,-21.6,-22.7,-21.9,-21.9,-19.2,-20.9,-20.9,-22.0,769.8,769.4,769.9,770.6,767.1,758.7,744.9,727.2,717.5,719.2,729.6,739.8,746.4,748.9,748.5,746.3,746.3,742.3,733.8,724.9,716.0,709.3,703.7,704.1,706.5,708.5,711.6,705.1,698.1,690.9,683.9,702.8,698.3,694.9,695.2,696.3,732.8,727.0,723.1,720.8,722.7,726.4,711.5,709.7,708.9,710.6,708.2,709.0,717.0,703.8,698.0,695.6,694.5,698.3,706.1,697.6,693.8,694.9,697.5,704.5,713.0,699.6,696.9,695.9,704.1,695.1,696.1,699.0,0.569,0.016,0.197,0.078,328.106,139.006,-6.337,-17.298,-20.799,7.746,-8.875,1.771,2.737,0.468,2.695,4.332,-4.145,1.299,0.638,-2.552,1.840,0.271,-0.741,-2.665,-1.632,-0.450,1.383,0.252,-0.208,-0.202,-0.186,-0.453,0.285,0.059,-0.042,-0.038,0.061,0.008,-0.032,0.052,0.00,0.00,1.36,0.00,0.21,3.52,0.19,0.28,0.00,0.00,0.07,0.97,0.00,0.09,0.00,0.73,0.00,0.00,0.00,1.00,0.00,1.00,1.00,0.00,0.00,0.00,0.00,0.00,1.00,0.00,0.00,0.00,0.00,0.00,0.00
50,0,4.900,0.93,1,-0.115727,0.147922,-0.982205,-0.255111,0.145931,-0.955836,-0.189,0.150,309.9,311.2,314.0,316.7,317.6,316.5,313.4,310.8,306.6,308.1,310.3,313.3,316.3,318.7,320.3,318.2,315.5,312.6,310.1,308.0,312.5,313.7,314.9,315.5,315.1,314.0,312.7,312.1,345.1,346.3,349.1,352.0,353.1,352.0,349.1,346.0,342.2,344.0,346.5,349.8,352.8,355.1,356.6,355.0,352.7,350.0,347.1,344.3,347.8,349.0,350.3,350.8,350.3,349.0,347.8,347.3,115.1,112.3,111.2,112.5,115.3,118.3,119.2,117.9,116.6,114.8,113.6,113.1,113.8,115.4,117.5,118.4,118.6,118.6,118.4,117.7,116.5,117.1,116.6,115.4,114.1,113.6,114.1,115.3,116.4,113.6,112.5,113.8,116.7,119.6,120.7,119.6,118.4,116.4,115.0,114.5,115.2,116.6,118.5,119.6,120.0,120.1,119.8,119.4,117.9,118.5,118.0,116.8,115.5,114.9,115.4,116.6,19.1,21.1,25.3,29.2,30.5,28.8,24.4,20.5,14.4,16.5,19.8,24.1,28.6,32.1,34.5,31.4,27.3,23.1,19.4,16.4,23.1,24.8,26.6,27.5,26.9,25.2,23.4,22.5,69.1,70.9,75.2,79.3,80.9,79.1,74.8,70.4,65.1,67.6,71.1,75.7,80.3,84.0,86.6,83.8,80.2,76.1,71.8,67.9,73.1,74.9,76.8,77.6,76.9,75.0,73.2,72.4,-80.2,-84.3,-85.8,-83.8,-79.5,-75.0,-73.8,-75.8,-78.6,-80.9,-82.3,-82.7,-81.6,-79.3,-76.3,-74.9,-74.5,-74.5,-75.1,-76.4,-78.0,-77.1,-77.8,-79.6,-81.5,-82.4,-81.7,-79.9,-75.6,-79.8,-81.5,-79.7,-75.4,-71.1,-69.4,-70.9,-72.8,-75.6,-77.5,-78.3,-77.5,-75.8,-73.4,-71.5,-70.5,-70.2,-70.5,-71.2,-73.5,-72.7,-73.5,-75.3,-77.2,-78.0,-77.3,-75.4,606.5,607.0,606.5,605.4,604.3,604.0,604.3,605.5,611.5,608.7,605.8,603.9,603.6,604.2,605.2,604.0,603.2,603.6,605.5,608.4,606.2,605.7,605.5,605.7,606.2,606.6,606.9,606.7,586.4,587.5,588.5,588.8,588.2,587.1,586.1,586.0,587.4,586.4,585.7,585.8,587.5,590.2,592.9,589.8,587.0,585.3,585.0,586.0,587.4,587.5,588.0,588.5,588.7,588.6,588.2,587.7,55.3,-46.7,690.6,0.118,0.236,0.057,296.4,295.7,296.2,297.3,298.9,302.3,307.4,314.9,324.9,336.1,346.9,356.8,364.6,369.6,372.6,374.4,375.4,300.0,304.3,310.8,317.6,323.7,337.5,345.3,353.1,360.3,365.3,329.9,328.9,327.9,326.9,320.0,323.5,327.4,332.0,336.3,306.5,310.6,315.9,320.3,315.6,310.2,342.1,346.9,352.4,356.7,352.6,347.2,313.5,318.2,323.4,327.2,331.7,337.9,343.7,337.7,331.6,326.8,322.6,317.7,315.9,323.2,327.1,331.6,341.1,331.4,326.9,322.9,119.2,129.5,139.9,150.1,160.3,169.7,177.9,184.9,187.7,187.6,183.4,176.8,168.2,157.8,146.4,134.7,122.8,107.9,102.9,101.6,102.7,105.5,105.8,103.2,102.9,105.2,110.5,115.3,122.6,129.8,137.2,143.4,145.1,146.4,145.6,144.5,116.6,113.4,113.8,117.7,118.6,118.5,118.5,114.8,115.2,118.5,120.1,119.9,160.6,157.0,155.3,156.6,155.8,158.2,161.9,166.2,167.6,167.7,167.0,165.0,160.8,159.6,160.1,160.1,162.0,161.9,161.9,161.2,-1.0,-2.4,-1.5,0.5,3.4,9.5,18.5,31.0,47.7,67.1,86.7,105.5,120.1,129.3,134.2,136.8,138.6,5.3,12.7,23.6,34.9,44.9,67.6,80.6,93.9,106.3,115.2,55.0,52.8,50.6,48.4,38.3,44.0,50.2,57.8,65.0,16.5,23.3,32.4,39.8,31.8,22.7,76.1,83.9,93.1,100.6,93.4,84.4,28.1,35.5,43.8,49.9,57.2,67.9,78.5,67.7,57.2,49.3,42.6,34.7,32.1,43.6,49.9,57.3,74.0,57.0,49.5,43.1,-90.4,-71.7,-52.9,-34.5,-15.9,1.2,15.9,27.6,32.1,32.0,25.1,13.7,-1.4,-19.9,-40.1,-60.7,-81.5,-107.1,-114.5,-115.4,-112.1,-106.6,-105.4,-109.8,-110.7,-107.0,-98.6,-89.6,-76.7,-64.2,-51.5,-42.7,-39.6,-37.2,-38.7,-40.5,-90.9,-95.7,-94.5,-87.6,-86.2,-86.9,-85.2,-91.2,-90.4,-85.1,-82.1,-82.6,-14.3,-20.1,-22.8,-20.5,-21.8,-18.0,-11.8,-4.6,-2.3,-2.2,-3.3,-6.8,-14.0,-15.7,-14.8,-14.8,-11.8,-11.8,-11.7,-13.0,739.8,740.8,742.9,745.3,743.2,736.2,724.9,708.5,698.4,699.9,709.5,719.6,725.1,726.5,724.8,721.7,720.7,715.0,706.8,698.3,690.0,684.8,680.9,680.8,683.1,685.1,688.2,681.4,674.6,667.8,661.1,681.1,676.5,673.1,673.6,675.0,707.7,702.0,698.3,696.3,698.5,702.0,688.4,686.6,685.8,687.7,685.3,686.2,696.9,683.0,676.6,674.2,673.2,677.5,685.8,678.6,675.0,675.9,678.5,685.3,692.8,679.2,676.3,675.5,684.2,675.5,676.4,679.2,0.588,0.066,0.177,0.063,329.859,141.277,-23.848,-15.951,-18.420,19.426,-10.449,0.723,0.649,2.594,3.405,7.440,-2.070,1.611,0.886,-0.571,0.567,0.696,0.849,-2.565,0.756,-1.083,0.810,0.007,0.068,-0.063,-0.375,-0.987,0.421,0.208,0.084,0.008,0.109,-0.022,-0.014,0.029,0.11,0.00,1.65,0.05,0.36,3.61,0.09,0.50,0.07,0.08,0.04,1.17,0.00,0.03,0.25,1.59,0.00,1.00,0.00,1.00,0.00,1.00,1.00,0.00,0.00,0.00,0.00,0.00,1.00,0.00,0.00,0.00,0.00,0.00,0.00
51,0,5.000,0.98,1,-0.109496,0.176330,-0.978222,-0.244247,0.179585,-0.952939,-0.181,0.182,311.5,312.8,315.7,318.4,319.4,318.2,315.1,312.4,308.2,309.6,311.9,314.9,318.1,320.5,322.2,320.1,317.3,314.4,311.7,309.6,314.2,315.4,316.7,317.2,316.8,315.6,314.4,313.8,347.1,348.2,351.1,354.0,355.3,354.2,351.3,348.2,344.2,346.0,348.6,351.8,354.9,357.3,358.7,357.2,355.0,352.3,349.3,346.4,349.9,351.2,352.4,352.9,352.3,351.0,349.8,349.3,116.6,113.7,112.6,113.9,116.8,119.9,120.8,119.5,118.1,116.2,115.1,114.6,115.3,116.9,119.0,119.9,120.2,120.2,119.9,119.3,118.0,118.6,118.1,116.8,115.6,115.0,115.5,116.7,117.4,114.4,113.2,114.5,117.4,120.4,121.6,120.6,119.5,117.4,115.9,115.3,115.9,117.2,119.1,120.3,120.9,121.0,120.8,120.5,118.8,119.4,118.9,117.6,116.3,115.7,116.2,117.5,21.0,23.0,27.1,31.0,32.3,30.7,26.3,22.4,16.3,18.4,21.7,25.9,30.5,34.0,36.5,33.4,29.3,25.1,21.4,18.3,25.0,26.7,28.5,29.4,28.8,27.1,25.2,24.4,70.2,71.9,76.0,80.2,82.0,80.3,76.1,71.6,66.2,68.7,72.1,76.8,81.4,85.1,87.6,85.0,81.4,77.3,73.1,69.1,74.2,76.1,77.9,78.6,77.9,76.0,74.2,73.5,-76.2,-80.3,-81.9,-79.9,-75.5,-71.0,-69.8,-71.8,-74.6,-76.9,-78.2,-78.7,-77.6,-75.4,-72.4,-71.0,-70.5,-70.5,-71.1,-72.4,-74.0,-73.1,-73.8,-75.6,-77.5,-78.4,-77.7,-75.9,-72.3,-76.6,-78.5,-76.8,-72.5,-68.2,-66.4,-67.7,-69.4,-72.3,-74.3,-75.2,-74.6,-73.1,-70.7,-68.7,-67.6,-67.1,-67.3,-67.9,-70.4,-69.7,-70.5,-72.4,-74.2,-75.0,-74.2,-72.3,592.7,593.0,592.5,591.4,590.4,590.2,590.5,591.6,597.6,594.8,591.9,589.9,589.6,590.3,591.3,590.2,589.4,589.8,591.7,594.5,592.4,591.9,591.6,591.8,592.2,592.7,592.9,592.8,571.7,572.8,573.9,574.4,573.9,572.8,571.7,571.4,572.6,571.6,571.0,571.3,573.2,576.0,578.8,575.7,572.8,571.0,570.5,571.4,572.9,573.1,573.6,574.1,574.3,574.1,573.6,573.1,59.1,-43.4,687.4,0.176,0.228,0.024,298.0,297.6,298.5,300.0,302.0,305.6,311.0,318.7,328.7,339.8,350.0,359.4,366.6,371.3,374.1,375.7,376.5,301.5,305.8,312.3,319.2,325.3,339.4,346.7,354.3,361.4,366.5,332.0,331.2,330.5,329.7,322.8,326.4,330.3,334.9,339.0,308.1,312.1,317.6,322.2,317.4,311.9,344.1,348.9,354.6,358.9,354.9,349.3,316.5,320.9,326.3,330.2,334.6,340.9,346.6,341.1,334.9,330.0,325.7,320.4,319.0,326.2,330.1,334.6,344.0,334.6,330.0,326.0,120.3,130.8,141.3,151.6,162.0,171.7,180.4,187.8,190.7,190.2,185.1,177.4,168.2,157.5,146.0,134.2,122.3,109.0,104.1,103.0,104.2,107.1,107.1,104.1,103.4,105.1,109.9,116.8,124.3,131.7,139.4,145.3,147.0,148.3,147.4,146.2,118.1,114.8,115.2,119.2,120.2,120.1,119.6,115.7,115.9,119.1,121.0,120.9,163.0,158.9,157.0,158.4,157.5,159.9,164.0,169.9,172.1,172.2,171.6,168.8,163.2,161.4,161.9,161.8,164.1,166.1,166.2,165.5,1.8,1.0,2.7,5.5,9.0,15.4,24.8,37.7,54.4,73.4,92.0,109.7,123.1,131.5,135.9,138.1,139.1,7.7,15.0,25.9,37.1,47.0,70.0,82.2,94.9,107.1,116.1,57.8,56.1,54.4,52.6,42.8,48.5,54.7,62.1,69.1,19.0,25.7,35.0,42.6,34.6,25.4,78.8,86.5,95.9,103.4,96.4,87.2,33.2,39.9,48.4,54.5,61.8,72.7,83.0,73.2,62.7,54.8,47.8,39.3,37.2,48.4,54.7,62.0,78.6,62.2,54.7,48.2,-87.2,-68.6,-49.9,-31.6,-12.7,4.9,20.3,32.7,37.3,36.4,27.9,14.8,-1.4,-20.4,-40.5,-61.1,-81.7,-103.7,-111.0,-111.6,-108.3,-102.8,-102.2,-107.2,-108.8,-106.2,-98.7,-86.3,-73.2,-60.5,-47.6,-39.4,-36.2,-33.9,-35.5,-37.6,-87.5,-92.2,-91.1,-84.1,-82.8,-83.4,-82.6,-88.9,-88.5,-83.4,-80.0,-80.2,-10.2,-16.8,-19.8,-17.5,-18.9,-15.1,-8.4,1.5,5.1,5.4,4.3,-0.3,-9.9,-12.6,-11.8,-11.8,-8.2,-4.9,-4.6,-5.8,730.0,732.1,735.3,739.0,738.5,733.4,724.4,709.7,699.8,700.7,708.8,717.7,721.7,721.9,719.3,715.9,714.2,705.4,697.7,689.5,681.6,677.4,674.4,674.0,676.1,678.3,681.4,674.7,668.5,662.4,656.3,676.6,672.2,669.1,669.5,670.8,700.5,694.6,691.0,689.1,691.7,695.1,682.2,680.3,679.7,682.0,679.6,680.3,694.4,680.2,673.1,671.0,670.1,674.7,683.3,678.1,675.6,676.5,678.9,684.7,690.4,676.3,673.5,672.9,682.3,675.4,676.3,678.8,0.591,0.127,0.162,0.035,332.288,142.997,-35.971,-15.025,-13.966,26.369,-10.093,-4.919,3.016,3.520,3.565,6.698,0.075,2.292,1.138,0.141,-0.234,-0.276,1.563,-1.118,-0.891,-0.111,0.193,0.072,0.143,-0.037,-0.016,-0.771,0.597,0.258,0.115,-0.006,0.096,-0.031,0.008,0.041,0.21,0.00,1.61,0.05,0.55,3.68,0.00,0.47,0.07,0.08,0.00,1.32,0.00,0.00,0.38,2.12,0.00,1.00,0.00,1.00,0.00,1.00,1.00,0.00,0.00,0.00,0.00,0.00,1.00,0.00,0.00,0.00,0.00,0.00,0.00
52,0,5.100,0.98,1,-0.085894,0.154522,-0.984249,-0.224593,0.154422,-0.962139,-0.158,0.157,308.8,310.1,312.9,315.6,316.6,315.5,312.5,309.8,305.4,306.9,309.2,312.2,315.3,317.6,319.2,317.2,314.5,311.6,309.0,306.9,311.5,312.7,313.9,314.4,314.0,312.8,311.6,311.0,344.5,345.6,348.4,351.3,352.6,351.4,348.6,345.5,341.6,343.4,346.0,349.2,352.2,354.5,355.9,354.4,352.2,349.5,346.6,343.7,347.2,348.5,349.7,350.2,349.6,348.4,347.1,346.7,116.8,114.1,112.9,114.1,117.0,120.0,120.9,119.7,118.4,116.6,115.4,114.8,115.5,117.0,119.1,120.0,120.2,120.3,120.1,119.5,118.2,118.8,118.3,117.1,115.8,115.3,115.8,117.0,117.4,114.5,113.4,114.6,117.6,120.5,121.6,120.6,119.4,117.4,116.0,115.4,116.1,117.4,119.3,120.4,120.9,121.0,120.8,120.4,118.9,119.4,118.9,117.7,116.4,115.8,116.3,117.6,17.5,19.4,23.6,27.5,29.0,27.4,22.9,18.9,12.6,14.8,18.1,22.5,27.0,30.5,33.0,29.9,25.8,21.6,17.8,14.7,21.5,23.2,25.1,25.9,25.3,23.5,21.7,20.9,67.8,69.5,73.7,77.9,79.6,77.8,73.7,69.2,63.8,66.3,69.8,74.4,79.0,82.6,85.1,82.5,78.9,74.9,70.6,66.6,71.8,73.6,75.4,76.2,75.5,73.6,71.8,71.0,-77.5,-81.7,-83.3,-81.4,-77.1,-72.6,-71.3,-73.2,-75.8,-78.2,-79.6,-80.2,-79.1,-77.0,-74.1,-72.6,-72.1,-72.0,-72.5,-73.7,-75.4,-74.6,-75.3,-77.1,-79.0,-79.8,-79.1,-77.3,-73.6,-77.9,-79.7,-78.0,-73.7,-69.4,-67.6,-69.0,-70.8,-73.6,-75.5,-76.4,-75.7,-74.2,-71.8,-69.9,-68.8,-68.4,-68.7,-69.3,-71.7,-70.9,-71.7,-73.6,-75.5,-76.2,-75.4,-73.5,606.4,606.9,606.6,605.6,604.5,604.1,604.3,605.3,611.1,608.4,605.7,604.0,603.8,604.5,605.5,604.2,603.2,603.5,605.3,608.1,606.2,605.7,605.6,605.8,606.3,606.7,606.9,606.6,582.4,583.5,584.6,585.1,584.6,583.4,582.3,582.0,583.2,582.3,581.7,582.0,583.9,586.7,589.5,586.4,583.4,581.6,581.1,582.0,583.6,583.7,584.2,584.7,585.0,584.8,584.3,583.8,54.8,-44.3,687.1,0.125,0.218,0.014,294.2,293.9,294.7,296.2,298.6,303.0,309.0,316.9,327.4,338.9,349.3,358.6,365.2,369.3,371.5,372.7,373.2,298.5,303.0,309.8,317.0,323.3,337.1,344.6,352.4,359.5,364.1,329.9,329.1,328.3,327.6,320.2,323.9,327.9,332.4,336.5,305.3,309.5,314.9,319.3,314.5,309.1,341.5,346.3,351.8,356.1,352.1,346.7,313.5,318.4,323.9,327.6,331.9,338.1,343.9,338.0,331.8,327.1,322.9,317.7,315.8,323.7,327.5,331.9,341.4,331.7,327.3,323.4,122.0,133.0,144.1,154.8,165.1,174.3,182.0,188.1,190.1,189.0,183.4,175.5,166.1,155.2,144.0,132.6,121.2,110.1,104.8,103.0,103.9,106.7,106.6,103.9,103.5,105.7,111.1,116.3,123.7,131.0,138.6,144.7,146.3,147.7,146.7,145.5,118.4,115.2,115.5,119.2,120.3,120.2,119.5,115.8,116.1,119.3,121.0,120.8,161.7,157.9,156.3,157.5,156.7,158.8,162.4,167.8,169.5,169.6,169.0,166.7,161.8,160.4,160.8,160.7,162.6,163.9,164.1,163.5,-5.1,-5.7,-4.3,-1.5,2.9,10.8,21.2,34.5,51.8,71.7,90.7,108.1,120.5,127.7,131.3,133.1,133.9,2.6,10.4,21.8,33.5,43.9,66.6,79.2,92.4,104.7,113.0,54.7,52.8,51.0,49.2,38.5,44.3,50.7,58.2,65.0,14.3,21.3,30.4,37.8,29.8,20.7,74.8,82.7,91.8,99.2,92.2,83.2,28.0,35.8,44.3,50.3,57.4,68.1,78.6,67.9,57.4,49.7,43.0,34.6,31.7,44.2,50.3,57.6,74.2,57.4,50.0,43.7,-85.0,-65.2,-45.3,-25.9,-7.1,9.5,22.9,33.0,36.1,34.2,25.0,11.4,-5.2,-24.4,-44.1,-63.9,-84.0,-102.4,-110.5,-112.3,-109.5,-104.0,-103.7,-108.3,-109.4,-106.0,-97.5,-87.5,-74.5,-61.8,-49.0,-40.3,-37.3,-34.9,-36.6,-38.6,-87.0,-91.9,-91.0,-84.4,-82.8,-83.3,-83.2,-89.1,-88.6,-83.5,-80.4,-80.7,-12.5,-18.5,-21.0,-18.8,-20.3,-16.8,-11.0,-2.1,0.8,1.1,0.1,-3.8,-12.2,-14.3,-13.5,-13.7,-10.7,-8.4,-8.0,-9.1,737.9,739.3,741.3,742.7,739.8,732.7,721.0,705.1,696.3,698.5,707.8,716.2,720.4,721.0,719.5,717.3,717.0,709.5,702.1,694.2,686.0,680.8,678.1,678.6,681.2,683.5,686.9,677.8,670.7,663.6,656.9,676.2,672.0,669.0,669.7,671.2,702.0,696.8,693.4,691.4,693.3,696.5,685.5,683.8,683.2,685.4,682.8,683.4,693.8,680.5,673.4,671.3,670.9,675.6,684.1,677.0,673.4,673.7,676.0,682.4,690.3,675.6,673.2,673.1,682.7,674.1,674.3,676.7,0.590,0.078,0.162,0.020,329.741,142.546,-28.123,-2.649,-14.106,17.639,-8.554,-1.742,-0.212,-5.771,0.212,6.821,0.950,0.096,2.217,-1.995,0.163,-0.685,1.446,-1.305,-0.621,0.946,-0.431,0.897,0.122,0.517,-0.620,-0.605,0.244,0.142,-0.056,-0.007,0.024,-0.015,0.012,0.062,0.34,0.00,1.55,0.05,0.69,3.80,0.00,0.31,0.07,0.08,0.00,1.11,0.01,0.00,0.54,1.93,0.00,1.00,0.00,1.00,0.00,1.00,1.00,0.00,0.00,0.00,0.00,0.00,1.00,0.00,0.00,0.00,0.00,0.00,0.00
53,0,5.200,0.98,1,-0.084264,0.152129,-0.984762,-0.226084,0.152532,-0.962091,-0.158,0.155,308.5,309.8,312.6,315.3,316.3,315.3,312.2,309.6,305.2,306.7,309.0,311.9,315.0,317.4,319.0,317.0,314.3,311.4,308.8,306.6,311.2,312.4,313.7,314.2,313.8,312.6,311.4,310.8,344.3,345.5,348.3,351.1,352.4,351.3,348.5,345.4,341.5,343.3,345.8,349.0,352.0,354.3,355.8,354.3,352.0,349.4,346.4,343.6,347.0,348.3,349.5,350.0,349.5,348.2,347.0,346.5,117.0,114.2,113.1,114.2,117.0,120.1,121.0,119.8,118.5,116.7,115.5,114.9,115.6,117.1,119.1,120.0,120.3,120.4,120.2,119.7,118.3,118.9,118.4,117.2,115.9,115.4,115.9,117.1,117.3,114.4,113.3,114.5,117.5,120.4,121.5,120.5,119.3,117.3,115.9,115.4,116.0,117.3,119.2,120.2,120.7,120.9,120.7,120.3,118.8,119.3,118.8,117.6,116.3,115.7,116.2,117.5,17.2,19.1,23.3,27.2,28.7,27.1,22.7,18.7,12.3,14.5,17.8,22.2,26.7,30.3,32.8,29.7,25.6,21.4,17.6,14.4,21.2,23.0,24.8,25.6,25.0,23.2,21.4,20.6,67.9,69.6,73.8,78.0,79.7,77.9,73.8,69.3,63.9,66.3,69.9,74.5,79.1,82.7,85.2,82.6,79.0,75.0,70.7,66.7,71.9,73.7,75.5,76.3,75.6,73.7,71.9,71.1,-77.6,-81.8,-83.4,-81.5,-77.2,-72.7,-71.4,-73.3,-75.8,-78.2,-79.7,-80.3,-79.3,-77.1,-74.2,-72.7,-72.2,-72.1,-72.6,-73.8,-75.5,-74.7,-75.4,-77.2,-79.1,-79.9,-79.2,-77.4,-74.1,-78.4,-80.2,-78.4,-74.2,-69.9,-68.1,-69.5,-71.3,-74.0,-76.0,-76.9,-76.2,-74.7,-72.3,-70.4,-69.3,-68.9,-69.2,-69.7,-72.1,-71.4,-72.2,-74.1,-75.9,-76.7,-75.9,-74.0,608.4,608.9,608.7,607.7,606.6,606.1,606.3,607.3,613.1,610.4,607.7,606.0,605.8,606.5,607.5,606.2,605.2,605.5,607.2,610.0,608.2,607.7,607.6,607.8,608.3,608.8,608.9,608.6,585.1,586.2,587.3,587.7,587.2,586.0,585.0,584.7,585.9,585.0,584.3,584.6,586.5,589.3,592.1,588.9,586.1,584.2,583.8,584.7,586.2,586.4,586.9,587.4,587.6,587.4,586.9,586.4,54.7,-44.3,686.9,0.120,0.220,0.006,293.9,293.7,294.6,296.2,298.7,303.2,309.2,317.1,327.6,339.2,349.7,359.0,365.5,369.4,371.4,372.6,373.1,298.1,302.6,309.5,316.6,323.1,336.9,344.4,352.1,359.3,363.9,329.8,329.0,328.2,327.5,320.2,323.9,327.9,332.4,336.4,305.1,309.2,314.7,319.0,314.3,308.9,341.4,346.2,351.7,355.9,351.9,346.5,313.5,318.5,323.8,327.6,331.9,338.0,343.8,337.9,331.8,327.1,323.0,317.7,315.8,323.7,327.5,331.9,341.3,331.7,327.3,323.4,122.4,133.6,144.7,155.5,165.8,174.8,182.3,188.1,190.0,188.8,183.1,175.1,165.5,154.6,143.5,132.2,120.9,110.5,105.0,103.2,104.0,106.7,106.7,103.9,103.4,105.6,110.9,116.3,123.6,130.9,138.4,144.7,146.3,147.6,146.6,145.4,118.6,115.3,115.5,119.2,120.3,120.3,119.4,115.8,116.0,119.1,120.8,120.7,161.8,158.0,156.3,157.5,156.6,158.8,162.4,167.7,169.4,169.6,169.0,166.8,161.9,160.4,160.8,160.7,162.6,163.8,164.0,163.5,-5.7,-6.0,-4.4,-1.5,3.1,11.1,21.6,34.8,52.1,72.2,91.4,108.7,120.9,127.8,131.1,132.9,133.6,1.9,9.7,21.2,33.0,43.5,66.3,78.9,92.0,104.4,112.7,54.4,52.6,50.8,49.1,38.4,44.2,50.6,58.0,64.8,13.9,20.9,30.0,37.4,29.4,20.3,74.6,82.4,91.5,99.0,91.9,82.9,28.0,35.8,44.3,50.3,57.3,67.9,78.4,67.8,57.3,49.7,43.0,34.7,31.7,44.2,50.3,57.5,74.0,57.3,50.0,43.7,-84.3,-64.2,-44.1,-24.6,-5.9,10.5,23.5,33.0,35.9,33.8,24.4,10.7,-6.1,-25.4,-44.9,-64.6,-84.5,-101.8,-110.1,-112.0,-109.3,-103.9,-103.7,-108.3,-109.5,-106.2,-97.8,-87.6,-74.6,-62.0,-49.2,-40.3,-37.4,-35.1,-36.7,-38.8,-86.8,-91.7,-90.8,-84.4,-82.7,-83.1,-83.3,-89.2,-88.8,-83.8,-80.6,-80.9,-12.2,-18.4,-21.0,-18.9,-20.3,-16.9,-11.0,-2.2,0.7,0.9,-0.0,-3.7,-12.1,-14.3,-13.5,-13.7,-10.8,-8.6,-8.2,-9.2,738.8,740.1,741.9,743.0,739.9,732.5,720.4,704.3,695.5,697.7,707.1,715.4,719.6,720.2,718.7,716.8,716.7,709.9,702.5,694.5,686.3,680.9,678.5,679.0,681.5,683.7,687.0,677.9,670.8,663.7,656.9,676.0,671.8,668.9,669.5,670.9,702.0,696.8,693.4,691.4,693.3,696.5,685.6,683.9,683.3,685.5,682.9,683.5,693.4,680.4,673.3,671.2,670.9,675.4,683.7,676.6,673.2,673.4,675.7,682.2,689.9,675.5,673.0,673.0,682.3,673.9,674.1,676.5,0.590,0.073,0.166,0.012,329.670,142.550,-28.028,-0.853,-14.673,16.604,-8.062,-1.863,-0.448,-7.033,0.571,7.037,1.524,0.125,2.629,-1.821,0.013,-0.877,1.839,-1.485,-0.951,0.948,-0.247,0.807,0.132,0.487,-0.563,-0.564,0.206,0.148,-0.060,-0.006,0.028,-0.014,0.006,0.067,0.34,0.00,1.26,0.00,0.72,3.90,0.00,0.01,0.00,0.00,0.02,1.07,0.01,0.00,0.28,1.53,0.00,1.00,0.00,1.00,0.00,1.00,1.00,0.00,0.00,0.00,0.00,0.00,1.00,0.00,0.00,0.00,0.00,0.00,0.00
54,0,5.300,0.98,1,-0.090703,0.154387,-0.983838,-0.228224,0.154562,-0.961262,-0.163,0.158,307.6,308.7,311.5,314.1,315.2,314.2,311.3,308.6,304.3,305.7,307.9,310.8,313.9,316.2,317.9,315.9,313.2,310.4,307.9,305.8,310.3,311.4,312.6,313.1,312.7,311.5,310.3,309.8,342.9,343.9,346.7,349.5,350.7,349.7,346.9,343.9,340.1,341.8,344.3,347.4,350.4,352.6,354.1,352.6,350.5,347.8,344.9,342.2,345.5,346.8,348.0,348.4,347.9,346.6,345.4,345.0,117.7,114.9,113.8,114.9,117.6,120.6,121.6,120.4,119.3,117.5,116.2,115.6,116.2,117.6,119.6,120.6,120.9,121.1,120.9,120.4,119.0,119.5,119.0,117.8,116.6,116.1,116.6,117.8,117.5,114.6,113.5,114.7,117.5,120.4,121.5,120.6,119.5,117.5,116.1,115.4,116.0,117.3,119.1,120.3,120.8,120.9,120.8,120.5,118.9,119.4,118.9,117.6,116.4,115.9,116.4,117.6,16.0,17.8,21.9,25.9,27.4,26.0,21.6,17.6,11.2,13.3,16.5,20.9,25.5,29.0,31.6,28.5,24.4,20.3,16.5,13.3,20.1,21.8,23.6,24.4,23.7,22.0,20.2,19.4,67.0,68.7,72.8,77.0,78.8,77.1,73.0,68.5,63.1,65.5,69.0,73.6,78.2,81.9,84.4,81.8,78.2,74.2,69.9,65.9,71.0,72.9,74.7,75.4,74.7,72.8,71.0,70.3,-77.7,-82.0,-83.7,-81.9,-77.6,-73.0,-71.7,-73.5,-75.9,-78.4,-79.9,-80.6,-79.7,-77.6,-74.7,-73.1,-72.5,-72.3,-72.7,-73.8,-75.7,-75.0,-75.7,-77.6,-79.4,-80.2,-79.5,-77.6,-75.3,-79.6,-81.4,-79.7,-75.5,-71.2,-69.3,-70.7,-72.4,-75.2,-77.3,-78.2,-77.5,-76.1,-73.7,-71.7,-70.6,-70.1,-70.3,-70.9,-73.4,-72.7,-73.5,-75.3,-77.2,-77.9,-77.1,-75.2,618.3,618.8,618.4,617.4,616.3,616.0,616.2,617.3,623.2,620.5,617.7,615.8,615.6,616.3,617.3,616.1,615.2,615.5,617.3,620.1,618.1,617.6,617.5,617.7,618.2,618.6,618.8,618.6,596.3,597.4,598.5,598.8,598.3,597.2,596.1,595.9,597.2,596.2,595.5,595.8,597.6,600.4,603.2,600.1,597.2,595.4,595.0,595.9,597.4,597.6,598.0,598.5,598.8,598.6,598.1,597.6,53.5,-44.0,690.1,0.120,0.225,-0.010,293.1,293.1,294.2,295.9,298.5,303.0,309.0,316.9,327.4,339.1,349.8,359.1,365.4,369.0,370.8,371.7,371.9,297.0,301.2,307.9,314.9,321.3,335.4,342.9,350.6,357.7,362.4,328.3,327.6,326.9,326.2,319.4,323.0,326.9,331.3,335.3,304.3,308.2,313.5,317.9,313.3,308.0,340.0,344.6,350.0,354.2,350.3,345.0,313.3,318.4,323.4,326.9,331.0,336.9,342.9,336.8,330.9,326.5,322.6,317.8,315.5,323.3,326.9,331.1,340.3,330.8,326.6,323.0,123.5,134.5,145.5,156.1,166.2,175.1,182.2,187.8,189.5,188.1,182.4,174.5,165.1,154.4,143.4,132.2,121.0,111.7,106.2,104.2,105.0,107.6,107.3,104.5,103.8,105.9,111.1,116.8,124.3,131.8,139.5,145.7,147.3,148.5,147.5,146.1,119.3,116.0,116.1,119.7,121.0,121.1,119.6,115.9,116.0,119.1,120.9,120.8,162.4,159.3,157.9,159.1,158.1,159.8,162.5,166.5,167.8,168.0,167.5,165.9,162.4,161.8,162.1,161.9,162.7,162.6,162.8,162.3,-7.1,-7.2,-5.2,-2.0,2.8,10.9,21.3,34.5,52.0,72.3,91.9,109.4,121.5,128.0,130.9,131.9,132.3,0.0,7.2,18.6,30.3,40.8,64.1,76.7,89.8,102.2,110.6,52.3,50.5,48.8,47.1,37.2,43.0,49.2,56.6,63.3,12.6,19.2,28.2,35.6,27.8,18.8,72.6,80.1,89.2,96.6,89.7,80.8,27.9,35.8,43.8,49.5,56.3,66.4,77.2,66.2,56.1,48.8,42.6,34.8,31.4,43.8,49.6,56.6,72.7,56.0,49.0,43.2,-83.1,-63.1,-43.2,-23.7,-5.2,10.9,23.5,32.6,35.0,32.7,23.4,9.7,-6.9,-26.0,-45.4,-64.9,-84.7,-100.4,-108.7,-110.8,-108.1,-102.9,-103.0,-107.8,-109.3,-106.2,-97.9,-87.1,-73.8,-60.8,-47.8,-38.8,-35.9,-33.7,-35.5,-37.8,-85.9,-91.0,-90.3,-84.0,-82.1,-82.2,-83.4,-89.4,-89.2,-84.2,-80.9,-81.1,-11.3,-16.2,-18.4,-16.5,-18.1,-15.3,-10.9,-4.1,-2.0,-1.7,-2.5,-5.1,-11.1,-12.1,-11.4,-11.8,-10.6,-10.7,-10.2,-11.1,744.7,746.1,747.7,748.6,744.6,736.3,723.2,706.5,697.4,699.8,710.2,719.4,724.4,725.2,723.7,720.7,720.3,714.6,706.5,698.4,690.0,684.3,681.3,681.8,684.3,686.6,690.2,681.2,673.9,666.5,659.5,679.4,675.1,672.1,672.7,674.3,705.7,700.6,697.1,695.3,696.9,700.2,689.1,687.2,686.5,688.7,686.2,686.8,696.2,683.6,677.2,675.3,674.8,679.1,687.0,678.7,675.1,675.1,677.5,683.9,692.4,679.1,676.8,676.8,685.1,676.0,676.0,678.4,0.587,0.073,0.173,-0.005,328.802,142.869,-19.810,-0.360,-20.911,14.877,-7.834,5.198,-1.305,-6.959,1.269,8.478,0.426,0.314,2.041,-3.464,1.196,-0.721,1.461,-1.182,-0.466,0.414,-0.004,0.124,0.128,0.455,-0.082,-0.600,-0.060,0.078,-0.139,0.002,-0.028,0.007,0.038,0.096,0.24,0.00,1.26,0.00,0.67,4.02,0.00,0.01,0.00,0.16,0.11,1.07,0.01,0.04,0.16,1.50,0.00,0.00,0.00,1.00,0.00,1.00,1.00,0.00,0.00,0.00,0.00,0.00,1.00,0.00,0.00,0.00,0.00,0.00,0.00
55,0,5.400,0.98,1,-0.080101,0.146732,-0.985928,-0.223904,0.143474,-0.963993,-0.155,0.148,309.7,310.9,313.7,316.3,317.3,316.3,313.4,310.7,306.4,307.8,310.1,313.0,316.0,318.4,320.0,318.0,315.3,312.5,310.0,307.8,312.4,313.5,314.7,315.3,314.8,313.7,312.5,311.9,344.9,346.0,348.8,351.6,352.9,351.8,349.0,345.9,342.1,343.9,346.4,349.5,352.5,354.8,356.2,354.7,352.5,349.9,347.0,344.2,347.6,348.8,350.1,350.5,350.0,348.8,347.5,347.1,117.9,115.2,114.0,115.2,117.9,120.9,121.8,120.7,119.5,117.7,116.5,115.9,116.5,118.0,120.0,120.9,121.2,121.3,121.1,120.6,119.2,119.8,119.3,118.1,116.8,116.3,116.8,118.0,118.0,115.2,114.0,115.2,118.1,121.0,122.2,121.2,120.0,118.1,116.7,116.1,116.7,117.9,119.8,120.9,121.4,121.5,121.3,121.0,119.5,120.0,119.5,118.2,117.0,116.4,116.9,118.2,19.2,21.1,25.2,29.2,30.7,29.2,24.7,20.7,14.3,16.4,19.8,24.1,28.7,32.2,34.8,31.7,27.6,23.4,19.6,16.4,23.3,25.0,26.8,27.6,27.0,25.2,23.4,22.6,69.6,71.3,75.5,79.7,81.4,79.7,75.5,71.0,65.6,68.0,71.6,76.2,80.8,84.5,87.0,84.4,80.8,76.7,72.4,68.5,73.6,75.4,77.3,78.0,77.3,75.4,73.6,72.8,-77.3,-81.6,-83.2,-81.3,-77.0,-72.5,-71.2,-73.0,-75.5,-77.9,-79.4,-80.0,-79.1,-77.0,-74.1,-72.6,-72.0,-71.9,-72.4,-73.5,-75.3,-74.5,-75.2,-77.0,-78.9,-79.7,-79.0,-77.2,-74.0,-78.3,-80.1,-78.4,-74.1,-69.8,-68.0,-69.4,-71.2,-73.9,-75.9,-76.8,-76.1,-74.6,-72.3,-70.3,-69.3,-68.8,-69.1,-69.6,-72.1,-71.3,-72.1,-74.0,-75.9,-76.6,-75.8,-73.9,617.5,618.1,617.8,616.8,615.8,615.4,615.5,616.5,622.3,619.6,616.9,615.1,615.0,615.7,616.8,615.5,614.5,614.8,616.5,619.2,617.3,616.9,616.8,617.0,617.5,617.9,618.1,617.8,592.4,593.5,594.6,595.0,594.5,593.4,592.3,592.0,593.2,592.3,591.6,591.9,593.8,596.6,599.4,596.3,593.4,591.5,591.1,592.0,593.5,593.7,594.2,594.7,594.9,594.7,594.2,593.7,57.2,-45.1,700.3,0.106,0.216,0.002,294.8,294.8,295.7,297.3,299.9,304.6,310.7,318.5,328.7,340.1,350.5,359.7,366.2,370.0,372.0,373.1,373.6,298.7,303.0,309.8,316.9,323.4,337.7,345.3,353.0,360.2,364.9,330.5,329.8,329.0,328.3,321.1,324.8,328.7,333.2,337.1,306.3,310.4,315.7,320.0,315.4,310.0,342.0,346.7,352.2,356.4,352.4,347.1,314.8,320.1,325.1,328.6,332.7,338.4,344.4,338.1,332.3,327.9,324.1,319.3,316.9,324.9,328.5,332.7,341.9,332.3,328.1,324.6,123.5,134.6,145.5,156.1,166.0,174.6,181.4,186.6,188.1,186.7,181.4,173.9,164.8,154.3,143.5,132.5,121.5,112.5,107.0,105.1,105.9,108.4,108.2,105.6,105.0,107.0,112.3,117.2,124.5,131.8,139.4,145.3,146.9,148.1,147.1,145.9,119.5,116.3,116.5,120.0,121.2,121.3,120.1,116.5,116.7,119.8,121.5,121.4,161.0,158.4,157.1,158.3,157.4,159.0,161.5,165.1,166.1,166.2,165.8,164.3,161.1,160.7,161.2,160.9,161.6,161.1,161.3,160.9,-4.0,-4.1,-2.3,0.5,5.4,13.9,24.7,37.7,54.9,74.9,94.6,112.4,124.9,131.9,135.3,137.0,137.9,3.1,10.5,22.2,34.2,44.9,69.1,82.0,95.5,108.3,117.1,56.8,54.9,53.1,51.3,40.8,46.6,53.0,60.5,67.3,16.3,23.3,32.5,39.9,31.8,22.7,77.3,85.2,94.4,102.0,94.8,85.7,30.8,39.2,47.4,53.1,60.0,70.0,81.1,69.4,59.2,51.9,45.6,37.9,34.3,47.2,53.1,60.2,76.6,59.4,52.3,46.5,-84.3,-64.0,-43.7,-24.0,-5.6,10.2,22.3,30.8,33.0,30.9,21.9,8.7,-7.6,-26.6,-46.0,-65.6,-85.6,-100.6,-109.0,-111.2,-108.4,-103.2,-103.0,-107.7,-109.2,-106.2,-97.8,-87.8,-74.6,-61.6,-48.6,-40.1,-37.2,-34.9,-36.6,-38.8,-87.0,-91.8,-91.2,-84.8,-82.9,-83.1,-83.9,-89.9,-89.6,-84.6,-81.3,-81.5,-13.9,-18.1,-20.0,-18.0,-19.5,-16.8,-12.9,-6.6,-4.9,-4.6,-5.4,-8.0,-13.6,-14.0,-13.2,-13.6,-12.6,-13.3,-12.9,-13.7,757.0,757.6,758.5,758.6,754.5,746.4,733.2,716.3,707.5,710.3,721.4,730.9,736.3,737.5,736.7,734.4,734.7,726.7,718.2,709.7,701.1,694.8,692.0,693.2,696.2,699.2,703.6,691.8,684.3,676.6,669.3,689.3,684.9,681.9,682.8,684.5,716.7,711.6,708.2,706.3,707.6,710.8,700.6,699.0,698.5,700.9,698.0,698.4,707.0,694.4,687.6,685.8,685.4,690.0,698.3,689.0,684.6,684.7,687.0,694.0,703.2,689.3,687.1,687.2,696.1,685.9,685.8,688.2,0.578,0.058,0.158,0.007,330.528,142.614,-12.839,-0.019,-18.370,11.696,-5.130,6.972,-4.012,-9.607,1.009,6.288,0.629,1.056,2.497,-2.841,1.800,-0.922,1.655,-0.691,-1.239,0.690,-0.139,-0.541,-0.087,0.336,0.155,-0.444,0.032,0.067,-0.126,-0.001,-0.013,0.019,0.018,0.084,0.11,0.00,1.10,0.00,0.62,4.16,0.00,0.00,0.00,0.25,0.14,1.10,0.00,0.08,0.00,1.01,0.00,0.00,0.00,1.00,0.00,1.00,1.00,0.00,0.00,0.00,0.00,0.00,1.00,0.00,0.00,0.00,0.00,0.00,0.00
56,0,5.500,0.98,1,-0.106481,0.128457,-0.985982,-0.254992,0.121003,-0.959342,-0.184,0.128,308.5,309.8,312.5,315.1,316.1,315.0,312.0,309.4,305.2,306.7,308.9,311.8,314.8,317.1,318.7,316.7,314.0,311.2,308.7,306.6,311.1,312.3,313.5,314.0,313.6,312.5,311.3,310.7,343.8,345.0,347.8,350.6,351.8,350.6,347.8,344.8,341.0,342.8,345.2,348.4,351.4,353.7,355.2,353.6,351.4,348.7,345.8,343.0,346.5,347.7,348.9,349.5,348.9,347.7,346.5,346.0,116.1,113.4,112.3,113.5,116.3,119.2,120.1,118.9,117.6,115.8,114.6,114.1,114.8,116.3,118.4,119.2,119.5,119.5,119.3,118.8,117.5,118.0,117.5,116.4,115.1,114.6,115.1,116.3,117.0,114.1,113.0,114.3,117.2,120.0,121.1,120.1,118.9,117.0,115.6,115.1,115.8,117.1,119.0,120.0,120.4,120.5,120.3,119.9,118.4,119.0,118.5,117.3,116.0,115.5,115.9,117.2,17.4,19.4,23.6,27.5,28.9,27.2,22.8,18.8,12.6,14.7,18.0,22.4,26.9,30.4,32.9,29.8,25.7,21.5,17.7,14.6,21.4,23.2,25.0,25.8,25.2,23.5,21.7,20.8,68.1,69.9,74.2,78.3,79.9,78.1,73.9,69.4,64.1,66.6,70.1,74.7,79.3,83.1,85.6,82.9,79.2,75.1,70.8,66.9,72.1,73.9,75.8,76.6,75.9,74.1,72.2,71.4,-80.4,-84.6,-86.1,-84.2,-79.8,-75.3,-74.1,-76.0,-78.6,-81.1,-82.5,-83.0,-82.0,-79.8,-76.8,-75.3,-74.9,-74.8,-75.3,-76.6,-78.2,-77.4,-78.1,-79.9,-81.8,-82.6,-82.0,-80.1,-75.7,-80.0,-81.7,-79.9,-75.6,-71.3,-69.6,-71.1,-73.0,-75.7,-77.6,-78.4,-77.6,-76.0,-73.6,-71.7,-70.7,-70.4,-70.7,-71.4,-73.7,-72.9,-73.7,-75.5,-77.4,-78.2,-77.4,-75.6,619.9,620.5,620.1,619.0,617.9,617.5,617.7,618.8,624.8,622.1,619.3,617.5,617.2,617.8,618.8,617.5,616.6,617.0,618.8,621.7,619.6,619.2,619.0,619.2,619.7,620.2,620.4,620.1,593.9,595.0,596.0,596.2,595.5,594.4,593.5,593.4,594.9,593.9,593.1,593.2,594.9,597.5,600.2,597.1,594.3,592.7,592.4,593.5,594.9,594.9,595.4,595.8,596.1,596.0,595.6,595.1,54.3,-47.1,696.0,0.078,0.254,0.023,294.3,294.2,295.1,296.5,299.0,303.5,309.4,316.8,326.8,338.3,349.2,358.8,365.6,369.6,371.8,373.1,373.9,297.8,302.1,308.9,315.9,322.3,336.2,343.8,351.7,359.1,364.0,329.0,327.9,326.8,325.7,319.0,322.6,326.4,330.9,334.9,305.1,309.2,314.5,318.7,314.0,308.7,340.9,345.6,351.1,355.4,351.2,345.9,313.1,318.0,322.8,326.3,330.5,336.2,342.2,335.9,330.1,325.7,321.9,317.3,315.2,322.7,326.3,330.5,339.5,330.3,326.0,322.4,121.7,132.9,144.0,154.7,164.7,173.2,179.8,184.6,186.1,185.1,180.4,173.8,165.3,155.2,144.6,133.7,122.6,110.7,105.1,103.3,104.3,107.0,107.2,104.7,104.3,106.3,111.6,115.9,123.0,130.1,137.4,143.5,145.1,146.3,145.4,144.2,117.6,114.5,114.7,118.4,119.5,119.5,119.0,115.4,115.7,119.0,120.5,120.3,159.5,156.5,155.1,156.3,155.5,157.4,160.3,163.4,164.3,164.4,164.0,162.6,159.5,158.8,159.2,159.1,160.3,159.3,159.5,159.1,-5.1,-5.3,-3.6,-0.9,3.7,11.8,22.1,34.4,51.2,71.1,91.4,109.5,122.5,129.9,133.6,135.7,137.3,1.3,8.9,20.7,32.3,42.8,66.2,79.1,92.6,105.5,114.5,54.0,51.6,49.2,46.9,37.0,42.7,48.8,56.3,63.1,14.3,21.2,30.3,37.4,29.4,20.4,74.9,82.7,92.0,99.5,92.1,83.1,27.7,35.4,43.2,48.8,55.8,65.7,76.5,65.0,55.1,47.7,41.5,34.2,31.2,43.0,48.9,56.0,71.8,55.5,48.3,42.5,-88.0,-67.2,-46.5,-26.6,-8.0,7.6,19.2,27.2,29.4,27.8,20.0,8.5,-6.5,-24.6,-43.6,-63.0,-82.7,-103.8,-112.2,-114.0,-110.9,-105.1,-104.2,-108.5,-109.7,-106.5,-98.0,-89.6,-76.7,-64.2,-51.6,-42.8,-40.0,-37.7,-39.2,-41.3,-90.0,-94.8,-93.9,-87.2,-85.6,-86.0,-85.3,-91.2,-90.6,-85.3,-82.3,-82.7,-16.3,-21.0,-23.2,-21.1,-22.5,-19.4,-14.7,-9.4,-7.8,-7.6,-8.4,-10.7,-16.2,-17.1,-16.3,-16.6,-14.6,-16.1,-15.8,-16.6,758.4,758.6,759.0,758.1,752.7,742.7,727.5,709.5,700.3,702.9,713.8,723.3,728.7,730.1,729.4,727.6,728.3,725.8,717.1,708.2,699.0,692.0,688.5,689.1,691.5,693.8,697.5,688.5,681.0,673.2,665.8,685.7,681.1,677.6,678.0,679.3,715.1,709.7,706.0,703.8,705.4,709.0,696.4,694.7,694.0,696.0,693.3,694.0,701.4,688.8,682.5,680.4,679.9,683.9,691.3,682.8,679.0,679.3,681.7,688.5,697.6,683.9,681.6,681.4,689.2,680.5,680.6,683.2,0.582,0.025,0.204,0.026,329.025,141.273,-7.699,2.044,-19.874,8.317,-4.537,6.140,-0.347,-4.551,2.394,5.478,0.636,0.196,2.578,-1.520,1.212,-0.637,0.947,-0.608,-0.961,1.018,0.430,-0.001,-0.642,-0.242,0.534,-0.335,0.055,0.044,-0.055,-0.008,-0.034,0.037,0.002,0.107,0.00,0.00,1.14,0.00,0.65,4.22,0.05,0.00,0.00,0.25,0.12,1.07,0.00,0.19,0.00,0.61,0.00,0.00,0.00,1.00,0.00,1.00,1.00,0.00,0.00,0.00,0.00,0.00,1.00,0.00,0.00,0.00,0.00,0.00,0.00
57,0,5.600,0.98,1,-0.127262,0.122914,-0.984224,-0.272325,0.111165,-0.955762,-0.203,0.120,306.2,307.5,310.3,312.8,313.7,312.6,309.6,307.0,302.9,304.4,306.6,309.5,312.5,314.7,316.3,314.3,311.6,308.8,306.3,304.3,308.8,309.9,311.1,311.7,311.3,310.2,309.0,308.4,341.6,342.9,345.7,348.5,349.7,348.4,345.6,342.5,338.8,340.6,343.1,346.3,349.3,351.6,353.1,351.5,349.2,346.4,343.5,340.8,344.3,345.5,346.8,347.3,346.8,345.6,344.4,343.8,113.4,110.7,109.7,110.9,113.7,116.6,117.4,116.2,115.0,113.2,112.0,111.5,112.2,113.8,115.8,116.6,116.8,116.9,116.6,116.1,114.8,115.4,114.9,113.8,112.6,112.0,112.5,113.6,114.8,112.0,111.0,112.3,115.2,118.0,119.1,118.0,116.8,114.8,113.5,113.0,113.8,115.2,117.1,118.1,118.4,118.4,118.1,117.8,116.4,117.0,116.5,115.3,114.0,113.4,113.9,115.1,13.9,16.0,20.1,24.0,25.3,23.6,19.1,15.2,9.1,11.3,14.5,18.8,23.4,26.8,29.2,26.1,22.0,17.8,14.1,11.0,17.9,19.6,21.4,22.3,21.7,20.0,18.2,17.3,64.8,66.7,71.0,75.1,76.6,74.7,70.4,66.0,60.8,63.3,66.8,71.4,76.0,79.7,82.3,79.5,75.7,71.6,67.3,63.5,68.8,70.6,72.4,73.3,72.6,70.8,68.9,68.1,-84.4,-88.6,-90.1,-88.1,-83.7,-79.2,-78.1,-80.1,-82.7,-85.1,-86.5,-87.0,-85.8,-83.6,-80.6,-79.2,-78.8,-78.8,-79.4,-80.6,-82.2,-81.3,-82.0,-83.8,-85.7,-86.6,-85.9,-84.1,-78.6,-82.8,-84.5,-82.6,-78.2,-74.0,-72.4,-74.0,-75.9,-78.6,-80.5,-81.2,-80.3,-78.6,-76.1,-74.3,-73.4,-73.2,-73.6,-74.3,-76.5,-75.7,-76.4,-78.2,-80.1,-81.0,-80.2,-78.4,619.9,620.5,620.0,618.8,617.6,617.1,617.4,618.6,624.8,622.1,619.3,617.3,617.0,617.5,618.3,617.1,616.3,616.8,618.7,621.6,619.5,618.9,618.7,619.0,619.5,620.1,620.3,620.0,592.3,593.5,594.4,594.4,593.7,592.5,591.6,591.7,593.4,592.3,591.5,591.5,593.1,595.6,598.2,595.1,592.4,590.8,590.7,591.9,593.1,593.2,593.6,594.1,594.4,594.4,594.0,593.5,48.7,-49.3,683.2,0.060,0.281,0.048,292.9,292.5,293.3,294.6,296.8,301.0,306.3,313.1,322.9,334.5,345.9,355.9,363.3,367.7,370.2,371.8,372.9,295.7,299.9,306.8,313.7,319.9,333.7,341.5,349.5,357.1,362.2,326.4,324.9,323.5,322.1,315.6,319.1,322.9,327.6,331.9,302.8,306.9,312.1,316.3,311.6,306.3,338.6,343.5,349.0,353.3,349.0,343.6,309.9,314.6,319.5,322.9,327.2,333.2,339.6,332.8,326.7,322.2,318.4,313.8,312.0,319.3,322.9,327.3,336.8,327.0,322.6,319.0,118.5,130.0,141.6,152.7,163.0,171.9,178.8,183.9,185.6,185.0,180.7,174.4,166.0,155.8,144.9,133.6,122.3,108.1,102.4,100.5,101.6,104.6,105.1,102.6,102.3,104.5,110.1,113.4,120.6,127.7,135.0,141.2,142.8,144.2,143.3,142.1,115.0,111.8,112.1,115.9,116.8,116.8,116.9,113.3,113.7,117.1,118.5,118.2,157.6,154.6,153.2,154.4,153.7,155.7,158.9,161.8,162.7,162.8,162.3,160.9,157.7,156.8,157.3,157.2,158.8,157.7,157.9,157.4,-7.6,-8.2,-6.8,-4.5,-0.3,7.1,16.4,27.5,43.6,63.2,83.6,102.2,115.8,123.8,128.0,130.5,132.6,-2.3,5.1,16.7,28.1,38.3,60.8,73.8,87.3,100.2,109.2,48.7,45.8,42.9,40.1,30.7,36.1,42.1,49.8,56.9,10.1,17.0,25.8,32.8,24.8,15.9,69.7,77.6,86.6,94.1,86.6,77.7,21.8,29.1,36.8,42.4,49.3,59.4,70.8,58.6,48.4,41.1,35.0,27.9,25.1,36.6,42.3,49.5,65.9,49.0,41.8,36.2,-92.6,-71.5,-50.3,-29.9,-10.8,5.1,17.1,25.3,27.9,27.0,20.1,9.4,-5.2,-23.0,-42.2,-61.8,-81.7,-106.8,-115.4,-117.0,-113.5,-107.4,-106.0,-110.0,-110.8,-107.5,-98.6,-92.1,-79.3,-66.9,-54.4,-45.8,-42.8,-40.4,-41.9,-43.9,-93.2,-97.9,-96.8,-90.1,-88.7,-89.3,-87.3,-93.0,-92.2,-86.7,-84.1,-84.7,-19.2,-23.9,-25.9,-23.8,-25.1,-21.8,-16.8,-11.8,-10.3,-10.2,-11.0,-13.4,-19.0,-20.0,-19.1,-19.3,-16.9,-18.4,-18.1,-19.0,748.1,748.0,747.9,746.6,740.6,730.0,714.7,696.2,686.2,687.9,698.2,707.7,712.9,714.3,713.6,712.0,713.0,715.5,706.6,697.3,687.8,680.4,676.2,676.3,678.2,679.9,683.2,676.2,668.3,660.3,652.6,673.2,667.9,663.8,664.1,665.4,704.1,698.7,694.6,692.0,694.0,697.8,683.3,681.5,680.4,681.9,679.5,680.5,689.3,676.0,669.2,667.0,666.3,670.0,677.4,668.7,664.8,665.4,668.0,675.4,685.3,670.5,667.9,667.6,675.4,666.6,667.0,669.8,0.593,0.002,0.241,0.049,326.331,139.502,-7.453,1.310,-17.003,9.940,-6.083,7.961,1.396,-1.727,3.577,3.861,-1.008,1.703,1.529,-1.444,0.601,-0.633,0.189,-0.966,-0.674,1.339,1.069,-0.081,-0.173,-0.430,0.861,-0.432,0.127,0.104,-0.067,-0.062,-0.014,0.022,-0.012,0.087,0.00,0.00,1.27,0.00,0.69,4.12,0.09,0.00,0.00,0.09,0.08,0.92,0.00,0.27,0.00,0.15,0.00,0.00,0.00,1.00,0.00,1.00,1.00,0.00,0.00,0.00,0.00,0.00,1.00,0.00,0.00,0.00,0.00,0.00,0.00
58,0,5.700,0.98,1,-0.139968,0.125253,-0.982202,-0.282407,0.115108,-0.952363,-0.215,0.124,305.0,306.3,309.1,311.7,312.6,311.4,308.5,305.9,301.8,303.3,305.4,308.3,311.3,313.6,315.2,313.1,310.4,307.6,305.1,303.1,307.6,308.8,310.0,310.5,310.2,309.0,307.8,307.2,340.2,341.5,344.3,347.1,348.2,347.0,344.1,341.1,337.4,339.2,341.6,344.8,347.9,350.2,351.7,350.1,347.7,345.0,342.0,339.3,342.9,344.1,345.4,345.9,345.4,344.2,343.0,342.4,111.7,109.0,107.9,109.2,111.9,114.9,115.7,114.4,113.2,111.4,110.2,109.7,110.5,112.0,114.1,114.9,115.1,115.1,114.9,114.3,113.1,113.6,113.2,112.0,110.8,110.3,110.7,111.9,113.3,110.6,109.5,110.9,113.8,116.6,117.6,116.5,115.3,113.3,112.0,111.5,112.3,113.7,115.7,116.7,117.0,117.0,116.7,116.3,114.9,115.5,115.0,113.8,112.5,111.9,112.4,113.6,12.2,14.2,18.4,22.2,23.5,21.8,17.3,13.5,7.4,9.5,12.8,17.1,21.6,25.1,27.5,24.3,20.2,16.0,12.3,9.3,16.1,17.8,19.6,20.5,19.9,18.3,16.4,15.5,62.7,64.7,69.0,73.1,74.5,72.6,68.3,63.9,58.7,61.2,64.7,69.4,74.0,77.7,80.2,77.4,73.6,69.5,65.2,61.4,66.7,68.5,70.4,71.2,70.6,68.8,66.9,66.0,-87.0,-91.1,-92.6,-90.6,-86.2,-81.7,-80.6,-82.6,-85.3,-87.7,-89.1,-89.6,-88.4,-86.1,-83.1,-81.7,-81.3,-81.3,-82.0,-83.2,-84.8,-83.9,-84.5,-86.3,-88.3,-89.1,-88.5,-86.7,-80.8,-85.0,-86.6,-84.7,-80.3,-76.1,-74.5,-76.2,-78.2,-80.9,-82.7,-83.3,-82.4,-80.7,-78.1,-76.3,-75.5,-75.3,-75.8,-76.5,-78.7,-77.8,-78.5,-80.4,-82.3,-83.1,-82.4,-80.6,619.1,619.7,619.2,617.9,616.7,616.3,616.7,617.9,624.1,621.4,618.5,616.5,616.1,616.6,617.4,616.2,615.5,616.0,617.9,620.9,618.7,618.1,617.9,618.1,618.7,619.2,619.4,619.2,592.6,593.7,594.6,594.6,593.8,592.6,591.8,592.0,593.7,592.6,591.8,591.7,593.2,595.7,598.2,595.2,592.5,591.0,591.0,592.2,593.4,593.4,593.7,594.2,594.6,594.6,594.2,593.7,45.6,-51.1,678.8,0.062,0.287,0.068,292.2,291.6,292.1,293.2,295.0,298.5,303.4,310.1,319.8,331.4,343.0,353.5,361.5,366.4,369.2,371.0,372.3,294.9,298.9,305.4,312.1,318.2,332.4,340.3,348.3,355.9,361.0,324.6,323.1,321.6,320.0,313.8,317.2,321.0,325.7,330.1,301.7,305.7,311.0,315.2,310.5,305.2,337.2,342.0,347.5,351.9,347.5,342.1,308.3,312.7,317.6,321.0,325.1,331.3,337.8,331.0,324.8,320.3,316.6,312.1,310.4,317.4,320.9,325.1,335.0,324.9,320.7,317.2,116.6,127.6,138.8,149.6,159.9,169.1,176.6,182.6,185.0,184.9,181.1,175.1,166.8,156.4,145.0,133.2,121.3,106.0,100.4,98.7,99.9,102.8,103.4,101.0,100.8,103.2,108.8,111.8,118.9,126.0,133.3,139.6,141.3,142.6,141.8,140.7,113.2,110.0,110.4,114.2,115.1,115.0,115.3,111.8,112.3,115.7,117.1,116.7,156.6,153.4,151.9,153.2,152.4,154.6,158.1,161.4,162.3,162.3,161.8,160.2,156.7,155.7,156.2,156.1,158.0,157.2,157.2,156.6,-8.7,-9.8,-8.8,-6.9,-3.6,2.6,11.2,22.3,38.2,57.6,78.1,97.3,111.9,120.7,125.5,128.1,130.4,-3.7,3.2,14.3,25.3,35.2,58.2,71.2,84.6,97.2,106.1,45.4,42.5,39.5,36.6,27.6,32.9,38.8,46.4,53.5,8.2,14.9,23.7,30.7,22.8,14.0,66.9,74.6,83.6,91.0,83.5,74.7,18.9,25.8,33.5,38.9,45.6,55.8,67.2,55.2,44.9,37.8,31.9,24.8,22.4,33.3,38.8,45.7,62.4,45.3,38.4,32.9,-95.2,-75.1,-54.9,-35.2,-16.3,0.2,13.3,23.1,26.7,26.6,20.6,10.4,-3.9,-21.9,-41.7,-62.0,-82.6,-109.9,-118.1,-119.3,-115.8,-109.8,-107.9,-111.8,-112.4,-108.7,-99.8,-94.1,-81.5,-69.2,-56.8,-48.2,-45.1,-42.6,-44.0,-45.9,-95.8,-100.4,-99.3,-92.5,-91.1,-91.8,-89.2,-94.8,-93.8,-88.3,-85.7,-86.5,-20.7,-25.7,-27.8,-25.7,-26.9,-23.4,-17.9,-12.3,-10.8,-10.8,-11.7,-14.4,-20.5,-21.7,-20.9,-20.9,-18.0,-19.2,-19.1,-20.2,741.1,740.9,740.9,740.4,735.4,725.7,711.4,693.0,682.2,683.2,693.1,703.0,708.6,709.9,708.9,706.6,706.8,711.4,702.5,693.1,683.7,676.6,671.4,671.3,672.8,674.0,676.8,671.7,663.9,656.0,648.4,669.1,663.7,659.6,659.8,661.0,700.6,695.1,690.9,688.2,690.4,694.4,678.2,676.3,675.0,676.3,674.1,675.3,685.2,671.3,664.5,662.1,660.9,664.6,672.0,663.6,660.0,661.0,663.8,671.4,681.0,666.0,663.2,662.4,670.2,661.6,662.5,665.5,0.597,0.001,0.249,0.069,324.648,138.230,-10.328,-6.878,-16.842,13.484,-8.932,6.327,2.067,1.188,5.742,3.500,-2.390,1.657,1.075,-2.742,1.032,-0.751,1.226,-1.851,-0.449,0.763,1.244,-0.253,-0.042,-0.336,0.440,-0.538,-0.009,0.106,-0.092,-0.049,0.030,-0.025,-0.012,0.083,0.00,0.00,1.55,0.00,0.78,4.02,0.17,0.06,0.00,0.00,0.05,0.73,0.00,0.23,0.31,0.33,0.01,0.00,0.00,1.00,0.00,1.00,1.00,0.00,0.00,0.00,0.00,0.00,1.00,0.00,0.00,0.00,0.00,0.00,0.00
59,0,5.800,0.98,1,-0.159726,0.148334,-0.975953,-0.308804,0.135844,-0.941375,-0.240,0.147,304.1,305.5,308.2,310.7,311.5,310.3,307.3,304.8,300.9,302.4,304.5,307.4,310.3,312.5,314.0,311.9,309.3,306.5,304.1,302.1,306.6,307.7,308.9,309.5,309.2,308.1,306.9,306.2,338.7,340.0,342.9,345.6,346.6,345.3,342.4,339.4,335.9,337.6,340.1,343.3,346.3,348.6,350.1,348.4,346.0,343.3,340.4,337.7,341.3,342.5,343.7,344.3,343.9,342.7,341.4,340.9,109.6,107.0,106.1,107.4,110.1,112.9,113.6,112.3,111.0,109.2,108.2,107.8,108.6,110.2,112.3,113.0,113.1,113.0,112.7,112.1,111.1,111.6,111.2,110.1,108.9,108.3,108.7,109.9,112.3,109.6,108.6,110.0,112.9,115.6,116.6,115.4,114.1,112.2,111.0,110.6,111.5,112.9,114.9,115.8,116.0,115.9,115.6,115.1,113.9,114.5,114.1,112.9,111.6,111.0,111.4,112.6,10.9,13.1,17.4,21.1,22.3,20.4,15.8,12.0,6.0,8.3,11.6,16.0,20.4,23.8,26.1,22.9,18.8,14.6,10.9,7.9,14.8,16.4,18.3,19.2,18.8,17.1,15.2,14.3,61.4,63.4,67.8,71.8,73.1,71.0,66.7,62.4,57.3,59.8,63.4,68.0,72.6,76.3,78.9,75.9,72.1,67.9,63.7,59.9,65.3,67.0,68.9,69.8,69.2,67.5,65.6,64.7,-91.7,-95.8,-97.1,-94.9,-90.5,-86.1,-85.1,-87.3,-90.2,-92.5,-93.8,-94.1,-92.7,-90.3,-87.2,-86.0,-85.8,-86.0,-86.7,-88.1,-89.3,-88.4,-89.0,-90.7,-92.7,-93.6,-93.0,-91.3,-83.5,-87.7,-89.2,-87.1,-82.7,-78.5,-77.1,-78.8,-81.0,-83.6,-85.3,-85.8,-84.7,-82.9,-80.3,-78.6,-77.9,-77.9,-78.4,-79.3,-81.2,-80.3,-81.0,-82.8,-84.7,-85.6,-85.0,-83.2,629.5,630.1,629.6,628.4,627.1,626.6,627.0,628.2,634.4,631.7,628.9,626.9,626.5,627.0,627.8,626.6,625.8,626.3,628.2,631.2,629.0,628.5,628.3,628.5,629.1,629.6,629.8,629.6,600.8,601.9,602.7,602.5,601.6,600.5,599.8,600.1,602.0,600.9,599.9,599.8,601.1,603.4,605.8,602.9,600.3,598.9,599.0,600.3,601.4,601.4,601.7,602.2,602.6,602.6,602.3,601.8,42.1,-52.5,674.7,0.094,0.329,0.090,291.8,290.7,290.9,291.8,293.2,296.4,301.0,307.3,316.8,328.3,340.1,350.8,359.2,364.6,367.8,369.9,371.5,294.6,298.9,305.2,311.6,317.3,331.1,339.0,347.1,354.5,359.6,323.0,321.2,319.4,317.6,311.6,314.8,318.4,323.1,327.5,300.8,304.8,310.0,314.0,309.3,304.2,335.7,340.5,345.9,350.3,345.8,340.5,305.4,309.4,314.6,318.1,322.5,329.2,335.8,328.8,322.0,317.3,313.3,308.6,307.6,314.4,318.0,322.4,333.1,322.3,317.7,314.0,113.7,124.8,136.1,147.1,157.7,167.4,175.7,182.5,185.5,185.5,181.5,175.1,166.6,156.0,144.5,132.5,120.5,102.8,97.9,96.8,98.2,101.2,102.1,99.9,100.0,102.5,107.9,110.4,117.3,124.1,131.2,137.6,139.3,140.8,140.1,139.2,111.0,108.0,108.5,112.4,113.1,112.8,114.2,110.8,111.4,114.9,116.1,115.6,155.0,151.1,149.6,151.0,150.4,153.1,157.5,162.7,164.4,164.3,163.5,160.8,155.2,153.6,154.2,154.3,157.4,158.8,158.8,157.9,-9.4,-11.3,-11.0,-9.4,-6.7,-1.0,7.0,17.4,33.0,52.1,72.5,91.6,106.3,115.7,120.8,124.0,126.7,-4.2,3.3,13.8,24.2,33.3,55.5,68.3,81.4,93.5,102.1,42.4,39.0,35.7,32.4,23.7,28.7,34.4,41.9,49.0,6.4,13.2,21.7,28.4,20.6,12.1,63.5,71.1,79.8,87.0,79.6,71.1,14.1,20.4,28.4,33.9,41.0,52.0,63.3,51.4,40.3,32.8,26.5,19.0,17.6,28.2,33.8,41.0,58.9,40.8,33.5,27.7,-99.5,-79.5,-59.2,-39.5,-20.2,-2.8,11.7,22.9,27.5,27.5,21.1,10.4,-4.2,-22.2,-41.9,-62.1,-82.5,-114.3,-121.2,-121.4,-117.5,-111.3,-108.7,-112.2,-112.2,-108.2,-99.7,-95.4,-83.3,-71.6,-59.5,-51.1,-47.9,-45.2,-46.3,-47.8,-98.8,-103.0,-101.5,-94.5,-93.7,-94.8,-89.9,-95.1,-93.9,-88.3,-86.1,-87.1,-23.5,-29.3,-31.4,-29.0,-29.8,-25.6,-18.8,-10.1,-7.5,-7.6,-8.9,-13.5,-23.0,-25.0,-23.9,-23.7,-18.8,-16.5,-16.6,-18.0,733.9,734.3,735.0,735.4,731.0,722.2,708.9,690.8,679.8,679.2,686.8,694.1,697.6,698.0,696.2,694.1,694.2,704.1,695.3,686.1,676.7,669.9,663.7,662.8,663.6,664.1,666.1,664.3,657.3,650.3,643.5,664.0,658.7,654.6,654.3,654.9,694.7,688.9,684.6,681.6,684.2,688.4,669.8,667.3,665.5,666.3,664.7,666.4,683.5,668.3,660.0,657.0,655.4,658.7,666.0,660.0,657.6,659.4,662.6,670.8,679.5,661.9,658.5,657.2,665.4,658.6,660.2,663.5,0.603,0.026,0.299,0.093,322.710,137.125,-24.874,-7.281,-7.555,13.475,-9.649,-1.161,5.211,0.421,6.649,3.519,-0.435,0.828,0.308,-2.852,-0.139,0.218,1.744,-1.408,-1.052,0.132,1.157,0.094,-0.336,0.343,-0.007,-0.542,0.297,0.187,0.003,0.004,0.062,-0.030,0.005,0.045,0.00,0.00,1.53,0.00,0.71,3.81,0.18,0.09,0.00,0.00,0.13,0.49,0.00,0.12,0.47,0.53,0.08,0.00,0.00,1.00,0.00,1.00,1.00,0.00,0.00,0.00,0.00,0.00,1.00,0.00,0.00,0.00,0.00,0.00,0.00
60,0,5.900,0.98,1,-0.158565,0.142683,-0.976985,-0.305780,0.132263,-0.942871,-0.237,0.142,304.8,306.2,308.9,311.4,312.2,311.0,308.1,305.6,301.7,303.1,305.3,308.1,311.0,313.2,314.7,312.7,310.0,307.3,304.9,302.9,307.3,308.4,309.6,310.2,309.9,308.8,307.6,307.0,339.2,340.5,343.3,346.1,347.1,345.8,342.9,340.0,336.4,338.2,340.6,343.8,346.8,349.1,350.6,348.9,346.5,343.8,341.0,338.3,341.8,343.0,344.3,344.8,344.4,343.2,341.9,341.4,109.6,107.0,106.1,107.4,110.1,112.9,113.6,112.4,111.1,109.3,108.2,107.8,108.6,110.2,112.3,113.0,113.1,113.1,112.8,112.2,111.1,111.7,111.2,110.1,108.9,108.4,108.8,109.9,112.0,109.3,108.3,109.7,112.6,115.3,116.3,115.1,113.9,112.0,110.7,110.3,111.1,112.6,114.6,115.4,115.7,115.7,115.3,114.9,113.6,114.2,113.8,112.6,111.3,110.7,111.1,112.3,12.0,14.2,18.4,22.2,23.4,21.5,17.0,13.2,7.2,9.4,12.7,17.1,21.6,25.0,27.3,24.1,20.0,15.8,12.1,9.1,15.9,17.6,19.4,20.4,19.9,18.2,16.4,15.4,62.1,64.2,68.5,72.5,73.9,71.9,67.6,63.2,58.1,60.6,64.2,68.8,73.4,77.1,79.6,76.7,72.9,68.7,64.5,60.8,66.1,67.8,69.7,70.6,70.0,68.2,66.3,65.5,-91.6,-95.7,-97.1,-94.9,-90.5,-86.1,-85.0,-87.2,-90.1,-92.4,-93.7,-94.0,-92.7,-90.3,-87.2,-85.9,-85.7,-85.8,-86.6,-87.9,-89.2,-88.3,-88.9,-90.7,-92.6,-93.6,-93.0,-91.2,-83.9,-88.1,-89.6,-87.6,-83.2,-79.1,-77.5,-79.2,-81.3,-84.0,-85.8,-86.4,-85.3,-83.5,-80.9,-79.2,-78.4,-78.3,-78.8,-79.6,-81.7,-80.8,-81.5,-83.3,-85.2,-86.1,-85.5,-83.6,629.5,630.0,629.5,628.3,627.0,626.6,627.0,628.2,634.5,631.7,628.9,626.9,626.5,626.9,627.7,626.6,625.8,626.3,628.3,631.3,629.0,628.5,628.3,628.5,629.1,629.6,629.8,629.6,601.1,602.2,602.9,602.9,602.0,600.9,600.1,600.4,602.2,601.1,600.2,600.1,601.5,603.8,606.3,603.3,600.7,599.3,599.3,600.6,601.7,601.7,602.0,602.5,602.9,602.9,602.6,602.1,43.6,-53.6,680.6,0.090,0.317,0.092,292.6,291.5,291.7,292.5,293.9,296.9,301.5,307.8,317.1,328.4,340.0,350.8,359.4,365.1,368.5,370.6,372.2,295.4,299.5,305.7,312.1,317.8,331.6,339.5,347.4,354.7,359.8,323.5,321.9,320.2,318.4,312.5,315.7,319.4,324.0,328.4,301.6,305.5,310.7,314.8,310.1,305.0,336.3,341.0,346.4,350.8,346.4,341.1,306.6,310.6,315.6,319.1,323.4,330.0,336.5,329.6,323.0,318.4,314.5,309.9,308.8,315.4,319.0,323.3,333.8,323.1,318.7,315.1,113.6,124.4,135.3,146.0,156.4,166.0,174.4,181.3,184.4,184.7,181.1,175.1,166.8,156.3,144.6,132.4,120.2,103.0,98.0,96.8,98.1,100.9,101.8,99.5,99.6,102.1,107.5,110.3,117.1,123.9,131.0,137.4,139.1,140.5,139.8,138.9,111.1,108.0,108.5,112.4,113.2,112.9,114.0,110.5,111.1,114.5,115.8,115.4,154.7,150.9,149.4,150.7,150.1,152.7,157.0,161.8,163.3,163.2,162.5,160.0,154.9,153.3,153.9,154.0,156.9,157.8,157.8,156.9,-8.0,-10.0,-9.7,-8.1,-5.6,-0.1,7.8,18.4,33.9,52.8,73.0,92.5,108.0,118.0,123.5,126.8,129.5,-2.8,4.3,14.8,25.2,34.5,56.9,69.7,82.8,94.9,103.5,43.7,40.5,37.3,34.1,25.4,30.5,36.2,43.7,50.9,7.8,14.6,23.2,30.0,22.2,13.6,65.1,72.6,81.4,88.7,81.3,72.7,16.2,22.5,30.4,35.9,42.8,53.7,65.0,53.2,42.3,34.8,28.7,21.3,19.8,30.1,35.7,42.7,60.5,42.5,35.4,29.7,-100.2,-80.8,-61.1,-41.8,-22.7,-5.3,9.4,21.1,25.9,26.4,20.6,10.5,-3.8,-21.9,-42.2,-63.0,-84.1,-114.9,-122.2,-122.6,-118.8,-112.9,-110.4,-114.0,-114.1,-110.0,-101.4,-96.6,-84.4,-72.6,-60.6,-52.0,-48.7,-46.2,-47.3,-48.8,-99.5,-103.9,-102.5,-95.4,-94.5,-95.5,-91.2,-96.6,-95.4,-89.8,-87.5,-88.4,-24.1,-29.9,-32.1,-29.7,-30.7,-26.5,-19.8,-11.7,-9.3,-9.4,-10.7,-14.9,-23.7,-25.7,-24.6,-24.4,-19.9,-18.2,-18.3,-19.8,738.4,738.6,739.2,739.9,736.0,727.7,715.0,697.2,686.0,685.5,693.4,701.5,705.8,706.8,705.2,702.8,702.5,710.7,702.0,692.9,683.6,677.0,670.7,669.7,670.4,670.7,672.4,671.2,664.2,657.1,650.1,670.5,665.2,661.1,660.9,661.6,701.3,695.5,691.2,688.2,690.9,695.1,676.4,674.0,672.2,673.0,671.4,673.1,688.8,673.8,666.0,663.0,661.4,664.7,672.1,665.6,662.9,664.7,668.0,676.0,684.8,667.9,664.5,663.1,671.2,664.1,665.7,669.1,0.597,0.021,0.283,0.095,323.410,136.727,-22.820,-13.627,-9.976,14.733,-10.710,-0.170,5.330,2.140,6.638,3.087,-2.367,1.562,0.603,-2.889,-0.178,-0.256,1.710,-2.013,-0.684,0.124,1.128,-0.064,-0.229,0.235,0.046,-0.773,0.265,0.147,-0.026,-0.009,0.069,-0.049,-0.001,0.037,0.00,0.00,1.38,0.00,0.62,3.63,0.21,0.09,0.00,0.00,0.25,0.37,0.00,0.17,0.47,0.49,0.08,0.00,0.00,1.00,0.00,1.00,1.00,0.00,0.00,0.00,0.00,0.00,1.00,0.00,0.00,0.00,0.00,0.00,0.00
61,0,6.000,0.98,1,-0.145825,0.122394,-0.981710,-0.290213,0.110622,-0.950547,-0.222,0.120,305.7,307.0,309.8,312.3,313.1,311.9,309.0,306.5,302.5,303.9,306.1,308.9,311.9,314.1,315.6,313.5,310.9,308.1,305.7,303.8,308.2,309.3,310.5,311.1,310.7,309.6,308.4,307.8,339.9,341.2,344.1,346.8,347.8,346.5,343.7,340.7,337.1,338.9,341.4,344.5,347.5,349.8,351.3,349.6,347.3,344.6,341.7,339.0,342.5,343.7,345.0,345.6,345.1,343.9,342.7,342.1,109.6,106.9,106.0,107.2,110.0,112.8,113.6,112.3,111.0,109.2,108.1,107.7,108.5,110.1,112.2,112.9,113.0,113.0,112.7,112.1,111.0,111.6,111.1,110.0,108.8,108.3,108.7,109.8,111.8,109.1,108.1,109.5,112.4,115.1,116.1,114.9,113.7,111.8,110.5,110.1,110.9,112.4,114.3,115.3,115.6,115.5,115.1,114.7,113.4,114.0,113.6,112.4,111.1,110.5,110.9,112.1,13.4,15.5,19.7,23.5,24.7,22.9,18.4,14.6,8.6,10.8,14.0,18.3,22.8,26.2,28.6,25.4,21.3,17.1,13.4,10.5,17.3,18.9,20.8,21.7,21.2,19.5,17.7,16.7,63.3,65.3,69.6,73.7,75.1,73.0,68.7,64.4,59.2,61.8,65.3,69.9,74.5,78.2,80.7,77.8,74.1,69.9,65.7,61.9,67.2,69.0,70.8,71.7,71.1,69.4,67.5,66.6,-91.7,-95.8,-97.2,-95.1,-90.7,-86.3,-85.2,-87.3,-90.2,-92.5,-93.8,-94.2,-92.9,-90.5,-87.5,-86.1,-85.8,-85.9,-86.7,-88.0,-89.4,-88.5,-89.1,-90.9,-92.8,-93.7,-93.1,-91.3,-84.3,-88.5,-90.0,-88.0,-83.6,-79.4,-77.9,-79.6,-81.7,-84.3,-86.1,-86.6,-85.6,-83.9,-81.3,-79.5,-78.7,-78.6,-79.2,-80.0,-82.1,-81.2,-81.8,-83.7,-85.6,-86.5,-85.8,-84.0,629.7,630.2,629.6,628.4,627.2,626.8,627.2,628.4,634.7,631.9,629.0,627.0,626.6,627.0,627.9,626.7,626.0,626.5,628.5,631.5,629.2,628.7,628.4,628.6,629.2,629.7,630.0,629.7,601.4,602.5,603.3,603.3,602.5,601.4,600.6,600.8,602.5,601.4,600.5,600.4,601.9,604.4,606.9,603.9,601.3,599.8,599.8,601.0,602.1,602.1,602.5,603.0,603.3,603.3,603.0,602.5,45.6,-56.3,691.0,0.052,0.289,0.104,293.1,292.0,292.0,292.7,294.0,297.0,301.8,308.2,317.6,328.8,340.3,351.1,359.7,365.5,369.0,371.2,373.0,296.0,300.1,306.6,313.1,318.9,332.1,340.1,348.1,355.6,360.9,324.4,322.8,321.2,319.5,313.4,316.6,320.2,324.8,329.1,302.4,306.4,311.5,315.6,310.9,305.8,337.0,341.8,347.2,351.4,347.1,341.8,307.8,312.2,316.8,320.0,324.1,329.9,336.1,329.5,323.7,319.3,315.7,311.5,309.9,316.5,319.8,324.0,333.4,323.8,319.7,316.3,113.8,124.3,134.9,145.4,155.5,164.7,172.4,178.6,181.4,181.8,178.9,173.7,166.1,156.0,144.5,132.4,120.3,103.6,98.3,97.1,98.4,101.2,101.9,99.7,99.7,102.3,107.9,110.1,116.9,123.7,130.7,136.8,138.5,139.8,139.1,138.3,111.0,108.0,108.4,112.2,113.1,112.9,113.7,110.3,110.9,114.3,115.6,115.2,153.1,150.0,148.6,149.9,149.2,151.6,155.1,157.8,158.4,158.3,157.7,156.3,153.2,152.3,152.8,152.9,154.9,153.4,153.3,152.7,-7.2,-9.3,-9.2,-8.0,-5.6,0.1,8.5,19.4,35.1,54.2,74.8,94.8,111.0,121.6,127.8,131.3,134.3,-1.8,5.5,16.6,27.5,37.0,58.9,72.1,85.8,98.6,107.9,46.1,42.9,39.7,36.5,27.4,32.5,38.3,45.8,53.0,9.5,16.3,25.1,31.9,24.0,15.2,67.7,75.5,84.5,91.8,84.3,75.5,18.4,25.4,32.8,38.1,44.7,54.5,65.4,53.7,43.9,36.8,31.1,24.3,21.9,32.4,37.8,44.6,60.7,44.2,37.5,32.1,-101.9,-82.5,-62.8,-43.5,-24.7,-7.8,6.0,16.7,21.1,21.9,17.2,8.2,-5.1,-23.0,-43.5,-64.7,-86.1,-116.3,-124.1,-124.5,-120.7,-114.7,-112.5,-116.0,-116.2,-112.2,-103.1,-98.9,-86.4,-74.4,-62.1,-53.8,-50.6,-48.1,-49.3,-50.7,-101.6,-106.0,-104.6,-97.6,-96.5,-97.4,-93.5,-99.0,-97.8,-92.3,-89.7,-90.6,-27.1,-31.8,-33.8,-31.6,-32.6,-28.9,-23.3,-18.6,-17.5,-17.7,-18.7,-21.3,-26.8,-27.7,-26.8,-26.7,-23.6,-25.8,-25.9,-27.1,753.3,752.8,752.6,752.3,747.9,738.7,724.6,705.8,695.1,695.9,705.5,715.3,721.7,724.1,723.9,721.4,721.2,725.7,716.5,706.9,697.3,690.0,683.9,683.3,684.8,686.0,688.6,685.0,677.2,669.4,661.9,682.0,676.6,672.6,672.8,673.8,714.8,709.0,704.5,701.6,703.9,708.2,690.7,688.7,687.3,688.4,686.3,687.6,696.7,683.1,676.9,674.3,672.9,676.1,683.0,674.8,671.5,672.9,675.9,683.2,692.4,678.3,675.3,674.3,681.2,673.3,674.5,677.7,0.586,-0.016,0.250,0.104,324.110,135.677,-4.893,-15.393,-18.366,11.549,-10.508,6.240,4.315,0.452,5.042,1.141,-2.909,1.614,0.333,-1.987,2.092,-1.327,-0.048,-2.149,-0.517,0.739,0.910,0.024,-0.586,0.166,0.048,-0.661,0.239,0.061,-0.084,-0.044,0.077,-0.033,0.002,0.022,0.00,0.00,1.17,0.00,0.50,3.44,0.13,0.03,0.00,0.00,0.25,0.44,0.00,0.17,0.44,0.65,0.08,0.00,0.00,1.00,0.00,1.00,1.00,0.00,0.00,0.00,0.00,0.00,1.00,0.00,0.00,0.00,0.00,0.00,0.00
62,0,6.100,0.98,1,-0.158498,0.149074,-0.976041,-0.309390,0.137854,-0.940890,-0.239,0.149,305.6,307.1,309.8,312.4,313.1,311.9,308.9,306.4,302.4,303.9,306.1,309.0,312.0,314.2,315.6,313.6,310.9,308.1,305.7,303.7,308.2,309.3,310.5,311.1,310.8,309.7,308.5,307.8,340.2,341.6,344.5,347.2,348.2,346.9,344.0,341.0,337.4,339.2,341.7,344.9,347.9,350.3,351.8,350.0,347.6,344.9,342.0,339.3,342.9,344.1,345.4,345.9,345.5,344.3,343.0,342.4,109.4,106.8,105.8,107.2,109.9,112.8,113.5,112.1,110.8,109.0,107.9,107.5,108.4,110.0,112.2,113.0,113.0,112.9,112.6,111.9,110.9,111.5,111.1,109.9,108.7,108.1,108.5,109.7,112.1,109.4,108.4,109.8,112.8,115.5,116.5,115.3,114.0,112.1,110.7,110.3,111.2,112.7,114.8,115.7,116.0,115.9,115.6,115.1,113.7,114.4,113.9,112.7,111.5,110.8,111.3,112.5,13.2,15.4,19.6,23.4,24.5,22.6,18.1,14.3,8.4,10.6,13.9,18.3,22.8,26.1,28.4,25.2,21.1,16.9,13.2,10.2,17.0,18.7,20.5,21.5,21.0,19.4,17.5,16.5,62.8,64.8,69.1,73.1,74.5,72.4,68.2,63.8,58.7,61.2,64.8,69.4,74.0,77.7,80.2,77.3,73.5,69.3,65.1,61.4,66.7,68.4,70.3,71.2,70.6,68.8,67.0,66.1,-91.0,-95.1,-96.4,-94.2,-89.8,-85.4,-84.4,-86.6,-89.5,-91.9,-93.2,-93.5,-92.1,-89.6,-86.4,-85.1,-84.9,-85.1,-85.9,-87.3,-88.6,-87.7,-88.2,-90.0,-91.9,-92.9,-92.3,-90.5,-82.5,-86.7,-88.2,-86.2,-81.8,-77.6,-76.1,-77.9,-79.9,-82.7,-84.5,-85.0,-84.0,-82.1,-79.4,-77.7,-76.9,-76.8,-77.3,-78.2,-80.3,-79.4,-80.1,-81.9,-83.8,-84.7,-84.0,-82.2,622.6,623.2,622.7,621.5,620.2,619.8,620.2,621.4,627.5,624.8,622.0,620.1,619.7,620.2,621.0,619.8,619.0,619.5,621.4,624.4,622.2,621.7,621.4,621.7,622.2,622.8,623.0,622.7,592.4,593.5,594.3,594.2,593.4,592.3,591.5,591.7,593.5,592.5,591.6,591.5,592.9,595.3,597.7,594.7,592.1,590.7,590.7,592.0,593.1,593.1,593.4,593.9,594.3,594.3,594.0,593.5,44.7,-53.0,677.7,0.109,0.322,0.095,293.2,292.1,292.2,293.1,294.4,297.4,302.0,308.3,317.7,329.0,340.5,351.3,360.0,365.8,369.3,371.6,373.3,296.2,300.4,306.7,313.2,318.9,332.7,340.7,348.7,356.1,361.1,324.6,322.9,321.1,319.3,313.3,316.5,320.1,324.7,329.1,302.3,306.4,311.6,315.6,311.0,305.8,337.3,342.0,347.6,351.9,347.5,342.1,307.3,311.2,316.3,319.7,324.0,330.6,336.9,330.2,323.5,318.9,315.0,310.4,309.5,316.0,319.6,323.9,334.3,323.7,319.3,315.7,113.3,124.2,135.2,145.9,156.4,166.0,174.4,181.6,184.8,185.1,181.4,175.2,166.8,156.3,144.6,132.5,120.2,102.5,97.4,96.3,97.7,100.7,101.7,99.4,99.5,102.2,107.8,110.3,117.2,124.0,131.2,137.4,139.2,140.7,140.0,139.2,110.8,107.7,108.3,112.3,113.1,112.7,114.1,110.6,111.2,114.8,116.1,115.6,155.0,151.0,149.5,150.9,150.3,153.1,157.6,163.2,164.9,164.7,163.9,161.0,155.2,153.5,154.1,154.2,157.6,159.3,159.2,158.3,-6.8,-8.9,-8.6,-7.1,-4.6,0.8,8.7,19.3,34.7,53.5,73.6,92.9,108.3,118.4,124.1,127.6,130.5,-1.4,5.8,16.4,26.9,36.1,58.3,71.1,84.4,96.5,105.0,45.1,41.8,38.6,35.4,26.6,31.6,37.3,44.7,51.7,9.1,15.9,24.6,31.2,23.5,14.9,66.3,73.9,82.7,90.0,82.6,73.9,17.2,23.4,31.4,36.7,43.6,54.5,65.4,54.0,43.0,35.7,29.5,22.1,20.8,31.0,36.6,43.4,61.1,43.3,36.3,30.5,-100.1,-80.6,-60.9,-41.7,-22.7,-5.3,9.5,21.4,26.5,26.9,20.9,10.5,-3.8,-21.8,-41.9,-62.5,-83.5,-115.0,-122.3,-122.6,-118.7,-112.5,-109.9,-113.5,-113.4,-109.1,-100.2,-95.9,-83.8,-72.0,-60.0,-51.6,-48.3,-45.7,-46.7,-48.1,-99.4,-103.9,-102.2,-94.9,-94.1,-95.3,-90.3,-95.9,-94.6,-88.9,-86.5,-87.4,-23.5,-29.5,-31.7,-29.3,-30.2,-25.7,-18.7,-9.5,-6.7,-6.9,-8.3,-13.2,-23.0,-25.3,-24.2,-23.9,-18.8,-15.8,-16.0,-17.5,733.6,734.0,734.8,735.7,732.3,724.4,712.2,695.1,684.0,683.3,690.6,697.9,701.6,702.3,700.7,698.4,698.0,706.2,697.5,688.2,678.7,672.1,666.1,664.9,665.6,666.1,668.0,666.8,660.1,653.4,646.8,666.8,661.8,658.0,657.7,658.2,697.1,691.2,686.8,683.8,686.7,690.9,671.8,669.4,667.6,668.6,667.0,668.7,685.9,671.2,663.1,660.1,658.5,661.8,669.0,663.7,661.5,663.5,666.6,674.3,682.1,665.1,661.8,660.3,668.4,662.3,664.0,667.4,0.600,0.038,0.286,0.099,324.184,136.939,-28.107,-13.425,-8.608,15.953,-8.011,-3.297,6.096,0.949,7.262,4.067,-1.429,0.473,1.238,-2.635,-0.387,-0.071,2.407,-1.999,-1.150,0.866,1.073,0.310,-0.326,0.507,0.186,-0.613,0.595,0.149,0.027,-0.007,0.033,0.005,0.008,0.054,0.00,0.01,1.03,0.00,0.38,3.30,0.07,0.00,0.00,0.00,0.22,0.38,0.00,0.22,0.31,0.44,0.02,0.00,0.00,1.00,0.00,1.00,1.00,0.00,0.00,0.00,0.00,0.00,1.00,0.00,0.00,0.00,0.00,0.00,0.00
63,0,6.200,0.98,1,-0.159296,0.143271,-0.976780,-0.306401,0.132813,-0.942592,-0.238,0.143,304.9,306.3,309.0,311.6,312.3,311.1,308.2,305.7,301.8,303.2,305.3,308.2,311.2,313.4,314.9,312.8,310.1,307.4,304.9,303.0,307.4,308.5,309.7,310.4,310.0,308.9,307.7,307.1,339.4,340.8,343.7,346.4,347.5,346.1,343.2,340.2,336.6,338.4,340.9,344.1,347.2,349.5,351.0,349.3,346.9,344.1,341.2,338.5,342.1,343.3,344.6,345.2,344.7,343.5,342.2,341.6,111.1,108.5,107.5,108.8,111.6,114.5,115.2,113.9,112.5,110.7,109.6,109.2,110.0,111.7,113.9,114.7,114.8,114.8,114.4,113.8,112.6,113.2,112.8,111.6,110.4,109.8,110.2,111.4,113.6,110.8,109.9,111.2,114.2,116.9,117.9,116.8,115.5,113.5,112.2,111.8,112.6,114.1,116.1,117.1,117.5,117.4,117.1,116.6,115.2,115.8,115.4,114.1,112.9,112.3,112.7,113.9,12.0,14.1,18.3,22.0,23.2,21.4,16.9,13.1,7.3,9.4,12.7,16.9,21.4,24.8,27.1,23.9,19.8,15.7,12.0,9.1,15.8,17.5,19.3,20.2,19.7,18.1,16.3,15.3,61.6,63.7,68.0,72.0,73.4,71.3,67.0,62.7,57.6,60.1,63.6,68.3,72.9,76.6,79.1,76.2,72.4,68.2,64.0,60.3,65.6,67.3,69.2,70.1,69.5,67.7,65.8,64.9,-87.9,-91.9,-93.3,-91.1,-86.7,-82.3,-81.3,-83.4,-86.4,-88.8,-90.1,-90.4,-89.0,-86.6,-83.4,-82.1,-81.8,-81.9,-82.7,-84.1,-85.5,-84.6,-85.2,-87.0,-88.9,-89.8,-89.2,-87.5,-80.4,-84.6,-86.1,-84.1,-79.7,-75.6,-74.1,-75.8,-77.8,-80.6,-82.4,-83.0,-81.9,-80.1,-77.5,-75.6,-74.8,-74.7,-75.2,-76.1,-78.2,-77.4,-78.0,-79.8,-81.8,-82.6,-82.0,-80.1,619.6,619.9,619.3,618.0,616.8,616.6,617.1,618.4,624.7,621.8,618.9,616.8,616.3,616.7,617.5,616.5,615.9,616.5,618.5,621.5,619.1,618.5,618.2,618.4,618.9,619.4,619.7,619.6,592.5,593.5,594.2,594.1,593.4,592.4,591.7,591.9,593.7,592.5,591.6,591.4,592.8,595.2,597.7,594.8,592.3,590.8,590.9,592.1,593.2,593.2,593.5,593.9,594.3,594.3,594.0,593.5,44.3,-51.7,683.4,0.094,0.313,0.091,292.7,291.7,292.0,292.8,294.3,297.3,301.9,308.2,317.5,328.7,340.2,351.1,359.8,365.5,368.9,371.1,372.7,295.4,299.5,305.8,312.2,318.0,331.8,339.8,347.8,355.3,360.4,323.8,322.2,320.5,318.8,312.9,316.1,319.7,324.3,328.5,301.7,305.6,310.8,314.9,310.2,305.0,336.5,341.2,346.8,351.1,346.8,341.3,307.3,311.4,316.2,319.4,323.5,329.6,335.9,329.2,323.1,318.7,315.1,310.7,309.4,315.9,319.3,323.4,333.2,323.2,319.1,315.7,115.0,125.7,136.5,147.1,157.4,166.8,174.8,181.6,184.5,184.9,181.4,175.6,167.5,157.2,145.6,133.5,121.3,104.2,99.1,97.9,99.2,102.2,103.0,100.8,100.8,103.4,108.9,111.9,119.0,125.9,133.1,139.3,141.1,142.5,141.8,140.9,112.5,109.4,109.9,114.0,114.9,114.6,115.6,112.0,112.6,116.1,117.6,117.1,156.4,153.0,151.5,152.8,152.2,154.7,158.5,162.3,163.3,163.2,162.5,160.6,156.5,155.4,156.0,156.0,158.4,157.9,157.9,157.1,-7.7,-9.6,-9.1,-7.6,-5.0,0.5,8.6,19.2,34.6,53.5,73.9,93.6,109.4,119.5,125.2,128.4,131.0,-2.8,4.3,15.0,25.6,34.9,57.4,70.5,83.8,96.1,104.9,44.3,41.2,38.1,34.9,26.3,31.3,37.0,44.4,51.4,8.1,14.8,23.5,30.3,22.5,13.7,65.8,73.4,82.4,89.7,82.3,73.4,17.4,23.9,31.5,36.7,43.2,53.4,64.4,52.8,42.5,35.5,29.7,22.8,20.9,31.1,36.5,43.1,59.8,42.8,36.1,30.7,-98.2,-78.8,-59.1,-39.9,-21.0,-4.0,10.2,21.6,26.2,26.8,21.2,11.4,-2.5,-20.6,-40.7,-61.5,-82.5,-113.3,-120.7,-121.1,-117.2,-111.2,-108.8,-112.3,-112.4,-108.3,-99.4,-94.3,-81.8,-69.7,-57.4,-48.9,-45.7,-43.2,-44.3,-45.8,-97.4,-101.9,-100.4,-93.2,-92.0,-93.1,-88.9,-94.6,-93.4,-87.7,-85.0,-85.9,-21.4,-26.5,-28.7,-26.4,-27.5,-23.5,-17.4,-10.9,-9.3,-9.4,-10.6,-14.0,-21.0,-22.3,-21.3,-21.2,-17.5,-18.1,-18.2,-19.5,741.6,742.0,742.7,743.3,739.5,730.9,717.8,700.2,689.3,689.2,697.4,705.8,710.4,711.5,710.2,707.3,706.4,713.8,704.9,695.4,685.9,679.0,672.5,671.6,672.5,673.1,675.4,674.1,667.2,660.2,653.4,673.5,668.4,664.6,664.3,664.9,704.3,698.2,693.6,690.8,693.5,697.9,679.1,676.7,675.1,676.3,674.5,676.0,690.1,676.2,669.2,666.5,664.9,668.1,675.1,668.2,665.5,667.1,670.1,677.5,685.9,671.1,668.0,666.7,673.7,666.6,668.0,671.2,0.594,0.029,0.277,0.093,323.691,137.998,-17.288,-14.182,-17.589,14.246,-7.920,2.364,3.977,1.412,5.287,3.260,-2.952,1.549,0.775,-2.688,0.845,-0.619,1.201,-2.774,-0.369,0.564,0.906,0.013,-0.190,0.384,-0.076,-0.775,0.388,0.127,-0.035,-0.041,0.057,-0.026,-0.002,0.039,0.00,0.01,0.98,0.00,0.33,3.40,0.00,0.00,0.00,0.00,0.06,0.33,0.00,0.16,0.31,0.44,0.02,0.00,0.00,1.00,0.00,1.00,1.00,0.00,0.00,0.00,0.00,0.00,0.00,0.00,0.00,0.00,0.00,0.00,0.00
64,0,6.300,0.98,1,-0.161876,0.154738,-0.974604,-0.309031,0.146220,-0.939744,-0.241,0.156,304.2,305.5,308.2,310.7,311.6,310.4,307.5,305.0,301.2,302.5,304.6,307.4,310.4,312.6,314.1,312.1,309.4,306.7,304.3,302.4,306.7,307.8,309.0,309.6,309.2,308.2,307.0,306.4,338.4,339.7,342.5,345.3,346.3,345.0,342.2,339.2,335.6,337.3,339.8,342.9,346.0,348.3,349.9,348.2,345.8,343.1,340.2,337.5,341.0,342.2,343.5,344.0,343.6,342.4,341.1,340.6,113.1,110.5,109.5,110.7,113.5,116.4,117.1,115.9,114.5,112.7,111.6,111.2,112.0,113.6,115.7,116.5,116.7,116.7,116.4,115.7,114.6,115.1,114.7,113.5,112.3,111.8,112.2,113.3,115.2,112.4,111.4,112.7,115.6,118.4,119.4,118.3,117.0,115.1,113.8,113.3,114.1,115.5,117.4,118.5,118.9,118.9,118.6,118.1,116.7,117.3,116.8,115.6,114.3,113.8,114.2,115.4,11.1,13.1,17.3,21.1,22.3,20.5,16.1,12.3,6.5,8.5,11.7,15.9,20.4,23.9,26.2,23.1,18.9,14.8,11.2,8.3,15.0,16.6,18.4,19.3,18.8,17.1,15.3,14.4,60.7,62.7,67.0,71.0,72.5,70.5,66.2,61.9,56.8,59.2,62.7,67.3,72.0,75.7,78.3,75.4,71.6,67.4,63.2,59.4,64.7,66.5,68.3,69.2,68.6,66.8,64.9,64.1,-85.9,-90.0,-91.5,-89.3,-85.0,-80.5,-79.5,-81.5,-84.5,-86.9,-88.1,-88.5,-87.2,-84.9,-81.7,-80.3,-80.0,-80.0,-80.8,-82.2,-83.7,-82.8,-83.4,-85.2,-87.1,-88.0,-87.4,-85.6,-79.1,-83.2,-84.8,-82.9,-78.5,-74.3,-72.7,-74.4,-76.5,-79.2,-81.0,-81.6,-80.6,-78.9,-76.4,-74.5,-73.6,-73.4,-73.8,-74.7,-76.9,-76.1,-76.7,-78.6,-80.5,-81.3,-80.7,-78.8,627.6,627.9,627.2,625.9,624.8,624.7,625.2,626.5,632.8,629.9,626.8,624.7,624.2,624.6,625.5,624.5,623.9,624.6,626.6,629.6,627.1,626.5,626.2,626.3,626.8,627.4,627.7,627.6,599.1,600.1,600.7,600.7,600.0,599.1,598.4,598.6,600.4,599.2,598.2,598.0,599.4,601.8,604.3,601.5,599.0,597.5,597.6,598.9,599.9,599.8,600.1,600.5,600.8,600.8,600.6,600.2,43.7,-50.0,689.4,0.105,0.316,0.078,292.2,291.3,291.6,292.6,294.1,297.2,301.8,308.2,317.5,328.6,340.1,350.9,359.6,365.3,368.6,370.6,372.1,294.8,298.8,304.9,311.2,316.9,330.7,338.5,346.5,353.9,359.3,322.8,321.3,319.7,318.1,312.4,315.6,319.2,323.6,327.8,301.1,304.9,310.0,314.1,309.5,304.3,335.5,340.1,345.6,350.0,345.7,340.3,307.3,311.4,315.9,319.0,323.0,328.9,335.1,328.5,322.6,318.4,314.9,310.8,309.4,315.6,318.9,322.9,332.4,322.7,318.7,315.4,116.8,127.2,137.8,148.2,158.3,167.6,175.5,182.2,185.2,185.5,182.2,176.4,168.4,158.1,146.4,134.2,121.9,105.9,101.0,99.9,101.2,104.0,104.6,102.3,102.1,104.4,109.8,113.7,120.8,127.9,135.2,141.1,142.9,144.2,143.5,142.5,114.5,111.4,111.9,115.8,116.8,116.5,117.1,113.6,114.1,117.4,119.0,118.7,157.7,154.6,153.2,154.5,153.8,156.1,159.5,162.8,163.6,163.5,162.9,161.2,157.8,157.0,157.5,157.5,159.4,158.4,158.4,157.7,-8.8,-10.5,-9.9,-8.1,-5.3,0.4,8.6,19.4,34.9,53.9,74.4,94.2,110.1,120.3,125.9,128.8,131.2,-3.9,3.1,13.6,24.1,33.3,55.9,68.8,82.1,94.6,103.9,43.0,40.1,37.1,34.1,25.7,30.8,36.4,43.8,50.7,7.1,13.6,22.3,29.2,21.4,12.7,64.6,72.1,81.0,88.5,81.1,72.3,17.5,24.0,31.2,36.3,42.7,52.7,63.6,52.0,42.2,35.4,29.7,23.1,21.0,30.9,36.2,42.7,58.9,42.3,35.8,30.5,-95.8,-76.6,-57.3,-38.3,-19.6,-2.6,11.5,23.0,27.6,28.1,22.7,13.0,-1.1,-19.3,-39.8,-60.9,-82.2,-111.3,-118.5,-118.7,-114.8,-109.0,-106.9,-110.6,-111.0,-107.2,-98.7,-92.1,-79.4,-67.1,-54.6,-46.4,-43.2,-40.7,-42.0,-43.6,-94.9,-99.4,-97.9,-90.9,-89.6,-90.5,-87.1,-92.7,-91.6,-86.2,-83.3,-84.1,-19.3,-24.1,-26.2,-24.0,-25.0,-21.4,-15.9,-10.3,-8.9,-9.1,-10.2,-13.0,-18.9,-19.9,-19.0,-18.9,-16.0,-17.4,-17.5,-18.8,748.0,748.3,749.0,749.8,746.2,737.9,724.7,707.0,696.2,696.1,704.5,713.0,717.8,718.9,717.5,714.0,712.7,720.0,710.8,701.2,691.6,684.5,677.2,676.2,677.1,677.9,680.4,679.9,673.2,666.5,659.9,680.0,675.0,671.1,670.8,671.4,710.7,704.4,699.7,696.9,699.7,704.2,684.6,682.1,680.4,681.7,679.9,681.4,696.0,682.4,676.0,673.2,671.5,674.5,681.0,673.9,671.4,673.1,676.2,683.3,691.6,677.7,674.6,673.1,679.5,672.6,674.1,677.3,0.589,0.042,0.280,0.082,323.106,139.304,-13.457,-17.255,-21.086,12.717,-7.660,4.423,4.143,1.139,3.848,2.505,-3.367,1.132,0.088,-2.949,1.852,-0.991,0.693,-2.520,-0.965,0.336,0.561,0.286,-0.035,0.196,-0.067,-0.668,0.190,0.118,-0.047,-0.061,0.040,-0.025,-0.008,0.045,0.00,0.01,0.91,0.00,0.33,3.41,0.02,0.10,0.00,0.00,0.06,0.10,0.00,0.24,0.12,0.06,0.00,0.00,0.00,1.00,0.00,1.00,1.00,0.00,0.00,0.00,0.00,0.00,0.00,0.00,0.00,0.00,0.00,0.00,0.00
65,0,6.400,0.98,1,-0.156823,0.142346,-0.977315,-0.308126,0.134280,-0.941821,-0.238,0.143,303.6,304.9,307.7,310.2,311.0,309.9,307.0,304.5,300.5,301.9,304.1,306.9,309.9,312.1,313.6,311.6,308.9,306.2,303.8,301.8,306.2,307.3,308.5,309.1,308.7,307.6,306.4,305.8,337.9,339.2,342.0,344.8,345.9,344.7,341.8,338.8,335.2,336.9,339.3,342.5,345.6,348.0,349.6,347.8,345.4,342.7,339.8,337.1,340.6,341.8,343.1,343.6,343.2,341.9,340.7,340.1,111.0,108.3,107.3,108.6,111.3,114.2,115.0,113.7,112.5,110.7,109.5,109.0,109.8,111.4,113.5,114.3,114.5,114.5,114.2,113.6,112.4,112.9,112.5,111.3,110.1,109.6,110.0,111.2,112.6,109.9,108.8,110.1,113.0,115.8,116.8,115.8,114.6,112.6,111.2,110.7,111.5,112.9,114.9,115.9,116.2,116.3,116.0,115.6,114.1,114.7,114.3,113.0,111.8,111.2,111.7,112.9,10.1,12.2,16.4,20.2,21.5,19.7,15.3,11.4,5.5,7.6,10.8,15.1,19.6,23.1,25.4,22.3,18.2,14.0,10.3,7.3,14.1,15.8,17.6,18.5,17.9,16.2,14.4,13.5,59.7,61.6,65.9,69.9,71.4,69.5,65.2,60.9,55.8,58.2,61.6,66.2,70.9,74.7,77.3,74.4,70.6,66.4,62.2,58.4,63.7,65.4,67.3,68.2,67.5,65.7,63.8,63.0,-89.0,-93.1,-94.6,-92.5,-88.1,-83.7,-82.6,-84.6,-87.4,-89.8,-91.1,-91.6,-90.4,-88.0,-84.9,-83.5,-83.2,-83.2,-83.9,-85.2,-86.7,-85.8,-86.5,-88.3,-90.2,-91.1,-90.5,-88.7,-82.2,-86.4,-88.0,-86.1,-81.7,-77.5,-75.9,-77.5,-79.5,-82.2,-84.1,-84.8,-83.9,-82.2,-79.6,-77.7,-76.9,-76.6,-77.1,-77.8,-80.0,-79.2,-79.9,-81.8,-83.7,-84.5,-83.8,-81.9,625.9,626.4,625.8,624.6,623.4,623.1,623.5,624.7,631.0,628.2,625.3,623.3,622.8,623.3,624.1,623.0,622.3,622.8,624.8,627.8,625.5,624.9,624.7,624.9,625.4,626.0,626.2,626.0,594.8,595.9,596.6,596.5,595.6,594.6,593.9,594.2,596.0,594.9,594.0,593.8,595.1,597.5,599.9,597.0,594.4,593.0,593.1,594.4,595.5,595.4,595.7,596.2,596.6,596.6,596.3,595.8,42.7,-52.8,684.3,0.098,0.311,0.077,291.5,290.5,290.9,292.0,293.5,296.7,301.4,307.8,317.1,328.2,339.6,350.5,359.3,365.2,368.6,370.6,372.2,294.0,297.9,304.1,310.5,316.2,330.0,338.0,346.1,353.7,359.1,322.1,320.6,319.1,317.5,311.8,315.0,318.7,323.2,327.5,300.4,304.3,309.5,313.6,309.0,303.9,335.1,339.7,345.2,349.7,345.3,339.9,306.8,310.7,315.4,318.7,322.7,329.1,335.5,329.0,322.7,318.4,314.7,310.3,309.0,315.2,318.6,322.7,332.9,322.6,318.5,315.1,115.3,125.6,136.2,146.4,156.5,165.8,173.9,180.8,183.8,184.1,180.9,175.2,167.3,157.0,145.2,132.9,120.4,104.5,99.5,98.4,99.5,102.3,102.7,100.2,100.0,102.5,107.9,111.4,118.3,125.2,132.3,138.5,140.2,141.5,140.7,139.8,112.5,109.3,109.7,113.6,114.5,114.3,114.7,111.0,111.5,114.9,116.3,116.1,155.7,152.1,150.5,151.7,151.0,153.4,157.3,161.7,163.0,163.0,162.3,160.2,155.8,154.3,154.8,154.8,157.2,157.6,157.6,156.9,-10.1,-11.8,-11.2,-9.2,-6.3,-0.6,7.7,18.6,34.1,52.8,73.0,92.7,108.8,119.3,125.0,128.1,130.6,-5.2,1.6,12.1,22.7,31.9,54.4,67.5,81.0,93.6,103.0,41.5,38.6,35.7,32.8,24.5,29.6,35.3,42.7,49.7,5.9,12.6,21.3,28.2,20.5,11.8,63.4,70.9,79.9,87.4,80.0,71.2,16.6,22.7,30.2,35.4,41.9,52.6,63.8,52.4,42.0,35.0,29.1,22.1,20.2,30.0,35.4,42.0,59.4,41.9,35.3,29.8,-97.8,-78.9,-59.8,-41.1,-22.6,-5.7,8.6,20.2,25.1,25.6,20.3,10.8,-3.0,-21.1,-41.6,-62.9,-84.4,-113.0,-120.3,-120.6,-117.0,-111.3,-109.3,-113.3,-113.8,-109.9,-101.3,-95.2,-82.9,-71.0,-58.9,-50.3,-47.2,-44.8,-46.1,-47.7,-97.8,-102.4,-101.1,-94.0,-92.9,-93.7,-90.5,-96.3,-95.3,-89.8,-87.1,-87.8,-22.6,-28.1,-30.4,-28.3,-29.4,-25.5,-19.4,-12.0,-9.8,-9.8,-11.0,-14.6,-22.3,-24.2,-23.3,-23.2,-19.5,-18.6,-18.7,-19.9,742.5,742.3,742.7,743.5,740.2,732.2,719.4,701.7,690.5,690.1,698.5,707.1,712.2,713.7,712.6,709.8,709.0,715.6,706.5,696.9,687.3,680.3,673.2,672.3,673.3,674.2,676.6,674.9,668.0,661.0,654.2,674.4,669.3,665.3,665.2,665.8,706.3,700.2,695.6,692.6,695.4,699.8,680.0,677.6,676.0,677.0,675.2,676.8,692.0,677.4,670.0,667.1,665.3,668.7,675.8,669.3,666.8,668.8,672.0,679.6,687.7,672.0,668.7,667.1,674.7,667.8,669.6,673.0,0.593,0.031,0.275,0.080,322.714,137.380,-15.383,-19.826,-13.383,13.862,-7.859,0.879,6.009,3.123,7.193,2.816,-2.357,0.957,0.788,-3.170,1.164,-0.038,1.711,-2.119,-0.797,0.320,1.172,0.120,-0.020,0.497,0.353,-0.736,0.132,0.079,-0.036,-0.053,0.043,-0.030,-0.001,0.055,0.00,0.00,0.94,0.00,0.43,3.47,0.12,0.17,0.00,0.00,0.01,0.04,0.00,0.22,0.10,0.00,0.00,0.00,0.00,1.00,0.00,1.00,1.00,0.00,0.00,0.00,0.00,0.00,0.00,0.00,0.00,0.00,0.00,0.00,0.00
66,0,6.500,0.98,1,-0.153134,0.142100,-0.977935,-0.303672,0.134820,-0.943190,-0.233,0.143,303.9,305.3,308.0,310.5,311.4,310.2,307.3,304.8,300.8,302.2,304.4,307.2,310.2,312.4,314.0,311.9,309.2,306.5,304.0,302.1,306.5,307.6,308.8,309.4,309.0,307.9,306.7,306.1,338.3,339.5,342.4,345.2,346.3,345.1,342.2,339.2,335.5,337.3,339.7,342.9,346.0,348.4,349.9,348.2,345.8,343.1,340.2,337.5,341.0,342.2,343.5,344.0,343.5,342.3,341.1,340.5,111.0,108.3,107.3,108.5,111.3,114.2,115.0,113.7,112.4,110.6,109.5,109.0,109.8,111.4,113.5,114.3,114.4,114.4,114.1,113.6,112.4,112.9,112.5,111.3,110.1,109.6,110.0,111.2,112.6,109.8,108.7,110.0,112.9,115.7,116.8,115.7,114.6,112.6,111.2,110.7,111.5,112.8,114.8,115.8,116.2,116.2,115.9,115.5,114.1,114.7,114.2,113.0,111.7,111.2,111.6,112.8,10.6,12.6,16.8,20.7,21.9,20.2,15.7,11.9,5.9,8.0,11.3,15.5,20.1,23.5,25.9,22.8,18.6,14.5,10.8,7.8,14.5,16.2,18.0,18.9,18.4,16.7,14.9,14.0,60.1,62.0,66.2,70.3,71.8,69.9,65.7,61.3,56.1,58.5,62.0,66.6,71.2,75.0,77.6,74.8,71.0,66.8,62.6,58.8,64.0,65.8,67.7,68.5,67.9,66.1,64.2,63.4,-88.8,-93.0,-94.4,-92.4,-88.0,-83.5,-82.4,-84.5,-87.3,-89.6,-91.0,-91.4,-90.2,-87.8,-84.8,-83.4,-83.1,-83.1,-83.8,-85.1,-86.6,-85.7,-86.3,-88.1,-90.1,-91.0,-90.3,-88.5,-82.0,-86.2,-87.9,-86.0,-81.6,-77.4,-75.8,-77.4,-79.3,-82.1,-83.9,-84.6,-83.7,-82.0,-79.5,-77.7,-76.8,-76.5,-77.0,-77.7,-79.9,-79.1,-79.8,-81.6,-83.5,-84.4,-83.7,-81.8,624.6,625.1,624.6,623.3,622.1,621.8,622.2,623.4,629.6,626.9,624.0,622.0,621.5,622.0,622.9,621.7,621.0,621.5,623.5,626.5,624.2,623.6,623.4,623.6,624.1,624.7,624.9,624.7,593.3,594.4,595.2,595.1,594.3,593.2,592.4,592.7,594.5,593.4,592.5,592.3,593.7,596.1,598.5,595.6,593.0,591.6,591.6,593.0,594.0,594.0,594.3,594.8,595.1,595.2,594.9,594.4,43.4,-53.3,686.1,0.097,0.307,0.076,291.7,290.7,291.0,292.1,293.7,296.8,301.5,307.9,317.3,328.4,339.9,350.8,359.6,365.4,368.7,370.7,372.2,294.4,298.3,304.5,310.9,316.7,330.2,338.1,346.3,353.9,359.3,322.5,321.0,319.5,318.0,312.1,315.4,319.1,323.7,328.1,300.7,304.6,309.8,314.0,309.3,304.2,335.4,340.1,345.6,350.1,345.7,340.3,306.8,310.8,315.6,319.0,323.3,329.8,336.4,329.6,323.2,318.7,314.9,310.3,309.0,315.4,318.9,323.2,333.7,323.1,318.8,315.3,115.3,125.6,136.1,146.3,156.3,165.6,173.6,180.5,183.5,183.8,180.5,174.8,166.8,156.4,144.6,132.3,119.9,104.4,99.3,98.2,99.4,102.2,102.6,100.0,99.7,102.2,107.6,111.4,118.2,125.0,132.1,138.3,140.0,141.3,140.5,139.6,112.4,109.3,109.7,113.6,114.4,114.3,114.6,111.0,111.4,114.8,116.3,116.0,155.3,151.6,150.0,151.3,150.6,153.0,156.9,161.4,162.7,162.7,162.0,159.9,155.4,154.0,154.5,154.5,156.9,157.3,157.3,156.6,-9.6,-11.4,-10.9,-9.0,-6.1,-0.4,7.9,18.9,34.4,53.2,73.6,93.5,109.6,120.0,125.7,128.7,131.1,-4.6,2.3,12.8,23.5,32.9,54.9,68.0,81.5,94.3,103.6,42.3,39.5,36.6,33.7,25.0,30.3,36.1,43.7,50.9,6.4,13.1,21.9,28.9,21.1,12.3,64.2,71.7,80.8,88.3,80.8,72.0,16.6,23.0,30.7,36.1,42.9,53.9,65.4,53.7,42.9,35.6,29.5,22.3,20.3,30.4,36.0,42.9,60.9,42.8,35.9,30.2,-97.8,-79.0,-60.0,-41.4,-23.0,-6.2,8.1,19.8,24.6,25.1,19.8,10.1,-3.8,-22.1,-42.7,-64.0,-85.5,-113.6,-121.0,-121.3,-117.6,-111.8,-109.9,-114.1,-114.6,-110.8,-102.0,-95.6,-83.3,-71.4,-59.3,-50.9,-47.6,-45.2,-46.6,-48.1,-98.2,-102.7,-101.3,-94.3,-93.2,-94.1,-90.8,-96.6,-95.6,-90.2,-87.5,-88.2,-23.4,-29.0,-31.3,-29.0,-30.2,-26.2,-20.1,-12.6,-10.3,-10.3,-11.5,-15.2,-23.0,-24.8,-23.9,-23.8,-20.1,-19.2,-19.2,-20.6,743.6,743.2,743.6,744.7,741.8,734.1,721.5,703.7,692.3,691.9,700.3,709.3,714.4,715.9,714.7,712.0,711.4,717.3,708.3,698.7,689.2,682.3,675.5,674.4,675.4,676.3,678.5,677.0,670.1,663.2,656.3,676.4,671.3,667.3,667.3,667.9,708.2,702.0,697.5,694.5,697.3,701.6,682.0,679.6,678.0,679.0,677.2,678.8,694.4,679.4,671.8,668.8,667.0,670.5,678.0,671.1,668.2,670.2,673.4,681.5,690.1,673.8,670.3,668.7,676.9,669.3,671.1,674.6,0.592,0.030,0.269,0.079,323.028,137.143,-16.044,-20.769,-12.366,13.091,-9.130,0.613,4.266,2.642,5.512,3.290,-2.076,0.991,0.556,-2.357,0.541,-0.001,1.945,-2.680,-0.488,0.363,1.046,-0.003,0.032,0.166,0.416,-0.810,0.019,0.097,-0.057,-0.052,0.083,-0.046,-0.014,0.051,0.00,0.00,0.95,0.00,0.54,3.37,0.12,0.17,0.01,0.00,0.00,0.01,0.00,0.18,0.17,0.00,0.00,0.00,0.00,1.00,0.00,1.00,1.00,0.00,0.00,0.00,0.00,0.00,0.00,0.00,0.00,0.00,0.00,0.00,0.00
67,0,6.600,0.98,1,-0.156584,0.167223,-0.973405,-0.304809,0.162217,-0.938497,-0.237,0.171,303.4,304.7,307.4,310.0,310.8,309.7,306.8,304.3,300.3,301.7,303.8,306.6,309.6,311.9,313.4,311.4,308.7,306.0,303.6,301.6,306.0,307.1,308.3,308.8,308.5,307.4,306.2,305.6,337.7,338.9,341.7,344.5,345.7,344.4,341.6,338.6,334.9,336.6,339.1,342.2,345.3,347.7,349.3,347.6,345.2,342.5,339.6,336.8,340.4,341.6,342.8,343.4,342.9,341.6,340.4,339.9,113.5,110.9,109.9,111.1,113.8,116.7,117.5,116.3,114.9,113.2,112.1,111.6,112.4,113.9,116.0,116.8,117.0,117.0,116.7,116.1,114.9,115.5,115.0,113.9,112.7,112.1,112.6,113.7,115.1,112.3,111.2,112.5,115.4,118.2,119.3,118.2,117.0,115.1,113.7,113.2,113.9,115.2,117.2,118.2,118.6,118.7,118.4,118.0,116.6,117.1,116.7,115.4,114.2,113.6,114.1,115.3,9.8,11.9,16.0,19.9,21.2,19.5,15.0,11.1,5.2,7.3,10.5,14.8,19.3,22.8,25.2,22.1,17.9,13.8,10.1,7.1,13.8,15.5,17.3,18.2,17.6,15.9,14.1,13.2,59.3,61.1,65.4,69.5,71.1,69.1,64.9,60.5,55.3,57.8,61.2,65.8,70.4,74.2,76.9,74.0,70.2,66.1,61.9,58.0,63.3,65.1,66.9,67.7,67.1,65.3,63.4,62.6,-85.4,-89.5,-91.0,-88.9,-84.6,-80.1,-79.0,-81.0,-83.9,-86.2,-87.5,-87.9,-86.7,-84.4,-81.4,-80.0,-79.6,-79.7,-80.4,-81.7,-83.2,-82.3,-82.9,-84.7,-86.6,-87.5,-86.9,-85.1,-78.6,-82.8,-84.5,-82.6,-78.3,-74.1,-72.4,-74.0,-75.9,-78.6,-80.5,-81.2,-80.4,-78.7,-76.2,-74.4,-73.4,-73.2,-73.5,-74.3,-76.5,-75.7,-76.4,-78.3,-80.2,-81.0,-80.3,-78.4,628.2,628.5,627.9,626.7,625.6,625.4,625.9,627.1,633.3,630.4,627.4,625.4,624.9,625.5,626.4,625.3,624.6,625.2,627.1,630.1,627.7,627.2,626.9,627.1,627.6,628.1,628.4,628.2,594.8,595.8,596.5,596.4,595.7,594.7,594.0,594.2,596.0,594.8,593.9,593.7,595.1,597.5,600.0,597.1,594.6,593.1,593.1,594.4,595.5,595.5,595.8,596.2,596.5,596.6,596.3,595.8,43.0,-49.2,687.9,0.138,0.313,0.058,291.6,290.7,291.1,292.3,294.0,297.1,301.8,308.4,317.8,328.9,340.2,350.9,359.5,365.2,368.4,370.2,371.5,294.0,297.7,303.8,310.3,316.1,329.3,337.2,345.5,353.2,358.6,321.8,320.5,319.1,317.6,311.8,315.2,318.9,323.5,327.8,300.2,304.1,309.2,313.4,308.8,303.7,334.8,339.4,344.9,349.4,345.1,339.7,306.8,310.6,315.4,318.8,323.0,329.6,336.2,329.6,323.2,318.7,314.9,310.3,309.0,315.3,318.8,323.0,333.5,323.0,318.7,315.2,117.4,127.6,137.8,147.9,157.9,167.3,175.7,183.0,186.1,186.2,182.3,176.0,167.6,157.2,145.6,133.5,121.3,106.7,101.6,100.4,101.7,104.6,105.0,102.2,101.9,104.3,109.8,114.1,121.1,128.1,135.3,141.2,143.0,144.3,143.5,142.5,114.9,111.9,112.3,116.1,117.0,116.8,117.1,113.5,113.9,117.1,118.7,118.5,158.1,154.6,153.0,154.3,153.5,155.9,159.8,164.7,166.3,166.3,165.6,163.2,158.3,157.0,157.5,157.5,159.7,160.7,160.7,159.9,-9.9,-11.5,-10.7,-8.5,-5.5,0.2,8.6,19.8,35.5,54.4,74.5,94.1,109.8,119.8,125.1,127.8,129.8,-5.3,1.3,11.7,22.5,31.9,53.3,66.4,80.0,92.9,102.3,41.2,38.6,35.9,33.2,24.7,30.0,35.9,43.5,50.6,5.6,12.1,20.8,28.0,20.2,11.5,63.1,70.6,79.5,87.2,79.8,71.0,16.7,22.8,30.4,35.9,42.6,53.7,65.3,53.8,43.1,35.8,29.6,22.3,20.4,30.4,35.9,42.8,60.8,42.8,35.9,30.1,-93.8,-75.3,-56.8,-38.7,-20.3,-3.1,11.8,24.3,29.3,29.3,22.9,12.2,-2.4,-20.7,-41.1,-62.0,-83.0,-109.5,-116.8,-117.2,-113.4,-107.4,-105.8,-110.2,-110.9,-107.0,-98.4,-91.0,-78.6,-66.6,-54.3,-46.2,-42.9,-40.4,-41.8,-43.5,-93.8,-98.2,-96.9,-89.9,-88.8,-89.7,-86.7,-92.4,-91.5,-86.3,-83.4,-84.0,-18.5,-24.1,-26.5,-24.2,-25.4,-21.6,-15.4,-7.1,-4.5,-4.5,-5.7,-9.7,-18.1,-19.9,-18.9,-18.8,-15.4,-13.7,-13.7,-15.1,742.5,742.9,744.2,746.1,744.2,737.4,725.7,708.5,697.1,696.3,703.8,711.8,716.1,717.0,715.2,712.0,710.7,716.6,707.3,697.4,687.8,681.2,674.4,673.1,674.1,675.2,677.8,676.5,670.1,663.7,657.4,677.9,673.0,669.1,669.0,669.5,708.1,701.7,697.1,694.2,697.2,701.6,681.5,678.9,677.3,678.5,676.9,678.5,696.9,681.7,673.8,670.8,668.9,672.5,680.3,674.2,671.7,673.7,677.0,684.8,692.7,676.3,672.8,671.1,679.4,672.3,674.1,677.6,0.591,0.075,0.275,0.063,322.765,139.648,-19.177,-20.844,-12.364,15.532,-8.496,-1.923,3.632,1.862,5.308,5.027,-1.773,0.858,0.331,-2.047,0.688,0.174,1.685,-2.547,-0.136,0.544,0.859,-0.092,0.476,-0.064,-0.037,-0.629,0.233,0.106,-0.019,-0.058,0.083,-0.036,-0.010,0.055,0.00,0.00,1.02,0.00,0.57,3.39,0.14,0.18,0.01,0.00,0.00,0.03,0.00,0.11,0.42,0.32,0.00,0.00,0.00,1.00,0.00,1.00,1.00,0.00,0.00,0.00,0.00,0.00,0.00,0.00,0.00,0.00,0.00,0.00,0.00
68,0,6.700,0.98,1,-0.156024,0.152679,-0.975882,-0.306653,0.149565,-0.939997,-0.237,0.156,303.4,304.7,307.4,309.9,310.8,309.7,306.8,304.3,300.3,301.7,303.8,306.7,309.6,311.9,313.4,311.4,308.8,306.0,303.6,301.6,306.0,307.1,308.3,308.8,308.4,307.3,306.2,305.6,337.5,338.7,341.5,344.3,345.5,344.3,341.5,338.5,334.8,336.5,338.9,342.0,345.1,347.5,349.1,347.4,345.0,342.3,339.5,336.8,340.2,341.4,342.7,343.2,342.7,341.5,340.2,339.7,112.4,109.8,108.7,109.9,112.6,115.5,116.3,115.2,114.0,112.1,111.0,110.4,111.2,112.7,114.8,115.6,115.8,115.9,115.6,115.1,113.8,114.3,113.9,112.7,111.5,111.0,111.5,112.6,113.5,110.7,109.6,110.8,113.7,116.5,117.6,116.6,115.5,113.5,112.0,111.5,112.2,113.5,115.5,116.5,116.9,117.0,116.8,116.5,114.9,115.5,115.0,113.8,112.5,112.0,112.5,113.7,9.9,11.9,16.1,19.9,21.3,19.6,15.1,11.3,5.2,7.3,10.6,14.9,19.4,22.9,25.3,22.2,18.1,13.9,10.2,7.2,13.9,15.6,17.4,18.3,17.7,16.0,14.2,13.3,59.5,61.3,65.6,69.7,71.3,69.4,65.2,60.8,55.6,58.0,61.4,66.0,70.7,74.5,77.1,74.3,70.5,66.4,62.2,58.3,63.5,65.3,67.2,68.0,67.3,65.5,63.6,62.8,-87.4,-91.6,-93.1,-91.1,-86.8,-82.3,-81.1,-83.1,-85.7,-88.2,-89.6,-90.1,-89.0,-86.7,-83.6,-82.2,-81.8,-81.7,-82.3,-83.6,-85.2,-84.4,-85.0,-86.9,-88.8,-89.6,-89.0,-87.1,-81.5,-85.8,-87.5,-85.7,-81.4,-77.1,-75.4,-76.9,-78.7,-81.6,-83.5,-84.4,-83.5,-81.9,-79.3,-77.4,-76.4,-76.1,-76.5,-77.1,-79.5,-78.7,-79.4,-81.3,-83.2,-84.0,-83.2,-81.4,630.7,631.2,630.7,629.4,628.2,627.9,628.3,629.5,635.7,632.9,630.0,628.1,627.6,628.2,629.0,627.9,627.1,627.6,629.5,632.5,630.3,629.7,629.5,629.7,630.2,630.8,631.0,630.8,599.2,600.3,601.1,601.0,600.2,599.1,598.3,598.6,600.4,599.3,598.4,598.3,599.6,602.0,604.5,601.5,599.0,597.5,597.5,598.8,599.9,599.9,600.2,600.7,601.1,601.1,600.8,600.3,43.0,-50.5,685.2,0.122,0.316,0.053,291.4,290.6,291.2,292.6,294.3,297.5,302.3,308.8,318.1,329.1,340.3,350.9,359.5,365.2,368.4,370.3,371.5,293.9,297.7,303.8,310.3,316.0,329.4,337.3,345.4,352.9,358.3,321.8,320.5,319.1,317.7,312.1,315.3,319.0,323.5,327.8,300.2,304.1,309.2,313.4,308.9,303.7,334.7,339.2,344.7,349.2,344.9,339.6,307.3,310.9,315.7,319.1,323.2,329.7,336.1,329.8,323.5,319.1,315.3,310.7,309.6,315.6,319.0,323.2,333.5,323.3,319.1,315.5,116.7,127.2,137.7,148.0,158.2,167.7,176.0,183.2,186.2,186.2,182.3,176.0,167.5,156.9,145.0,132.5,120.0,106.0,100.9,99.7,100.7,103.4,103.6,100.9,100.5,102.9,108.2,112.6,119.6,126.5,133.7,139.9,141.6,142.8,141.9,140.9,114.0,110.7,111.1,114.9,115.8,115.7,115.6,111.8,112.1,115.4,117.0,116.9,157.5,153.4,151.6,152.8,152.1,154.5,158.7,164.1,166.0,166.0,165.4,162.9,157.6,155.6,156.0,156.0,158.7,160.4,160.5,159.8,-10.1,-11.5,-10.5,-8.1,-4.9,0.9,9.3,20.4,35.9,54.5,74.2,93.4,109.0,119.1,124.4,127.1,129.1,-5.4,1.3,11.6,22.3,31.6,53.5,66.3,79.7,92.3,101.5,41.0,38.4,35.8,33.2,25.0,30.1,35.8,43.3,50.3,5.6,12.1,20.8,27.8,20.2,11.5,62.8,70.0,78.9,86.5,79.2,70.5,17.5,23.1,30.7,36.1,42.8,53.7,64.8,54.0,43.5,36.3,30.2,22.8,21.2,30.7,36.2,42.9,60.5,43.2,36.4,30.7,-94.8,-75.9,-56.9,-38.3,-19.6,-2.4,12.4,24.5,29.2,29.2,22.9,12.1,-2.6,-21.2,-41.9,-63.3,-84.8,-110.3,-117.8,-118.3,-114.9,-109.3,-107.9,-112.2,-112.9,-109.1,-100.6,-93.2,-80.9,-68.9,-56.7,-48.2,-45.0,-42.7,-44.2,-45.8,-95.1,-99.9,-98.7,-91.7,-90.5,-91.3,-88.9,-94.9,-94.1,-88.7,-85.9,-86.4,-19.5,-25.9,-28.6,-26.4,-27.6,-23.7,-17.1,-8.0,-5.0,-4.9,-6.0,-10.2,-19.2,-22.1,-21.3,-21.3,-17.1,-14.1,-14.0,-15.3,739.9,740.2,741.2,742.7,740.1,733.0,721.5,704.5,693.1,692.1,699.3,706.9,711.2,712.3,710.8,708.0,706.9,714.2,705.4,696.0,686.5,680.1,673.2,671.8,672.5,673.3,675.5,674.7,668.2,661.7,655.3,675.2,670.1,666.2,666.0,666.5,705.7,699.6,695.0,692.0,695.0,699.4,679.3,676.8,675.0,676.0,674.4,676.1,693.5,678.7,671.0,667.9,666.1,669.3,676.5,671.2,669.3,671.5,674.7,682.1,689.4,673.2,669.7,668.0,675.9,670.0,672.0,675.4,0.593,0.057,0.280,0.057,322.866,138.740,-25.331,-20.410,-10.410,16.929,-8.819,-2.868,7.210,1.924,7.216,3.043,-1.857,0.902,0.799,-2.321,1.172,0.093,1.836,-2.228,-0.689,0.705,0.906,0.445,0.104,0.371,0.262,-0.729,0.381,0.085,-0.020,-0.035,0.066,-0.025,0.019,0.046,0.00,0.00,1.04,0.00,0.59,3.41,0.18,0.21,0.01,0.00,0.00,0.07,0.00,0.21,0.42,0.32,0.00,0.00,0.00,1.00,0.00,1.00,1.00,0.00,0.00,0.00,0.00,0.00,0.00,0.00,0.00,0.00,0.00,0.00,0.00
69,0,6.800,0.98,1,-0.147378,0.133455,-0.980035,-0.296902,0.129105,-0.946140,-0.227,0.135,302.8,304.1,306.8,309.3,310.3,309.2,306.3,303.7,299.7,301.1,303.2,306.0,309.0,311.3,312.9,310.9,308.2,305.5,303.0,301.0,305.4,306.5,307.7,308.3,307.9,306.7,305.6,305.0,337.3,338.5,341.3,344.2,345.3,344.2,341.3,338.3,334.5,336.2,338.7,341.8,344.9,347.4,349.0,347.3,344.9,342.2,339.3,336.5,340.0,341.3,342.5,343.0,342.5,341.3,340.0,339.5,111.7,109.0,107.9,109.1,111.8,114.7,115.6,114.5,113.3,111.5,110.3,109.7,110.4,111.9,113.9,114.8,115.0,115.1,114.9,114.4,113.1,113.6,113.1,111.9,110.7,110.2,110.7,111.9,112.2,109.4,108.2,109.5,112.4,115.2,116.3,115.3,114.3,112.2,110.8,110.2,110.9,112.2,114.1,115.1,115.6,115.7,115.5,115.2,113.7,114.2,113.7,112.5,111.2,110.7,111.2,112.4,8.9,10.8,15.0,18.9,20.2,18.6,14.2,10.3,4.2,6.3,9.5,13.7,18.3,21.8,24.3,21.2,17.1,12.9,9.2,6.2,12.9,14.6,16.4,17.2,16.6,14.9,13.1,12.3,58.5,60.3,64.5,68.6,70.3,68.5,64.3,59.8,54.6,57.0,60.4,65.0,69.6,73.4,76.1,73.3,69.5,65.4,61.2,57.3,62.5,64.3,66.2,67.0,66.3,64.4,62.6,61.8,-87.7,-91.9,-93.5,-91.6,-87.2,-82.7,-81.4,-83.4,-86.0,-88.4,-89.9,-90.4,-89.3,-87.1,-84.1,-82.7,-82.2,-82.1,-82.7,-83.9,-85.6,-84.7,-85.4,-87.3,-89.2,-90.0,-89.3,-87.5,-82.4,-86.7,-88.4,-86.6,-82.3,-78.1,-76.3,-77.8,-79.6,-82.4,-84.4,-85.2,-84.4,-82.8,-80.4,-78.5,-77.5,-77.1,-77.4,-78.0,-80.4,-79.6,-80.4,-82.3,-84.1,-84.9,-84.2,-82.3,625.0,625.5,625.0,623.7,622.5,622.1,622.5,623.7,630.0,627.2,624.3,622.3,621.9,622.3,623.2,622.0,621.3,621.8,623.8,626.8,624.5,623.9,623.7,623.9,624.5,625.0,625.3,625.0,592.2,593.3,594.1,594.0,593.2,592.1,591.4,591.6,593.4,592.3,591.4,591.2,592.7,595.1,597.6,594.6,592.0,590.6,590.6,591.8,592.9,592.9,593.3,593.7,594.1,594.1,593.8,593.3,42.8,-53.6,688.8,0.084,0.300,0.053,290.8,290.0,290.6,291.9,293.8,297.2,302.2,308.8,318.1,329.0,340.3,351.0,359.7,365.3,368.4,370.1,371.3,293.1,297.0,303.2,309.6,315.4,328.9,336.8,344.9,352.6,358.3,321.4,320.1,318.8,317.4,311.7,315.0,318.7,323.3,327.7,299.6,303.5,308.7,312.9,308.3,303.1,334.4,339.1,344.6,349.1,344.8,339.4,307.0,311.0,315.7,319.0,323.0,329.4,336.1,329.4,323.1,318.8,315.1,310.7,309.2,315.5,318.9,323.0,333.4,323.0,318.8,315.4,116.6,126.9,137.3,147.5,157.4,166.5,174.3,180.7,183.3,183.3,179.9,174.2,166.1,155.7,143.8,131.4,119.0,105.7,100.5,99.3,100.2,102.7,102.7,99.9,99.4,101.6,106.9,111.4,118.3,125.2,132.4,138.6,140.2,141.4,140.5,139.5,113.3,110.1,110.3,114.0,115.0,115.1,114.4,110.6,110.9,114.1,115.7,115.6,155.5,151.9,150.2,151.3,150.5,152.7,156.3,160.2,161.4,161.5,161.0,159.3,155.6,154.1,154.5,154.3,156.3,156.2,156.3,155.7,-11.4,-12.8,-11.8,-9.4,-5.9,0.4,9.1,20.3,35.8,54.5,74.6,94.3,110.2,120.5,125.9,128.5,130.5,-6.9,0.1,10.7,21.5,30.9,53.2,66.2,79.7,92.7,102.5,40.7,38.2,35.6,33.0,24.5,29.8,35.7,43.2,50.4,4.6,11.2,20.0,27.2,19.4,10.5,62.9,70.5,79.6,87.3,79.8,70.9,17.0,23.4,30.8,36.2,42.7,53.5,65.2,53.4,42.9,35.8,29.9,22.9,20.7,30.7,36.1,42.9,60.6,42.7,36.0,30.5,-96.1,-77.2,-58.1,-39.5,-21.1,-4.5,9.3,20.2,24.3,24.4,18.8,9.0,-5.1,-23.5,-44.4,-66.0,-87.8,-112.0,-119.6,-120.2,-116.9,-111.5,-110.4,-114.9,-115.9,-112.5,-104.0,-96.1,-83.6,-71.5,-59.2,-50.6,-47.5,-45.3,-46.8,-48.6,-97.2,-102.0,-101.0,-94.2,-92.7,-93.3,-91.9,-97.9,-97.2,-92.0,-89.0,-89.4,-23.0,-28.5,-31.1,-29.1,-30.4,-26.8,-21.2,-14.5,-12.4,-12.3,-13.2,-16.2,-22.8,-24.7,-24.0,-24.1,-21.2,-21.1,-21.0,-22.1,748.0,747.3,747.3,747.9,744.7,736.7,723.8,705.7,694.3,694.1,703.0,712.3,718.0,720.0,719.3,716.8,716.3,721.5,712.5,703.1,693.6,686.6,679.5,678.7,679.8,680.8,683.1,680.9,673.8,666.5,659.4,679.4,674.2,670.1,670.2,671.0,712.4,706.3,701.7,698.4,701.2,705.6,686.0,683.9,682.3,683.2,681.3,682.8,696.6,681.9,674.7,671.8,670.1,673.5,680.7,673.2,670.1,672.0,675.2,683.2,692.1,676.4,673.1,671.6,679.4,671.5,673.1,676.6,0.589,0.019,0.263,0.055,322.576,137.116,-11.525,-21.189,-14.470,12.700,-8.960,3.133,3.898,1.988,5.086,1.593,-1.784,1.952,0.233,-2.609,1.038,-0.099,1.435,-1.841,-0.272,0.512,0.704,0.173,0.414,0.218,0.335,-0.659,0.205,0.082,-0.055,-0.057,0.057,-0.035,0.010,0.057,0.00,0.00,1.10,0.00,0.61,3.46,0.35,0.27,0.00,0.00,0.00,0.13,0.00,0.26,0.35,0.32,0.00,0.00,0.00,1.00,0.00,1.00,1.00,0.00,0.00,0.00,0.00,0.00,0.00,0.00,0.00,0.00,0.00,0.00,0.00
70,0,6.900,0.98,1,-0.148588,0.138830,-0.979106,-0.298586,0.134964,-0.944791,-0.228,0.141,302.7,303.9,306.6,309.2,310.1,309.1,306.2,303.6,299.6,301.0,303.1,305.9,308.8,311.1,312.7,310.7,308.1,305.3,302.9,300.9,305.3,306.4,307.6,308.1,307.7,306.6,305.4,304.9,337.1,338.2,341.0,343.9,345.1,343.9,341.1,338.1,334.4,336.0,338.4,341.6,344.7,347.1,348.7,347.1,344.7,341.9,339.0,336.3,339.8,341.0,342.3,342.8,342.3,341.0,339.8,339.3,111.8,109.1,108.0,109.1,111.8,114.8,115.6,114.5,113.3,111.5,110.3,109.8,110.4,111.9,113.9,114.8,115.0,115.1,114.9,114.4,113.1,113.6,113.1,112.0,110.8,110.3,110.7,111.9,112.2,109.4,108.2,109.5,112.3,115.1,116.3,115.3,114.2,112.2,110.8,110.2,110.8,112.2,114.0,115.1,115.5,115.6,115.5,115.2,113.6,114.2,113.7,112.4,111.2,110.6,111.1,112.4,8.7,10.7,14.8,18.7,20.1,18.5,14.0,10.1,4.1,6.1,9.3,13.6,18.1,21.7,24.1,21.0,16.9,12.8,9.1,6.0,12.7,14.4,16.2,17.1,16.5,14.8,13.0,12.1,58.5,60.3,64.5,68.7,70.3,68.5,64.3,59.9,54.6,57.0,60.4,65.0,69.6,73.5,76.2,73.3,69.6,65.4,61.2,57.4,62.6,64.4,66.2,67.0,66.3,64.5,62.6,61.8,-88.1,-92.3,-93.9,-91.9,-87.6,-83.1,-81.8,-83.7,-86.3,-88.7,-90.2,-90.8,-89.7,-87.5,-84.5,-83.0,-82.6,-82.5,-83.0,-84.2,-85.9,-85.1,-85.8,-87.6,-89.5,-90.4,-89.7,-87.8,-82.9,-87.2,-89.0,-87.2,-82.9,-78.6,-76.8,-78.3,-80.1,-82.9,-84.9,-85.7,-84.9,-83.4,-80.9,-79.0,-78.0,-77.7,-77.9,-78.5,-80.9,-80.1,-80.9,-82.8,-84.7,-85.4,-84.7,-82.8,627.8,628.3,627.7,626.5,625.3,624.9,625.3,626.6,632.8,630.0,627.1,625.1,624.7,625.1,626.0,624.9,624.1,624.7,626.6,629.6,627.3,626.8,626.5,626.7,627.3,627.8,628.1,627.9,595.7,596.8,597.5,597.4,596.6,595.5,594.8,595.0,596.9,595.7,594.8,594.7,596.1,598.5,600.9,598.0,595.4,594.0,594.0,595.3,596.4,596.4,596.7,597.1,597.5,597.5,597.2,596.7,42.8,-53.8,689.8,0.092,0.303,0.047,290.7,290.0,290.5,291.9,293.8,297.3,302.3,308.9,318.3,329.4,340.7,351.3,359.9,365.4,368.4,370.0,371.1,293.0,296.9,303.1,309.5,315.2,328.7,336.5,344.5,352.2,357.9,321.2,320.0,318.7,317.3,311.7,315.0,318.7,323.3,327.6,299.5,303.3,308.5,312.8,308.1,303.0,334.2,338.8,344.3,348.9,344.6,339.2,307.0,311.0,315.6,318.9,323.0,329.4,336.1,329.4,323.2,318.8,315.1,310.7,309.2,315.5,318.9,323.1,333.4,323.0,318.8,315.4,116.5,126.8,137.2,147.3,157.3,166.4,174.1,180.6,183.1,183.1,179.5,173.7,165.5,155.1,143.3,131.0,118.7,105.6,100.6,99.3,100.3,102.8,102.7,99.9,99.4,101.5,106.7,111.5,118.4,125.2,132.3,138.6,140.2,141.4,140.4,139.4,113.4,110.1,110.3,114.0,115.0,115.1,114.3,110.6,110.8,114.0,115.6,115.5,155.5,151.9,150.2,151.3,150.4,152.7,156.2,160.2,161.4,161.5,161.0,159.4,155.5,154.1,154.4,154.3,156.2,156.1,156.3,155.7,-11.6,-12.9,-11.8,-9.4,-5.9,0.5,9.4,20.7,36.3,55.2,75.3,95.0,110.8,120.8,126.0,128.4,130.2,-7.1,-0.2,10.4,21.2,30.6,52.8,65.8,79.3,92.2,102.0,40.5,38.0,35.5,32.9,24.5,29.8,35.7,43.2,50.4,4.4,11.0,19.8,27.0,19.2,10.4,62.6,70.1,79.2,86.9,79.5,70.6,17.1,23.3,30.8,36.2,42.8,53.6,65.3,53.6,43.1,36.0,30.0,23.0,20.7,30.7,36.2,43.0,60.7,42.8,36.0,30.5,-96.3,-77.4,-58.4,-39.8,-21.4,-4.7,9.1,20.0,24.0,24.0,18.2,8.1,-6.1,-24.5,-45.3,-66.7,-88.3,-112.1,-119.6,-120.2,-116.9,-111.5,-110.5,-114.9,-116.0,-112.7,-104.3,-96.1,-83.7,-71.6,-59.4,-50.6,-47.6,-45.4,-47.0,-48.7,-97.2,-102.0,-101.0,-94.2,-92.8,-93.3,-92.0,-98.0,-97.3,-92.1,-89.2,-89.6,-23.1,-28.6,-31.2,-29.2,-30.5,-27.0,-21.4,-14.6,-12.5,-12.3,-13.2,-16.2,-22.9,-24.8,-24.1,-24.3,-21.4,-21.2,-21.1,-22.1,749.0,748.5,748.7,749.3,746.2,738.2,725.2,707.0,695.6,695.4,704.1,713.3,718.9,720.7,719.8,717.2,716.7,722.0,713.0,703.6,694.2,687.2,680.2,679.3,680.3,681.2,683.5,681.6,674.5,667.3,660.3,680.4,675.2,671.2,671.2,672.0,713.0,706.8,702.3,699.1,701.8,706.2,686.7,684.5,682.9,683.9,682.0,683.5,697.7,682.9,675.6,672.7,671.0,674.4,681.7,674.3,671.2,673.1,676.3,684.4,693.2,677.4,674.1,672.6,680.4,672.5,674.2,677.6,0.588,0.026,0.266,0.049,322.523,137.038,-11.351,-20.343,-14.607,11.880,-9.461,2.512,3.995,1.938,5.072,2.175,-1.622,1.955,0.193,-2.672,0.918,-0.013,1.401,-1.864,-0.252,0.408,0.714,0.120,0.243,0.149,0.274,-0.685,0.201,0.093,-0.060,-0.048,0.068,-0.033,0.008,0.052,0.00,0.00,1.11,0.00,0.51,3.47,0.33,0.16,0.00,0.00,0.00,0.22,0.00,0.58,0.00,0.11,0.00,0.00,0.00,1.00,0.00,1.00,1.00,0.00,0.00,0.00,0.00,0.00,0.00,0.00,0.00,0.00,0.00,0.00,0.00
71,0,7.000,0.98,1,-0.106311,0.116938,-0.987433,-0.249172,0.121209,-0.960844,-0.180,0.122,304.7,305.8,308.5,311.3,312.4,311.5,308.6,305.8,301.5,302.9,305.0,307.9,311.0,313.5,315.2,313.3,310.5,307.7,305.1,303.0,307.5,308.7,309.9,310.4,309.9,308.7,307.5,307.0,340.0,341.0,343.8,346.8,348.1,347.1,344.3,341.2,337.3,339.0,341.4,344.6,347.7,350.1,351.7,350.2,347.9,345.2,342.2,339.4,342.8,344.1,345.3,345.8,345.2,343.9,342.7,342.2,111.4,108.5,107.2,108.3,111.0,114.1,115.1,114.1,113.2,111.2,109.9,109.1,109.6,111.0,113.0,113.9,114.3,114.6,114.5,114.2,112.6,113.0,112.5,111.2,110.0,109.6,110.1,111.4,110.1,107.2,105.9,107.1,109.9,112.9,114.1,113.2,112.3,110.2,108.6,107.9,108.5,109.7,111.6,112.7,113.2,113.4,113.3,113.1,111.5,112.0,111.4,110.1,108.9,108.4,108.9,110.2,11.5,13.2,17.2,21.3,22.9,21.6,17.2,13.2,6.8,8.8,12.0,16.2,20.9,24.5,27.2,24.2,20.1,15.9,12.1,8.9,15.6,17.4,19.2,19.9,19.2,17.4,15.6,14.9,61.6,63.2,67.3,71.5,73.4,71.8,67.7,63.1,57.7,60.1,63.5,68.0,72.7,76.5,79.2,76.5,72.9,68.8,64.5,60.6,65.7,67.5,69.3,70.1,69.2,67.4,65.6,64.9,-86.0,-90.3,-92.2,-90.5,-86.3,-81.6,-80.1,-81.8,-84.0,-86.5,-88.1,-89.0,-88.2,-86.3,-83.5,-81.8,-81.1,-80.8,-81.1,-82.1,-84.1,-83.4,-84.2,-86.1,-88.0,-88.7,-87.9,-86.0,-84.3,-88.6,-90.6,-89.0,-84.8,-80.4,-78.5,-79.7,-81.3,-84.2,-86.3,-87.3,-86.8,-85.4,-83.0,-81.0,-79.9,-79.4,-79.5,-79.9,-82.5,-81.8,-82.6,-84.5,-86.4,-87.1,-86.2,-84.3,608.9,609.5,609.1,608.0,606.8,606.3,606.6,607.7,613.7,611.0,608.3,606.4,606.2,606.7,607.6,606.4,605.5,605.9,607.7,610.6,608.6,608.1,607.9,608.2,608.7,609.2,609.3,609.1,584.0,585.2,586.2,586.3,585.6,584.4,583.4,583.4,584.9,584.0,583.3,583.4,585.0,587.6,590.2,587.1,584.3,582.7,582.4,583.5,584.9,585.0,585.4,585.9,586.3,586.2,585.8,585.2,48.7,-55.5,689.4,0.071,0.225,0.018,291.9,291.6,292.6,294.2,296.4,300.2,305.8,313.2,322.8,333.5,343.9,353.7,361.8,367.1,370.0,371.4,372.3,294.3,298.1,304.6,311.4,317.5,331.6,339.5,347.5,355.2,360.9,324.2,323.5,322.7,321.9,315.8,319.3,323.2,327.8,332.1,301.4,305.3,310.7,315.3,310.6,305.2,337.2,341.8,347.3,351.9,347.8,342.3,311.5,315.9,320.6,324.1,328.2,334.3,340.4,334.7,329.0,324.5,320.7,316.0,313.9,320.6,324.2,328.4,337.9,328.4,324.2,320.6,117.1,127.3,137.6,147.7,157.6,166.5,174.0,180.2,182.3,182.1,178.4,172.4,164.2,153.7,141.9,129.4,117.0,106.1,100.7,99.0,99.5,101.5,100.9,97.9,97.2,99.3,104.4,110.0,117.0,124.0,131.2,138.0,139.4,140.4,139.2,138.0,113.2,109.7,109.6,113.0,114.3,114.7,112.4,108.4,108.5,111.5,113.3,113.4,155.6,151.9,150.0,151.0,149.9,151.8,154.8,158.6,160.1,160.4,160.1,158.8,155.5,153.8,154.0,153.6,154.9,154.8,155.2,154.7,-9.3,-9.9,-8.1,-5.1,-1.0,5.8,15.5,27.9,44.0,62.3,81.2,99.7,115.2,125.1,130.4,132.6,134.1,-4.8,2.0,13.1,24.6,34.6,57.9,71.2,85.1,98.3,108.5,45.5,43.9,42.1,40.3,31.3,36.9,43.1,50.7,57.9,7.7,14.4,23.5,31.4,23.4,14.2,68.0,75.7,85.0,92.9,85.6,76.4,24.6,31.6,39.1,44.7,51.4,61.7,72.8,62.4,52.7,45.4,39.3,31.8,28.5,39.2,44.9,51.8,68.4,51.8,44.9,39.2,-94.5,-75.9,-57.1,-38.8,-20.7,-4.5,8.9,19.3,22.7,22.3,16.3,5.9,-8.5,-27.3,-48.5,-70.5,-92.7,-111.2,-119.3,-120.7,-118.3,-113.7,-114.1,-119.1,-120.8,-117.8,-109.7,-98.9,-86.1,-73.7,-61.1,-51.7,-48.9,-47.1,-49.0,-51.2,-97.4,-102.8,-102.3,-96.0,-94.1,-94.0,-95.8,-102.4,-102.1,-97.2,-93.9,-93.9,-22.9,-28.5,-31.4,-29.7,-31.5,-28.5,-23.8,-17.2,-14.7,-14.2,-14.7,-17.0,-22.9,-25.3,-24.8,-25.4,-23.6,-23.4,-22.9,-23.7,743.3,742.7,743.1,744.2,741.2,733.7,721.8,705.0,694.5,696.1,706.5,717.9,725.4,728.8,729.1,727.1,727.1,721.6,712.7,703.7,694.7,688.1,683.3,683.9,686.8,689.2,692.9,683.6,675.5,667.4,659.4,679.6,674.4,670.7,671.7,673.5,712.5,706.9,702.9,700.3,702.4,706.1,690.8,689.7,688.9,690.6,687.8,688.5,694.9,681.4,675.4,673.0,671.8,676.0,683.8,675.7,672.0,673.2,675.8,682.7,690.5,677.2,674.4,673.5,682.0,673.2,674.3,677.2,0.587,0.007,0.172,0.020,326.009,136.094,-11.346,-24.130,-15.711,20.676,-7.508,5.416,2.958,3.455,7.711,2.468,-1.926,2.562,0.904,-2.727,2.184,-0.255,-0.650,-2.320,-0.022,-0.240,1.874,0.145,-0.197,0.319,0.425,-0.683,0.377,0.015,-0.038,-0.050,0.032,-0.018,0.016,0.054,0.00,0.00,1.27,0.00,0.40,3.49,0.19,0.06,0.00,0.00,0.00,0.18,0.00,0.47,0.00,0.60,0.00,0.00,0.00,1.00,0.00,1.00,1.00,0.00,0.00,0.00,0.00,0.00,0.00,0.00,0.00,0.00,1.00,0.00,0.00
72,0,7.100,0.98,1,-0.058243,0.124650,-0.990490,-0.196154,0.134444,-0.971313,-0.129,0.131,308.9,310.0,312.7,315.6,316.8,316.0,313.1,310.2,305.6,307.0,309.3,312.2,315.4,317.9,319.8,317.8,315.1,312.2,309.5,307.2,311.8,313.0,314.2,314.7,314.1,312.9,311.7,311.2,344.4,345.3,348.0,351.0,352.5,351.6,348.8,345.6,341.7,343.3,345.8,349.0,352.0,354.4,355.9,354.5,352.4,349.7,346.8,343.9,347.2,348.5,349.7,350.1,349.5,348.1,346.9,346.6,112.5,109.6,108.2,109.1,111.9,115.0,116.2,115.2,114.4,112.4,111.0,110.1,110.6,111.9,113.8,114.8,115.3,115.7,115.7,115.4,113.6,114.1,113.5,112.2,111.0,110.6,111.2,112.4,110.3,107.3,105.9,107.0,109.8,112.8,114.2,113.4,112.5,110.3,108.7,107.9,108.4,109.5,111.4,112.5,113.1,113.4,113.4,113.3,111.5,112.0,111.4,110.1,108.9,108.4,109.0,110.3,17.5,19.0,23.1,27.2,29.0,27.8,23.5,19.3,12.7,14.7,18.0,22.3,26.9,30.6,33.3,30.4,26.4,22.2,18.3,15.0,21.7,23.5,25.3,25.9,25.1,23.3,21.6,20.9,67.2,68.6,72.6,76.9,79.0,77.5,73.5,68.9,63.4,65.7,69.1,73.6,78.2,82.0,84.6,82.2,78.7,74.6,70.4,66.4,71.3,73.2,75.0,75.6,74.7,72.8,71.0,70.4,-82.9,-87.3,-89.3,-87.7,-83.5,-78.8,-77.2,-78.7,-80.7,-83.3,-85.0,-86.0,-85.3,-83.5,-80.9,-79.1,-78.3,-77.8,-78.0,-78.9,-81.1,-80.5,-81.3,-83.2,-85.1,-85.8,-84.9,-83.0,-83.3,-87.7,-89.8,-88.4,-84.2,-79.8,-77.7,-78.8,-80.2,-83.1,-85.4,-86.6,-86.2,-84.9,-82.7,-80.6,-79.3,-78.6,-78.6,-78.9,-81.6,-81.0,-81.9,-83.8,-85.7,-86.3,-85.4,-83.4,598.3,599.0,598.8,597.8,596.7,596.2,596.3,597.2,602.9,600.3,597.7,596.0,596.0,596.7,597.8,596.4,595.3,595.5,597.1,599.9,598.2,597.8,597.7,597.9,598.4,598.8,598.9,598.6,578.4,579.7,580.9,581.3,580.8,579.5,578.3,578.0,579.1,578.3,577.8,578.2,580.1,583.0,585.7,582.5,579.5,577.6,577.1,577.9,579.6,579.8,580.3,580.9,581.1,580.9,580.4,579.8,58.2,-55.4,694.5,0.091,0.155,-0.025,294.6,294.7,295.9,297.9,300.7,305.2,311.6,320.2,330.5,341.1,350.4,359.0,365.8,370.1,372.2,373.1,373.2,298.1,302.0,308.7,316.2,322.7,336.2,343.8,351.6,359.1,364.2,329.7,329.7,329.7,329.6,322.5,326.3,330.4,334.7,338.7,305.5,309.5,315.0,319.8,315.1,309.6,341.6,346.1,351.6,356.1,352.3,346.8,317.3,322.2,327.4,331.0,335.1,341.1,346.8,341.6,336.0,331.5,327.5,322.2,319.8,327.3,331.1,335.2,344.4,335.3,331.1,327.3,118.9,129.2,139.4,149.4,159.1,167.8,175.2,181.2,183.0,182.1,177.4,170.3,161.4,150.6,138.8,126.7,114.5,107.3,101.4,99.1,99.3,101.3,100.3,96.9,96.1,98.3,103.7,110.2,117.2,124.2,131.4,138.4,139.7,140.6,139.4,138.1,114.4,110.7,110.6,113.9,115.3,115.8,112.6,108.5,108.4,111.3,113.3,113.5,156.3,152.2,150.0,150.9,149.8,151.7,154.9,160.1,162.0,162.4,162.1,160.4,156.2,154.0,154.1,153.8,155.1,156.6,157.0,156.6,-4.4,-4.2,-1.9,1.7,6.7,14.8,26.0,40.3,57.6,76.1,93.7,110.5,123.9,132.2,136.1,137.4,137.6,1.9,8.6,20.3,32.7,43.6,66.3,79.2,93.0,106.3,115.7,55.1,54.5,53.8,53.1,42.7,48.8,55.3,62.7,69.5,14.9,21.7,31.1,39.3,31.3,21.9,76.1,83.8,93.3,101.2,94.3,85.0,34.7,42.3,50.6,56.5,63.2,73.8,84.5,74.8,64.9,57.5,51.0,42.5,38.8,50.7,56.7,63.6,80.2,63.8,56.9,50.7,-91.0,-72.4,-53.9,-35.8,-18.1,-2.2,11.1,21.2,24.1,22.6,14.7,2.3,-13.7,-33.3,-54.6,-76.4,-98.4,-108.8,-118.0,-120.7,-119.0,-114.7,-116.1,-122.0,-124.1,-121.1,-112.5,-99.1,-86.3,-73.9,-61.3,-51.2,-48.7,-47.0,-49.2,-51.5,-95.3,-101.0,-100.9,-94.8,-92.6,-92.1,-96.3,-103.3,-103.5,-98.8,-95.0,-94.6,-21.7,-28.2,-31.6,-30.0,-31.9,-28.9,-23.8,-14.9,-11.6,-11.0,-11.5,-14.5,-21.9,-25.1,-24.8,-25.4,-23.4,-20.7,-20.1,-20.8,741.8,741.7,742.6,744.2,741.7,735.2,724.8,709.8,701.5,704.6,715.7,727.3,734.6,737.9,738.3,736.5,736.4,719.7,712.4,704.5,696.6,691.5,689.2,690.8,694.9,698.5,702.9,688.2,680.2,672.2,664.4,683.3,679.1,676.3,677.9,680.1,712.2,707.4,704.3,702.3,704.0,706.7,696.9,696.6,696.7,699.1,695.8,695.7,698.9,686.0,679.9,678.1,677.6,683.0,692.3,683.9,679.6,679.9,681.9,688.0,695.2,682.0,679.8,679.7,690.4,680.5,680.8,683.0,0.583,0.031,0.082,-0.021,331.330,136.356,-20.551,-18.228,-13.509,24.289,-7.602,-0.071,2.176,0.521,4.720,5.096,-2.262,0.340,1.816,-2.929,0.504,-0.120,0.666,-2.424,-0.462,0.396,-0.123,0.398,0.632,0.823,-0.372,-0.848,0.291,0.043,-0.063,0.018,0.033,-0.013,-0.007,0.038,0.00,0.00,1.42,0.00,0.34,3.50,0.05,0.10,0.00,0.00,0.00,0.34,0.00,0.36,0.28,1.07,0.00,0.00,0.00,1.00,0.00,1.00,1.00,0.00,0.00,0.00,0.00,0.00,1.00,0.00,0.00,0.00,0.00,0.00,0.00
73,0,7.200,0.98,1,-0.086311,0.148442,-0.985147,-0.230794,0.155480,-0.960500,-0.162,0.155,307.5,308.5,311.2,314.0,315.2,314.4,311.4,308.7,304.2,305.6,307.8,310.7,313.8,316.3,318.0,316.1,313.4,310.6,308.0,305.8,310.3,311.5,312.6,313.1,312.6,311.4,310.2,309.7,342.8,343.8,346.6,349.5,350.9,349.9,347.2,344.0,340.1,341.8,344.2,347.4,350.4,352.8,354.4,352.9,350.7,348.0,345.1,342.2,345.6,346.9,348.1,348.5,347.9,346.6,345.4,345.0,113.2,110.4,109.1,110.1,112.8,115.8,116.9,115.9,115.0,113.1,111.7,110.9,111.4,112.7,114.7,115.7,116.1,116.4,116.4,116.0,114.4,114.8,114.3,113.0,111.8,111.4,112.0,113.2,111.5,108.5,107.2,108.3,111.2,114.1,115.4,114.6,113.6,111.5,110.0,109.2,109.7,110.9,112.7,113.9,114.4,114.7,114.7,114.5,112.8,113.2,112.7,111.4,110.1,109.7,110.2,111.5,15.7,17.3,21.4,25.5,27.2,25.9,21.6,17.5,10.9,12.9,16.2,20.5,25.1,28.8,31.4,28.5,24.5,20.3,16.4,13.2,19.9,21.7,23.4,24.1,23.4,21.6,19.8,19.1,65.8,67.3,71.4,75.7,77.6,76.1,72.0,67.4,62.0,64.3,67.7,72.2,76.9,80.7,83.3,80.8,77.2,73.1,68.9,64.9,69.9,71.8,73.6,74.2,73.4,71.5,69.7,69.1,-83.7,-88.0,-89.9,-88.3,-84.1,-79.5,-77.9,-79.5,-81.5,-84.1,-85.8,-86.8,-86.0,-84.1,-81.4,-79.7,-78.9,-78.5,-78.7,-79.6,-81.9,-81.2,-82.0,-83.9,-85.7,-86.4,-85.6,-83.7,-82.6,-87.0,-89.0,-87.5,-83.3,-78.9,-76.9,-78.1,-79.6,-82.5,-84.6,-85.7,-85.3,-83.9,-81.7,-79.6,-78.4,-77.8,-77.8,-78.2,-80.9,-80.2,-81.1,-83.0,-84.8,-85.5,-84.6,-82.7,611.9,612.6,612.4,611.4,610.3,609.8,609.8,610.8,616.6,614.0,611.3,609.7,609.5,610.3,611.3,609.9,608.8,609.1,610.8,613.5,611.7,611.3,611.2,611.5,612.0,612.4,612.5,612.2,585.7,586.9,588.0,588.3,587.7,586.5,585.4,585.3,586.6,585.7,585.0,585.3,587.0,589.8,592.4,589.3,586.5,584.7,584.4,585.3,586.8,586.9,587.4,587.9,588.2,588.1,587.6,587.1,55.0,-52.7,686.0,0.120,0.225,-0.047,293.1,293.6,295.2,297.5,300.7,305.7,312.2,320.5,331.1,342.4,352.4,361.0,366.9,370.1,371.5,372.1,372.0,296.7,300.6,307.2,314.4,321.1,335.0,342.7,350.7,358.1,362.8,328.3,327.9,327.5,327.1,320.5,324.2,328.1,332.5,336.4,304.1,308.0,313.5,318.0,313.4,308.1,340.0,344.5,350.1,354.5,350.6,345.2,315.3,319.4,324.7,328.3,332.4,338.8,344.7,339.4,333.5,329.0,324.9,319.5,317.6,324.8,328.5,332.7,342.2,333.0,328.7,324.9,119.1,130.3,141.5,152.2,162.3,171.2,178.5,184.1,185.5,183.5,177.4,169.0,159.3,148.4,137.2,125.7,114.3,107.9,102.0,99.5,99.7,102.0,101.1,98.0,97.3,99.6,105.1,111.2,118.1,124.9,132.0,139.4,140.6,141.5,140.4,139.1,115.1,111.5,111.3,114.8,116.1,116.5,113.7,109.8,109.7,112.7,114.5,114.7,157.8,153.0,150.6,151.6,150.5,152.7,156.7,162.9,165.3,165.7,165.4,163.1,157.6,154.9,155.0,154.7,156.9,159.5,160.0,159.6,-7.1,-6.2,-3.3,0.9,6.7,15.6,26.8,40.5,57.9,77.4,95.7,111.8,122.9,128.6,130.9,131.6,131.5,-0.6,6.2,17.4,29.3,40.2,63.2,76.1,89.7,102.6,111.1,51.9,50.7,49.5,48.3,38.9,44.7,50.9,58.0,64.6,12.3,18.9,28.0,35.7,27.9,18.9,72.2,79.7,88.9,96.7,89.7,80.7,31.1,37.3,45.4,51.3,57.9,69.0,79.7,70.2,60.1,52.7,46.1,37.6,34.8,45.9,51.8,58.7,75.3,59.4,52.3,46.2,-90.4,-70.2,-50.0,-30.6,-12.1,4.0,16.8,26.0,28.1,24.8,14.6,0.1,-17.0,-36.3,-55.9,-75.8,-95.8,-106.3,-115.5,-118.4,-116.6,-111.8,-112.7,-118.1,-119.8,-116.5,-107.9,-96.0,-83.6,-71.6,-59.4,-49.0,-46.7,-44.9,-46.8,-49.1,-92.8,-98.2,-98.0,-91.9,-89.8,-89.6,-92.9,-99.3,-99.3,-94.6,-91.1,-90.9,-19.0,-26.6,-30.2,-28.5,-30.3,-26.9,-20.6,-10.1,-6.2,-5.5,-6.0,-9.8,-19.2,-23.3,-23.0,-23.5,-20.2,-15.7,-14.9,-15.6,739.7,740.8,742.0,742.2,738.1,730.2,718.2,702.4,693.7,695.7,705.0,712.9,717.0,717.6,716.4,714.9,715.2,710.2,703.0,694.9,686.5,681.0,677.9,679.0,682.0,684.8,688.9,677.1,669.9,662.6,655.6,674.4,670.5,667.5,668.1,669.5,701.9,697.1,693.8,691.6,693.5,696.7,685.4,684.0,683.4,685.5,682.8,683.4,691.6,678.0,670.6,668.6,668.1,672.8,681.6,675.0,672.0,672.6,674.8,680.9,688.3,673.1,670.7,670.5,680.4,672.6,673.0,675.3,0.591,0.061,0.171,-0.041,329.890,137.545,-28.051,1.578,-10.915,19.577,-7.574,-7.894,2.067,-4.729,4.628,4.829,-0.581,-1.672,2.542,-3.082,0.818,1.058,2.145,-0.965,-0.879,0.660,-0.309,0.932,0.614,0.836,-0.411,-0.678,0.342,0.083,-0.033,0.022,0.009,0.008,0.015,0.067,0.00,0.00,1.59,0.00,0.46,3.45,0.06,0.33,0.00,0.00,0.00,0.52,0.00,0.04,0.77,1.52,0.00,0.00,0.00,1.00,0.00,1.00,1.00,0.00,0.00,0.00,0.00,0.00,1.00,0.00,0.00,0.00,0.00,0.00,0.00
74,0,7.300,0.98,1,-0.122947,0.163558,-0.978843,-0.278807,0.170560,-0.945080,-0.206,0.172,304.9,306.0,308.8,311.5,312.6,311.7,308.8,306.0,301.7,303.1,305.3,308.2,311.3,313.7,315.4,313.5,310.7,307.9,305.3,303.2,307.7,308.9,310.1,310.6,310.1,308.9,307.7,307.2,340.5,341.5,344.3,347.3,348.7,347.7,344.8,341.6,337.7,339.4,341.8,345.0,348.2,350.7,352.4,350.8,348.5,345.7,342.7,339.8,343.3,344.6,345.9,346.3,345.7,344.4,343.2,342.7,114.6,111.8,110.6,111.6,114.3,117.4,118.4,117.4,116.4,114.5,113.1,112.4,112.9,114.3,116.3,117.3,117.7,117.9,117.9,117.5,115.9,116.3,115.8,114.6,113.4,112.9,113.4,114.7,113.2,110.2,108.9,110.0,112.9,115.9,117.2,116.3,115.4,113.3,111.7,110.9,111.4,112.6,114.5,115.6,116.2,116.5,116.5,116.3,114.5,115.0,114.4,113.1,111.9,111.4,111.9,113.2,11.8,13.5,17.6,21.6,23.3,21.9,17.5,13.5,7.1,9.1,12.3,16.6,21.3,24.9,27.5,24.5,20.4,16.3,12.4,9.2,15.9,17.7,19.5,20.2,19.5,17.7,16.0,15.2,61.5,63.1,67.2,71.4,73.3,71.7,67.6,63.1,57.8,60.0,63.3,67.9,72.6,76.5,79.2,76.6,72.9,68.7,64.5,60.6,65.7,67.5,69.3,70.0,69.2,67.3,65.5,64.8,-81.3,-85.6,-87.4,-85.7,-81.4,-76.8,-75.3,-77.0,-79.2,-81.8,-83.4,-84.3,-83.5,-81.5,-78.6,-77.0,-76.3,-76.0,-76.3,-77.3,-79.4,-78.6,-79.4,-81.3,-83.2,-83.9,-83.1,-81.2,-79.0,-83.4,-85.3,-83.8,-79.6,-75.2,-73.2,-74.5,-76.0,-78.9,-81.0,-82.1,-81.6,-80.2,-78.0,-75.9,-74.7,-74.1,-74.2,-74.6,-77.2,-76.5,-77.4,-79.3,-81.2,-81.8,-81.0,-79.1,610.0,610.6,610.2,609.2,608.0,607.6,607.8,608.8,614.7,612.1,609.3,607.6,607.4,608.0,609.0,607.7,606.7,607.0,608.8,611.6,609.7,609.2,609.1,609.4,609.9,610.3,610.5,610.2,577.5,578.6,579.4,579.5,578.8,577.7,576.9,577.0,578.6,577.5,576.7,576.6,578.2,580.7,583.3,580.3,577.7,576.1,576.0,577.2,578.4,578.4,578.8,579.2,579.5,579.5,579.1,578.7,49.4,-47.9,670.8,0.142,0.296,-0.050,291.6,292.1,293.7,296.1,299.2,304.2,310.5,318.5,328.9,340.6,351.3,360.4,366.7,369.9,371.3,372.0,371.9,294.2,298.3,304.7,311.5,318.0,332.5,340.4,348.5,356.1,361.2,325.2,324.4,323.7,322.9,317.1,320.7,324.4,328.8,332.8,301.6,305.5,310.9,315.5,310.8,305.4,337.6,342.2,347.9,352.6,348.4,342.8,312.3,315.7,320.8,324.4,328.5,335.4,341.8,336.2,329.9,325.4,321.3,316.0,314.6,321.2,324.8,328.9,339.1,329.5,325.2,321.4,119.8,131.4,143.0,154.1,164.6,174.0,181.5,187.2,188.7,186.5,180.0,171.4,161.5,150.4,139.0,127.4,115.8,108.8,103.2,101.1,101.6,104.0,103.1,100.0,99.1,101.1,106.3,113.0,119.9,126.8,134.0,141.4,142.6,143.6,142.5,141.3,116.4,112.9,112.8,116.4,117.7,118.0,115.5,111.5,111.4,114.4,116.4,116.5,160.3,155.1,152.5,153.6,152.5,154.9,159.4,166.3,169.0,169.4,169.1,166.5,160.1,157.1,157.3,157.1,159.6,162.7,163.1,162.7,-9.6,-8.8,-5.8,-1.6,4.0,12.6,23.4,36.3,53.1,72.6,91.3,107.6,118.7,124.1,126.1,126.9,126.8,-4.7,2.2,12.8,23.9,34.2,57.4,70.0,83.3,96.0,104.8,45.6,43.9,42.2,40.6,32.4,38.0,43.8,50.8,57.2,7.7,14.2,23.2,30.5,22.9,14.1,66.4,73.5,82.6,90.5,83.3,74.4,25.4,30.4,38.2,43.8,50.2,61.6,72.8,63.2,53.0,45.9,39.4,31.1,29.0,38.9,44.6,51.2,68.4,52.2,45.4,39.5,-87.7,-67.1,-46.6,-26.7,-7.8,8.7,21.7,30.8,32.7,29.1,18.6,4.1,-12.8,-31.7,-50.9,-70.3,-90.0,-102.6,-110.9,-113.1,-110.8,-105.9,-106.4,-111.4,-113.1,-110.3,-102.3,-90.5,-78.5,-66.9,-55.0,-44.6,-42.3,-40.6,-42.3,-44.4,-88.6,-93.7,-93.3,-87.1,-85.2,-85.2,-87.4,-93.6,-93.5,-88.8,-85.4,-85.3,-14.5,-22.6,-26.4,-24.6,-26.3,-22.6,-15.6,-4.3,-0.0,0.7,0.1,-4.1,-14.7,-19.1,-18.8,-19.1,-15.3,-10.2,-9.5,-10.1,727.5,728.9,730.4,730.6,726.7,718.7,705.8,688.9,678.8,679.1,686.4,692.2,694.9,694.5,692.5,690.6,690.6,695.9,688.3,679.6,670.7,664.5,659.2,659.2,660.9,662.7,665.9,659.5,653.1,646.5,640.1,659.1,655.2,652.0,651.9,652.5,687.7,682.2,678.2,675.5,678.0,681.9,666.3,663.9,662.7,664.2,662.1,663.4,678.1,663.4,654.8,652.3,651.2,654.9,662.9,658.0,656.5,657.9,660.6,667.5,674.5,657.7,654.8,653.8,662.4,656.6,657.8,660.5,0.606,0.086,0.256,-0.044,327.320,139.681,-29.972,2.961,-9.712,15.966,-8.199,-12.452,3.030,-5.358,4.911,3.319,1.583,-1.596,2.797,-2.785,0.914,2.515,3.066,0.582,-1.193,0.571,0.274,-0.091,0.224,1.144,-0.381,-0.312,0.436,0.029,0.040,0.037,0.034,0.002,0.034,0.105,0.01,0.00,1.45,0.00,0.60,3.62,0.13,0.44,0.00,0.00,0.00,0.57,0.00,0.00,0.80,1.03,0.00,0.00,0.00,1.00,0.00,1.00,1.00,0.00,0.00,0.00,0.00,0.00,1.00,0.00,0.00,0.00,0.00,0.00,0.00
75,0,7.400,0.98,1,-0.126682,0.146860,-0.981012,-0.279091,0.152917,-0.948011,-0.207,0.154,303.5,304.6,307.2,309.9,311.1,310.2,307.4,304.7,300.5,301.7,303.8,306.6,309.7,312.1,313.9,311.9,309.2,306.5,304.0,301.9,306.3,307.4,308.6,309.1,308.6,307.4,306.2,305.8,338.4,339.4,342.1,345.1,346.5,345.5,342.8,339.6,335.8,337.4,339.7,342.9,346.0,348.5,350.2,348.7,346.3,343.6,340.6,337.9,341.3,342.6,343.8,344.2,343.6,342.3,341.1,340.6,117.3,114.5,113.2,114.2,116.9,119.9,121.0,120.0,119.1,117.2,115.8,115.1,115.6,116.9,118.8,119.8,120.3,120.6,120.5,120.1,118.5,118.9,118.4,117.1,116.0,115.5,116.1,117.3,115.4,112.4,111.1,112.1,114.9,117.9,119.2,118.5,117.6,115.5,113.9,113.1,113.5,114.6,116.3,117.5,118.2,118.5,118.5,118.4,116.6,117.1,116.5,115.2,113.9,113.5,114.1,115.4,9.9,11.5,15.6,19.6,21.3,20.0,15.7,11.6,5.4,7.2,10.3,14.6,19.2,22.9,25.6,22.6,18.5,14.3,10.6,7.5,14.1,15.8,17.6,18.3,17.6,15.8,14.0,13.3,59.7,61.1,65.2,69.5,71.5,70.0,65.9,61.4,56.0,58.1,61.4,66.0,70.6,74.6,77.4,74.8,71.1,67.0,62.7,58.8,63.8,65.7,67.5,68.2,67.3,65.4,63.6,63.0,-78.5,-82.8,-84.7,-83.0,-78.8,-74.2,-72.6,-74.3,-76.5,-79.0,-80.7,-81.5,-80.8,-78.9,-76.1,-74.4,-73.6,-73.2,-73.5,-74.5,-76.7,-76.0,-76.8,-78.7,-80.5,-81.2,-80.4,-78.5,-77.2,-81.6,-83.7,-82.2,-78.1,-73.7,-71.6,-72.8,-74.2,-77.1,-79.3,-80.5,-80.0,-78.8,-76.6,-74.5,-73.2,-72.5,-72.5,-72.8,-75.6,-74.9,-75.8,-77.7,-79.6,-80.2,-79.3,-77.4,620.0,620.4,619.9,618.7,617.6,617.3,617.7,618.8,625.0,622.1,619.3,617.3,616.9,617.5,618.4,617.3,616.5,617.0,618.9,621.8,619.6,619.1,618.9,619.0,619.5,620.0,620.3,620.1,587.9,588.9,589.7,589.7,589.0,588.0,587.3,587.4,589.1,587.9,587.0,586.9,588.4,590.9,593.5,590.6,587.9,586.4,586.4,587.6,588.7,588.7,589.1,589.5,589.8,589.8,589.4,589.0,48.2,-47.5,689.6,0.111,0.285,-0.048,290.9,291.3,292.9,295.1,298.1,302.8,308.8,316.4,326.4,337.7,348.6,358.3,365.2,369.0,370.6,371.2,371.3,292.9,296.7,303.0,309.7,315.9,329.7,337.3,345.3,353.1,358.8,323.0,322.4,321.7,321.1,315.4,319.0,322.8,327.2,331.3,300.4,304.1,309.4,313.9,309.3,304.1,335.7,340.1,345.6,350.4,346.2,340.8,311.5,315.4,320.0,323.4,327.4,333.6,340.2,334.0,328.2,323.9,320.2,315.6,313.7,320.2,323.7,327.8,337.5,327.7,323.6,320.1,122.8,133.6,144.3,154.7,164.5,173.1,179.9,185.1,186.3,184.8,179.7,172.6,163.7,153.1,141.8,130.2,118.5,111.7,106.1,104.1,104.7,107.0,106.0,102.7,101.5,103.0,107.9,115.7,122.7,129.7,137.0,143.6,144.9,145.8,144.6,143.2,119.1,115.7,115.5,118.9,120.3,120.7,117.7,113.6,113.5,116.3,118.3,118.6,160.5,156.6,154.5,155.5,154.3,156.1,159.1,163.2,164.8,165.3,165.1,163.9,160.3,158.5,158.7,158.2,159.2,159.5,160.0,159.7,-11.2,-10.5,-7.6,-3.5,2.1,10.5,21.0,33.6,50.2,69.6,89.3,107.3,120.3,127.2,129.9,130.6,130.6,-7.2,-0.6,10.3,21.6,31.8,54.4,67.0,80.5,93.8,104.0,43.5,42.0,40.4,38.9,30.7,36.4,42.5,49.8,56.5,5.9,12.2,21.2,28.9,21.1,12.2,65.1,72.3,81.5,89.7,82.4,73.4,24.8,30.8,38.1,43.6,50.0,60.6,72.3,61.2,51.3,44.3,38.4,31.1,28.3,38.6,44.1,50.8,67.6,50.7,44.0,38.4,-84.9,-65.1,-45.4,-26.3,-8.2,7.4,19.3,27.8,29.5,27.0,18.6,6.4,-9.3,-28.0,-48.0,-68.3,-88.8,-101.2,-109.6,-111.6,-109.1,-104.1,-105.0,-110.4,-112.7,-110.5,-102.8,-89.0,-76.5,-64.2,-51.8,-42.3,-39.9,-38.1,-40.2,-42.6,-87.0,-92.1,-91.8,-85.7,-83.5,-83.4,-86.5,-93.0,-93.1,-88.6,-84.9,-84.6,-14.5,-20.7,-23.9,-22.3,-24.2,-21.4,-16.6,-9.5,-6.9,-6.2,-6.5,-8.6,-14.7,-17.3,-17.1,-17.8,-16.3,-15.6,-14.9,-15.4,750.9,750.9,751.3,751.3,747.5,738.7,724.5,706.3,695.9,696.8,706.2,715.1,720.2,721.4,720.3,718.0,717.8,720.0,711.3,701.9,692.5,685.5,679.3,679.2,681.1,683.1,686.4,681.2,674.4,667.3,660.6,680.1,675.5,671.9,671.9,672.8,710.8,704.8,700.5,697.7,700.1,704.2,687.5,685.3,684.2,685.8,683.5,684.6,696.3,682.4,675.4,672.9,671.8,675.3,682.8,675.1,672.0,673.2,676.0,683.4,692.1,677.3,674.5,673.5,681.2,673.3,674.3,677.2,0.588,0.058,0.242,-0.044,325.712,140.766,-8.590,-8.330,-18.605,9.524,-6.958,0.645,1.877,-0.950,1.786,3.366,-0.599,0.206,0.866,-1.763,2.001,0.640,1.403,-1.005,-0.831,1.040,0.611,0.170,0.179,-0.069,0.264,-0.296,0.139,-0.040,-0.042,-0.066,0.078,-0.023,-0.025,0.079,0.01,0.00,1.26,0.00,0.69,3.58,0.19,0.36,0.00,0.00,0.00,0.40,0.00,0.00,0.57,0.56,0.00,0.00,0.00,1.00,0.00,1.00,1.00,0.00,0.00,0.00,0.00,0.00,1.00,0.00,0.00,0.00,0.00,0.00,0.00
76,0,7.500,0.98,1,-0.124306,0.134922,-0.983028,-0.277323,0.140436,-0.950458,-0.205,0.141,303.3,304.4,307.1,309.7,310.8,309.9,307.1,304.4,300.2,301.5,303.6,306.4,309.5,311.9,313.6,311.6,309.0,306.2,303.7,301.6,306.0,307.2,308.3,308.8,308.3,307.2,306.0,305.5,338.2,339.2,341.9,344.8,346.2,345.2,342.5,339.4,335.6,337.1,339.5,342.6,345.7,348.2,349.9,348.3,346.0,343.3,340.4,337.6,341.0,342.3,343.5,343.9,343.3,342.0,340.8,340.4,115.4,112.6,111.4,112.4,115.0,118.0,119.1,118.0,117.1,115.3,114.0,113.2,113.7,115.0,116.9,117.9,118.2,118.5,118.5,118.1,116.6,117.0,116.5,115.3,114.1,113.6,114.2,115.4,113.9,111.0,109.7,110.7,113.5,116.4,117.7,116.9,116.0,114.0,112.4,111.6,112.1,113.3,115.0,116.1,116.7,116.9,116.9,116.8,115.1,115.6,115.0,113.8,112.5,112.1,112.6,113.9,9.6,11.3,15.4,19.4,21.0,19.7,15.3,11.3,4.9,6.9,10.1,14.3,19.0,22.6,25.3,22.3,18.2,14.0,10.2,7.0,13.7,15.5,17.3,18.0,17.3,15.5,13.7,13.0,60.0,61.5,65.6,69.9,71.8,70.2,66.1,61.6,56.2,58.5,61.8,66.3,71.0,74.9,77.8,75.1,71.3,67.2,63.0,59.1,64.1,66.0,67.8,68.5,67.6,65.8,64.0,63.3,-81.9,-86.2,-88.0,-86.3,-82.1,-77.5,-76.0,-77.6,-79.8,-82.3,-84.0,-84.8,-84.0,-82.1,-79.3,-77.7,-77.0,-76.7,-77.0,-77.9,-80.0,-79.3,-80.1,-81.9,-83.8,-84.5,-83.7,-81.8,-80.3,-84.7,-86.7,-85.2,-81.0,-76.6,-74.6,-75.8,-77.3,-80.1,-82.3,-83.4,-82.9,-81.6,-79.3,-77.3,-76.2,-75.6,-75.6,-75.9,-78.5,-77.9,-78.8,-80.7,-82.5,-83.2,-82.3,-80.4,623.0,623.6,623.2,622.1,620.8,620.4,620.6,621.8,627.9,625.2,622.4,620.5,620.2,620.8,621.6,620.4,619.5,619.9,621.8,624.7,622.6,622.1,622.0,622.2,622.8,623.3,623.4,623.2,594.2,595.4,596.2,596.2,595.4,594.2,593.4,593.6,595.3,594.2,593.4,593.3,594.8,597.2,599.7,596.7,594.1,592.6,592.5,593.8,595.0,595.0,595.3,595.8,596.2,596.2,595.8,595.3,46.9,-49.8,690.4,0.099,0.275,-0.019,290.7,290.8,292.0,293.9,296.5,300.7,306.5,313.8,323.7,335.0,346.0,355.9,363.5,367.8,369.8,370.7,371.1,292.8,296.6,302.8,309.3,315.4,329.8,337.4,345.3,352.9,358.6,322.5,321.8,321.0,320.2,314.4,318.0,321.9,326.4,330.6,300.1,303.9,309.1,313.6,309.0,303.8,335.4,339.9,345.4,350.1,345.9,340.5,310.0,314.0,318.9,322.5,326.8,333.4,340.1,333.9,327.7,323.0,319.0,314.1,312.2,319.0,322.7,327.1,337.4,327.2,322.7,319.0,121.1,131.6,142.1,152.2,162.1,170.8,178.0,183.8,185.6,184.6,180.0,173.3,164.6,154.0,142.4,130.5,118.6,110.0,104.8,103.1,103.7,105.8,105.0,101.9,100.9,102.5,107.2,114.1,121.0,128.0,135.1,141.7,143.1,144.0,142.8,141.4,117.2,113.8,113.7,117.0,118.3,118.6,116.1,112.2,112.1,115.0,116.8,117.0,158.6,154.6,152.7,153.6,152.5,154.3,157.5,162.2,164.1,164.5,164.3,162.6,158.5,156.6,156.8,156.4,157.7,158.7,159.2,158.8,-11.6,-11.5,-9.1,-5.6,-0.8,6.8,16.8,29.2,45.6,64.9,84.9,103.4,117.5,125.6,128.9,130.1,130.8,-7.4,-0.8,9.9,21.0,31.0,54.7,67.5,80.8,93.7,103.8,42.7,41.0,39.3,37.6,29.1,34.7,40.9,48.4,55.4,5.4,11.9,20.8,28.5,20.7,11.8,64.9,72.1,81.3,89.3,82.0,73.1,22.2,28.5,36.2,42.1,49.1,60.3,72.2,61.1,50.6,42.9,36.5,28.8,25.9,36.6,42.5,49.7,67.6,49.9,42.6,36.6,-87.8,-68.6,-49.4,-30.8,-12.7,3.3,16.1,25.6,28.3,26.6,19.1,7.5,-7.8,-26.6,-47.0,-67.9,-89.0,-104.2,-112.1,-113.6,-111.1,-106.4,-106.9,-112.1,-114.0,-111.6,-104.1,-91.9,-79.4,-67.2,-54.8,-45.6,-43.0,-41.1,-43.2,-45.5,-90.5,-95.6,-95.2,-89.1,-87.2,-87.2,-89.2,-95.6,-95.6,-90.9,-87.6,-87.5,-17.8,-24.1,-27.0,-25.4,-27.2,-24.3,-19.2,-11.3,-8.1,-7.4,-7.9,-10.7,-17.8,-20.6,-20.2,-20.8,-18.9,-17.0,-16.3,-17.0,749.0,748.6,749.0,749.6,746.5,738.5,725.2,706.9,695.9,696.6,706.3,716.0,721.7,723.3,722.2,720.0,720.1,721.3,712.4,703.4,694.3,687.4,681.5,681.4,683.2,684.8,687.6,682.4,675.3,668.0,661.0,681.0,676.0,672.1,672.4,673.4,712.2,706.3,702.2,699.5,701.7,705.7,688.9,686.9,685.7,686.9,684.7,686.0,698.6,683.8,676.4,673.6,672.2,676.2,684.0,676.4,672.9,674.5,677.6,685.5,694.4,678.4,675.1,673.9,682.7,674.1,675.5,678.9,0.587,0.042,0.232,-0.016,324.902,139.463,-12.605,-15.205,-12.175,10.525,-9.074,1.449,1.630,1.535,5.195,3.446,-0.284,1.266,1.470,-1.688,1.877,0.524,2.026,-1.111,-0.710,-0.154,1.335,0.088,-0.102,-0.112,0.556,-0.551,0.152,0.025,-0.042,-0.038,0.086,-0.034,-0.015,0.080,0.01,0.00,1.05,0.00,0.78,3.79,0.30,0.28,0.00,0.00,0.00,0.22,0.00,0.02,0.08,0.00,0.00,0.00,0.00,1.00,0.00,1.00,1.00,0.00,0.00,0.00,0.00,0.00,1.00,0.00,0.00,0.00,0.00,0.00,0.00
77,0,7.600,0.98,1,-0.132956,0.116084,-0.984300,-0.286734,0.116579,-0.950891,-0.214,0.120,302.8,304.0,306.6,309.3,310.3,309.3,306.5,303.9,299.7,301.1,303.2,306.0,308.9,311.3,312.9,311.0,308.4,305.6,303.2,301.1,305.5,306.6,307.8,308.3,307.8,306.7,305.5,305.0,337.6,338.6,341.3,344.2,345.5,344.5,341.7,338.7,334.9,336.5,338.9,342.0,345.0,347.5,349.2,347.5,345.2,342.5,339.6,336.9,340.3,341.6,342.8,343.2,342.7,341.4,340.2,339.8,112.3,109.6,108.4,109.4,112.1,115.0,115.9,114.9,114.0,112.2,110.9,110.3,110.8,112.1,114.0,114.8,115.1,115.3,115.3,114.9,113.5,114.0,113.4,112.3,111.1,110.7,111.2,112.4,111.4,108.6,107.3,108.4,111.2,114.0,115.2,114.4,113.5,111.5,110.0,109.3,109.9,111.1,112.8,113.8,114.3,114.4,114.4,114.2,112.7,113.2,112.6,111.4,110.2,109.7,110.3,111.5,9.1,10.9,15.0,19.0,20.5,19.1,14.6,10.6,4.3,6.3,9.6,13.9,18.5,22.1,24.7,21.6,17.5,13.3,9.5,6.4,13.2,14.9,16.7,17.5,16.8,15.1,13.3,12.5,60.0,61.6,65.8,70.0,71.9,70.2,66.0,61.5,56.2,58.5,61.9,66.4,71.1,75.0,77.8,75.0,71.3,67.1,62.8,59.0,64.1,66.0,67.8,68.5,67.7,65.9,64.1,63.3,-88.1,-92.4,-94.2,-92.4,-88.1,-83.5,-82.1,-83.8,-86.0,-88.5,-90.1,-90.9,-90.0,-88.0,-85.2,-83.7,-83.2,-82.9,-83.3,-84.2,-86.1,-85.3,-86.1,-88.0,-89.8,-90.6,-89.8,-88.0,-85.2,-89.6,-91.5,-89.9,-85.6,-81.3,-79.4,-80.6,-82.3,-85.1,-87.1,-88.1,-87.5,-86.1,-83.8,-81.9,-80.9,-80.5,-80.6,-80.9,-83.4,-82.6,-83.5,-85.4,-87.2,-88.0,-87.1,-85.2,633.6,634.3,634.0,632.8,631.4,630.8,631.0,632.2,638.4,635.7,633.0,631.2,630.8,631.3,632.1,630.8,629.9,630.4,632.2,635.2,633.1,632.6,632.5,632.8,633.4,633.9,634.1,633.7,603.5,604.8,605.6,605.5,604.5,603.3,602.5,602.8,604.7,603.6,602.7,602.6,604.0,606.3,608.7,605.7,603.1,601.7,601.7,603.0,604.2,604.1,604.5,605.0,605.4,605.5,605.1,604.6,44.8,-54.9,690.8,0.058,0.288,0.011,290.3,290.1,291.0,292.6,295.0,299.0,304.4,311.4,321.2,332.7,344.1,354.4,362.3,367.0,369.2,370.2,370.9,292.5,296.4,302.7,309.2,315.1,329.1,336.7,344.7,352.3,358.1,321.8,320.8,319.7,318.7,312.8,316.3,320.2,324.8,329.1,299.6,303.5,308.6,313.0,308.4,303.3,334.8,339.3,344.7,349.3,345.0,339.7,308.0,312.2,317.1,320.8,325.2,331.9,338.8,332.1,325.7,320.9,316.9,312.1,310.2,317.2,320.9,325.4,336.1,325.4,320.8,317.1,118.6,129.0,139.6,149.9,159.7,168.2,175.0,180.4,182.2,181.6,177.7,171.7,163.6,153.2,141.7,129.8,117.9,107.1,101.8,100.1,100.8,103.1,102.5,99.5,98.8,100.4,105.3,111.1,117.9,124.7,131.7,138.2,139.6,140.7,139.5,138.2,114.0,110.8,110.7,114.1,115.1,115.4,113.6,109.8,109.9,112.8,114.3,114.4,154.6,150.9,149.1,150.1,149.0,150.9,154.0,158.1,159.7,160.1,159.8,158.4,154.6,152.9,153.1,152.7,154.2,154.6,155.0,154.6,-12.3,-12.7,-11.0,-8.1,-3.7,3.5,13.1,24.9,41.2,60.7,81.3,100.5,115.3,123.9,127.7,129.3,130.5,-7.9,-1.0,9.9,20.8,30.6,53.8,66.6,80.1,93.1,103.1,41.7,39.5,37.3,35.1,26.4,32.0,38.2,45.8,53.1,4.6,11.2,20.0,27.6,19.6,10.9,63.9,71.4,80.4,88.3,80.8,72.0,18.8,25.5,33.4,39.3,46.5,57.7,70.0,58.0,47.1,39.4,33.0,25.4,22.5,33.5,39.5,46.9,65.4,46.9,39.4,33.4,-93.1,-73.7,-54.2,-35.3,-17.1,-1.5,10.6,19.6,22.3,21.4,15.1,4.8,-9.6,-28.0,-48.3,-69.2,-90.3,-110.0,-118.0,-119.4,-116.6,-111.6,-111.4,-116.4,-118.0,-115.4,-107.5,-97.2,-84.8,-72.7,-60.5,-51.4,-48.7,-46.7,-48.6,-50.8,-96.3,-101.2,-100.7,-94.5,-93.0,-93.1,-93.8,-99.9,-99.6,-94.8,-91.9,-92.0,-24.6,-30.4,-33.0,-31.2,-32.9,-30.0,-25.1,-18.0,-15.3,-14.7,-15.2,-17.8,-24.6,-26.8,-26.3,-26.8,-24.8,-23.7,-23.2,-23.9,753.4,752.3,751.9,751.7,747.6,738.2,723.2,703.8,692.7,693.6,703.9,714.1,720.3,722.6,721.9,720.4,721.2,725.3,716.3,707.2,697.8,690.3,684.1,683.9,685.4,686.6,688.9,684.7,677.1,669.3,661.8,681.7,676.3,672.1,672.4,673.5,714.9,709.2,705.0,702.1,704.2,708.2,690.8,688.8,687.5,688.3,686.2,687.6,698.9,684.0,676.5,673.5,672.2,675.9,683.5,675.2,671.2,672.7,675.9,684.6,694.8,677.9,674.7,673.5,682.1,673.1,674.4,677.9,0.587,-0.006,0.250,0.012,323.693,136.501,-7.805,-14.656,-10.964,5.971,-9.996,4.849,1.861,2.657,4.458,3.310,-0.328,0.807,1.118,-1.727,1.426,0.229,1.297,-1.469,-0.827,0.340,1.837,-0.058,-0.220,0.033,0.797,-0.459,0.002,-0.018,-0.052,-0.039,0.070,-0.032,-0.013,0.067,0.00,0.00,1.04,0.00,0.82,3.59,0.26,0.30,0.00,0.00,0.00,0.18,0.00,0.02,0.07,0.00,0.00,0.00,0.00,1.00,0.00,1.00,1.00,0.00,0.00,0.00,0.00,0.00,1.00,0.00,0.00,0.00,0.00,0.00,0.00
78,0,7.700,0.98,1,-0.138605,0.129022,-0.981907,-0.289225,0.127951,-0.948671,-0.218,0.132,303.9,305.1,307.8,310.3,311.3,310.4,307.5,304.9,300.8,302.2,304.3,307.1,310.0,312.3,314.0,312.0,309.4,306.7,304.2,302.2,306.5,307.7,308.8,309.3,308.9,307.8,306.6,306.1,338.5,339.6,342.4,345.2,346.4,345.3,342.5,339.5,335.9,337.5,339.8,342.9,345.9,348.4,350.0,348.3,346.0,343.3,340.5,337.8,341.2,342.4,343.6,344.1,343.6,342.4,341.2,340.7,111.6,108.9,107.8,108.9,111.5,114.4,115.3,114.3,113.3,111.5,110.2,109.6,110.2,111.6,113.5,114.3,114.6,114.8,114.7,114.2,112.9,113.3,112.8,111.7,110.5,110.1,110.5,111.7,111.5,108.7,107.5,108.7,111.5,114.2,115.4,114.5,113.5,111.5,110.1,109.5,110.1,111.3,113.2,114.1,114.6,114.7,114.5,114.3,112.8,113.3,112.8,111.6,110.4,109.9,110.4,111.6,10.8,12.6,16.7,20.7,22.2,20.7,16.3,12.3,6.0,8.1,11.3,15.6,20.2,23.8,26.3,23.3,19.2,15.0,11.2,8.1,14.8,16.6,18.4,19.2,18.5,16.8,15.0,14.2,61.9,63.6,67.8,72.0,73.7,71.9,67.7,63.3,58.0,60.3,63.7,68.3,73.0,76.9,79.6,76.8,73.0,68.8,64.6,60.8,66.0,67.8,69.6,70.4,69.6,67.8,66.0,65.2,-89.3,-93.6,-95.3,-93.4,-89.1,-84.6,-83.2,-85.0,-87.4,-89.9,-91.4,-92.1,-91.2,-89.1,-86.2,-84.7,-84.2,-84.0,-84.4,-85.4,-87.3,-86.5,-87.2,-89.1,-91.0,-91.8,-91.0,-89.2,-85.8,-90.1,-91.9,-90.2,-85.9,-81.6,-79.8,-81.2,-82.9,-85.7,-87.7,-88.6,-87.9,-86.3,-83.9,-82.1,-81.1,-80.7,-80.9,-81.4,-83.8,-83.1,-83.8,-85.7,-87.6,-88.4,-87.6,-85.7,635.1,635.7,635.3,634.1,632.8,632.3,632.6,633.8,639.9,637.2,634.4,632.6,632.2,632.7,633.6,632.3,631.5,631.9,633.8,636.7,634.6,634.1,633.9,634.2,634.8,635.3,635.5,635.2,608.1,609.3,610.0,609.9,609.0,607.8,607.1,607.4,609.3,608.2,607.3,607.1,608.5,610.8,613.3,610.3,607.7,606.3,606.3,607.6,608.8,608.7,609.0,609.5,609.9,610.0,609.7,609.2,45.8,-54.5,688.7,0.075,0.290,0.025,291.4,291.1,291.9,293.4,295.5,299.1,304.3,311.2,321.0,332.5,344.0,354.4,362.3,367.1,369.5,370.7,371.5,293.9,297.6,303.9,310.5,316.5,330.2,337.9,345.9,353.4,358.7,322.9,321.8,320.7,319.5,313.7,317.1,320.9,325.5,329.8,300.7,304.5,309.7,314.0,309.4,304.3,335.7,340.2,345.6,350.1,345.9,340.6,308.8,312.9,317.8,321.3,325.6,332.1,338.8,332.4,326.1,321.4,317.5,312.7,311.0,317.8,321.4,325.8,336.1,325.8,321.4,317.7,117.2,127.7,138.4,148.7,158.7,167.5,174.8,180.7,182.9,182.5,178.5,172.2,163.9,153.4,141.9,130.0,118.2,106.0,100.5,98.7,99.5,102.0,101.9,99.0,98.4,100.5,105.6,110.8,117.7,124.5,131.5,138.2,139.7,140.8,139.7,138.5,113.3,110.0,110.1,113.6,114.7,114.8,113.6,109.9,110.1,113.1,114.6,114.6,155.3,151.4,149.5,150.6,149.6,151.7,155.3,159.6,161.3,161.5,161.2,159.5,155.3,153.5,153.8,153.6,155.3,155.9,156.2,155.7,-10.2,-10.9,-9.4,-6.7,-2.8,3.8,12.9,24.5,40.8,60.3,80.8,100.0,114.8,123.5,127.5,129.4,130.8,-5.5,1.1,11.9,22.9,32.8,55.5,68.3,81.7,94.3,103.6,43.3,41.0,38.7,36.4,27.7,33.2,39.3,46.8,53.9,6.5,13.0,21.8,29.1,21.4,12.7,65.2,72.5,81.5,89.1,81.8,73.1,20.0,26.5,34.3,40.0,47.0,58.0,69.7,58.3,47.7,40.2,33.9,26.3,23.7,34.4,40.2,47.4,65.1,47.4,40.2,34.3,-95.0,-75.6,-56.2,-37.3,-18.9,-2.7,10.3,20.2,23.6,22.9,16.3,5.6,-9.0,-27.4,-47.7,-68.4,-89.2,-111.3,-119.6,-121.1,-118.2,-112.8,-112.1,-116.8,-117.9,-114.7,-106.4,-97.2,-84.8,-72.8,-60.6,-51.3,-48.5,-46.4,-48.1,-50.1,-97.0,-101.9,-101.2,-94.8,-93.3,-93.6,-93.4,-99.3,-98.8,-93.7,-91.0,-91.2,-23.3,-29.4,-32.2,-30.3,-31.8,-28.6,-22.9,-15.5,-12.7,-12.3,-13.0,-16.0,-23.3,-25.6,-25.1,-25.4,-22.8,-21.5,-21.1,-22.0,748.3,747.9,748.2,748.7,744.7,735.6,721.6,703.1,692.0,692.6,701.9,711.5,717.2,719.0,718.1,716.1,716.4,721.0,712.3,703.2,693.9,687.1,681.4,680.7,682.0,682.9,684.9,681.7,674.4,666.9,659.6,679.3,674.1,670.2,670.3,671.3,710.9,705.1,700.9,698.3,700.6,704.5,687.4,685.2,683.8,684.8,682.9,684.3,695.6,681.2,673.9,671.1,669.8,673.4,681.0,673.5,670.0,671.5,674.5,682.4,691.6,675.7,672.5,671.4,679.6,671.5,672.8,676.0,0.589,0.011,0.251,0.027,324.359,136.598,-14.580,-14.061,-13.502,10.658,-10.587,1.709,3.481,2.807,5.252,4.821,-1.838,1.019,1.442,-1.952,1.066,-0.242,1.096,-2.740,-0.205,0.439,1.999,-0.209,-0.049,-0.009,0.556,-0.653,0.079,0.014,-0.095,-0.044,0.073,-0.044,-0.013,0.050,0.05,0.11,1.03,0.00,0.80,3.53,0.18,0.49,0.00,0.00,0.00,0.24,0.00,0.02,0.37,0.31,0.00,0.00,0.00,1.00,0.00,1.00,1.00,0.00,0.00,0.00,0.00,0.00,0.00,0.00,0.00,0.00,0.00,0.00,0.00
79,0,7.800,0.98,1,-0.136326,0.159137,-0.977799,-0.285322,0.158976,-0.945155,-0.216,0.164,305.9,307.1,309.8,312.4,313.4,312.3,309.4,306.8,302.7,304.1,306.3,309.1,312.1,314.4,316.0,314.1,311.4,308.6,306.1,304.1,308.5,309.6,310.8,311.4,310.9,309.8,308.6,308.1,340.8,341.9,344.7,347.6,348.8,347.7,344.9,341.8,338.1,339.7,342.2,345.3,348.4,350.8,352.4,350.8,348.5,345.7,342.8,340.1,343.5,344.8,346.0,346.5,345.9,344.7,343.5,343.0,113.5,110.8,109.8,110.9,113.6,116.6,117.4,116.3,115.1,113.3,112.1,111.5,112.2,113.7,115.7,116.6,116.8,116.9,116.7,116.2,114.9,115.4,114.9,113.7,112.5,112.0,112.5,113.7,114.0,111.1,110.0,111.1,114.0,116.8,118.0,117.0,116.0,114.0,112.5,111.9,112.5,113.8,115.7,116.7,117.2,117.3,117.2,116.9,115.4,115.9,115.4,114.1,112.9,112.4,112.9,114.1,13.5,15.5,19.6,23.6,25.0,23.4,18.9,15.0,8.8,10.9,14.2,18.5,23.1,26.6,29.1,26.0,21.9,17.7,13.9,10.8,17.6,19.3,21.1,21.9,21.3,19.6,17.8,16.9,63.8,65.6,69.7,73.9,75.7,73.9,69.7,65.3,60.0,62.3,65.7,70.3,75.0,78.8,81.5,78.7,75.0,70.8,66.6,62.7,67.9,69.7,71.6,72.3,71.6,69.7,67.9,67.1,-84.8,-89.0,-90.6,-88.7,-84.4,-79.8,-78.6,-80.5,-83.0,-85.5,-86.9,-87.5,-86.4,-84.3,-81.3,-79.9,-79.4,-79.3,-79.8,-81.0,-82.7,-81.9,-82.6,-84.4,-86.3,-87.1,-86.4,-84.6,-80.2,-84.5,-86.3,-84.6,-80.4,-76.1,-74.3,-75.6,-77.3,-80.2,-82.2,-83.1,-82.4,-80.9,-78.4,-76.5,-75.5,-75.1,-75.3,-75.8,-78.3,-77.5,-78.3,-80.2,-82.1,-82.8,-82.0,-80.1,624.1,624.6,624.2,623.1,621.8,621.4,621.7,622.9,628.9,626.2,623.4,621.5,621.2,621.8,622.7,621.5,620.6,621.0,622.9,625.8,623.7,623.2,623.0,623.2,623.8,624.3,624.5,624.2,594.7,595.9,596.8,596.8,596.0,594.8,594.0,594.1,595.8,594.7,593.9,593.9,595.4,597.9,600.4,597.4,594.7,593.2,593.1,594.3,595.5,595.5,595.9,596.4,596.8,596.8,596.4,595.9,49.0,-49.4,683.7,0.136,0.291,0.018,293.2,292.8,293.5,295.1,297.2,301.0,306.3,313.4,323.3,334.7,345.7,355.9,363.7,368.5,371.1,372.5,373.3,296.0,299.8,306.1,312.9,319.0,332.6,340.2,348.2,355.7,360.8,325.3,324.2,323.1,322.0,315.8,319.3,323.2,327.9,332.2,302.6,306.5,311.7,316.1,311.5,306.3,337.9,342.5,348.0,352.5,348.3,342.9,310.3,314.5,319.7,323.5,327.9,334.8,341.5,335.1,328.4,323.6,319.4,314.2,312.6,319.7,323.5,328.0,338.9,328.2,323.6,319.7,118.5,129.1,139.8,150.2,160.3,169.6,177.6,184.3,186.9,186.2,181.4,174.4,165.4,154.7,143.2,131.4,119.5,106.9,101.5,99.9,100.8,103.6,103.6,100.6,100.1,102.2,107.5,113.2,120.3,127.2,134.5,140.9,142.5,143.8,142.8,141.6,115.2,111.9,112.1,115.9,116.8,116.8,116.1,112.3,112.5,115.7,117.3,117.2,158.2,154.2,152.5,153.7,152.8,155.0,158.8,164.9,167.2,167.4,166.9,164.2,158.3,156.5,156.9,156.7,159.0,161.7,162.0,161.3,-6.8,-7.6,-6.2,-3.5,0.4,7.1,16.4,28.3,44.5,63.8,83.4,101.9,116.0,124.6,128.8,130.9,132.2,-1.8,4.9,15.5,26.6,36.4,58.6,71.1,84.3,96.8,105.7,46.6,44.4,42.2,39.9,31.0,36.6,42.7,50.3,57.4,9.6,16.2,24.9,32.2,24.5,15.8,68.1,75.4,84.3,92.0,84.8,76.0,22.6,29.1,37.3,43.2,50.4,62.0,73.8,62.7,51.5,43.7,37.0,28.7,26.4,37.4,43.4,50.7,69.5,51.1,43.7,37.4,-91.2,-72.0,-52.8,-34.2,-15.6,1.1,15.1,26.3,30.2,29.1,21.2,9.3,-6.2,-24.9,-44.9,-65.3,-85.9,-108.0,-116.0,-117.3,-114.2,-108.5,-107.8,-112.6,-113.6,-110.2,-101.9,-92.0,-79.5,-67.5,-55.2,-46.3,-43.3,-41.0,-42.7,-44.7,-92.6,-97.4,-96.3,-89.7,-88.4,-89.0,-87.9,-93.9,-93.4,-88.3,-85.4,-85.7,-18.3,-24.5,-27.1,-25.0,-26.4,-23.0,-17.0,-6.7,-2.9,-2.6,-3.5,-8.0,-18.0,-20.6,-19.8,-20.0,-16.7,-11.9,-11.5,-12.7,736.5,737.1,738.4,740.2,737.8,730.6,718.9,702.0,691.2,691.0,698.5,706.3,710.1,711.0,709.4,707.6,707.5,710.0,701.7,692.5,683.2,677.2,672.2,671.2,672.4,673.4,675.6,672.7,666.0,659.4,652.8,673.0,668.1,664.4,664.4,665.1,701.5,695.5,691.4,688.9,691.6,695.4,678.2,676.0,674.5,675.8,674.0,675.4,692.7,677.8,669.4,666.5,665.2,669.1,677.4,671.6,668.6,670.1,673.1,681.0,689.1,671.6,668.3,667.1,676.7,669.4,670.7,673.9,0.594,0.074,0.247,0.024,326.462,139.323,-29.657,-14.022,-7.472,15.125,-7.728,-3.745,3.617,1.002,4.338,8.023,-1.174,1.046,1.368,-1.896,-0.729,-0.140,1.687,-2.468,-0.987,1.228,1.255,0.217,-0.219,0.049,0.297,-0.573,0.395,0.126,0.005,-0.003,0.050,-0.020,0.019,0.053,0.07,0.11,1.12,0.00,0.76,3.44,0.03,0.57,0.00,0.06,0.00,0.38,0.00,0.00,0.79,0.98,0.00,0.00,0.00,1.00,0.00,1.00,1.00,0.00,0.00,0.00,0.00,0.00,0.00,0.00,0.00,0.00,0.00,0.00,0.00
80,0,7.900,0.98,1,-0.144586,0.173209,-0.974214,-0.290358,0.177426,-0.940326,-0.223,0.181,306.7,308.0,310.7,313.3,314.2,313.2,310.3,307.7,303.6,305.0,307.1,310.0,313.0,315.3,316.9,315.0,312.3,309.5,307.0,305.0,309.4,310.5,311.7,312.2,311.8,310.7,309.5,308.9,341.4,342.5,345.3,348.1,349.4,348.3,345.5,342.5,338.7,340.4,342.8,345.9,349.0,351.4,353.0,351.4,349.1,346.4,343.5,340.7,344.2,345.4,346.6,347.1,346.5,345.3,344.1,343.6,115.6,112.9,111.8,113.0,115.7,118.6,119.5,118.4,117.2,115.4,114.1,113.6,114.2,115.7,117.8,118.7,118.9,119.0,118.9,118.3,117.0,117.5,117.0,115.8,114.6,114.1,114.6,115.8,115.8,113.0,111.8,113.0,115.8,118.6,119.8,118.9,117.9,115.8,114.3,113.7,114.3,115.6,117.5,118.6,119.1,119.2,119.1,118.8,117.2,117.7,117.2,115.9,114.7,114.2,114.7,116.0,14.8,16.7,20.8,24.8,26.2,24.6,20.2,16.3,10.2,12.2,15.4,19.7,24.3,27.8,30.3,27.2,23.2,19.0,15.2,12.2,18.8,20.6,22.4,23.2,22.6,20.8,19.0,18.2,64.7,66.4,70.6,74.8,76.5,74.8,70.7,66.2,60.9,63.2,66.6,71.2,75.8,79.7,82.4,79.6,75.9,71.8,67.6,63.7,68.8,70.6,72.5,73.2,72.4,70.6,68.8,68.0,-81.3,-85.5,-87.2,-85.3,-81.0,-76.4,-75.1,-77.0,-79.5,-82.0,-83.5,-84.1,-83.1,-80.9,-77.9,-76.4,-75.9,-75.8,-76.3,-77.5,-79.2,-78.4,-79.1,-81.0,-82.9,-83.7,-83.0,-81.1,-77.5,-81.8,-83.6,-81.9,-77.7,-73.4,-71.6,-72.9,-74.5,-77.4,-79.5,-80.5,-79.8,-78.3,-75.8,-73.8,-72.8,-72.3,-72.5,-73.0,-75.6,-74.8,-75.6,-77.5,-79.4,-80.1,-79.3,-77.4,622.0,622.5,622.0,620.8,619.6,619.3,619.6,620.8,626.9,624.1,621.3,619.4,619.0,619.6,620.5,619.3,618.5,619.0,620.8,623.7,621.6,621.1,620.9,621.1,621.6,622.1,622.3,622.1,594.6,595.7,596.5,596.6,595.9,594.8,593.9,594.0,595.6,594.6,593.8,593.8,595.3,597.8,600.4,597.4,594.7,593.1,593.0,594.2,595.4,595.4,595.8,596.3,596.6,596.6,596.2,595.7,50.5,-44.9,677.7,0.164,0.305,-0.004,294.1,293.9,294.9,296.8,299.1,303.0,308.4,315.7,325.7,337.1,348.0,357.9,365.2,369.7,371.9,373.0,373.5,296.8,300.6,306.7,313.4,319.5,333.5,341.0,348.8,356.2,361.1,326.2,325.2,324.3,323.2,317.2,320.8,324.6,329.2,333.4,303.5,307.3,312.6,317.0,312.4,307.2,338.6,343.1,348.6,353.1,349.0,343.6,311.8,315.6,320.9,324.6,329.0,336.1,342.7,336.6,329.9,325.0,320.8,315.5,314.1,321.0,324.8,329.3,340.1,329.6,325.0,321.0,120.3,131.2,142.0,152.5,163.0,172.6,181.0,188.1,190.6,189.6,184.1,176.2,166.7,155.7,144.1,132.3,120.4,108.6,103.2,101.4,102.2,105.1,105.0,101.8,101.3,103.4,108.7,115.2,122.4,129.6,137.0,143.6,145.2,146.4,145.4,144.1,117.3,113.9,114.2,117.9,119.0,118.9,118.0,114.1,114.2,117.5,119.2,119.2,161.5,157.0,155.1,156.4,155.4,157.7,161.9,168.9,171.5,171.8,171.2,168.1,161.6,159.4,159.8,159.7,162.1,165.6,165.9,165.2,-5.2,-5.6,-3.7,-0.4,3.7,10.6,19.9,31.9,48.3,67.5,86.6,104.4,117.3,124.9,128.3,129.8,130.5,-0.3,6.1,16.3,27.1,37.0,59.4,71.5,84.3,96.4,104.7,47.6,45.6,43.6,41.6,33.1,38.6,44.6,52.0,58.8,11.1,17.4,26.1,33.3,25.8,17.2,68.4,75.4,84.3,91.8,84.8,76.2,24.9,30.6,38.8,44.7,51.7,63.5,75.1,64.7,53.5,45.7,38.9,30.6,28.7,39.1,45.1,52.3,70.9,53.0,45.6,39.3,-86.9,-67.6,-48.4,-29.6,-10.8,6.5,21.1,32.6,36.4,34.6,25.6,12.3,-4.0,-22.8,-42.6,-62.7,-82.9,-103.6,-111.8,-113.3,-110.4,-104.9,-104.2,-109.1,-110.2,-106.8,-98.5,-87.7,-75.2,-63.0,-50.7,-41.6,-38.7,-36.5,-38.1,-40.2,-87.9,-92.8,-91.8,-85.2,-83.8,-84.3,-83.7,-89.7,-89.4,-84.3,-81.3,-81.5,-12.7,-19.7,-22.6,-20.5,-21.9,-18.3,-11.7,-0.1,4.1,4.5,3.5,-1.4,-12.5,-15.6,-14.9,-15.1,-11.3,-5.5,-5.1,-6.2,728.4,730.0,732.0,734.2,731.8,724.9,713.9,697.7,687.0,686.2,692.6,699.2,701.8,701.7,699.2,696.7,696.0,700.4,692.7,683.8,674.9,669.5,664.2,663.0,663.8,664.6,666.5,665.0,658.9,652.9,646.9,667.0,662.3,658.7,658.5,659.0,693.0,687.1,683.0,680.6,683.4,687.3,670.2,667.6,666.0,667.3,665.7,667.3,687.2,671.9,663.2,660.3,658.8,662.6,671.0,666.3,664.2,665.8,668.8,676.2,683.5,666.0,662.6,661.3,670.6,664.4,665.9,669.1,0.601,0.108,0.261,0.004,327.631,141.753,-39.268,-9.703,-7.993,18.393,-9.023,-7.156,4.891,0.636,3.418,8.564,-1.814,0.397,1.575,-1.919,-0.529,0.327,2.816,-1.885,-0.628,0.564,0.325,-0.197,0.199,0.073,-0.075,-0.473,0.626,0.187,0.064,0.021,0.038,-0.007,0.028,0.066,0.09,0.11,1.07,0.00,0.75,3.61,0.00,0.55,0.00,0.06,0.00,0.38,0.00,0.00,1.01,1.18,0.00,0.00,0.00,1.00,0.00,1.00,1.00,0.00,0.00,1.00,0.00,0.00,0.00,0.00,0.00,0.00,0.00,0.00,0.00
81,0,8.000,0.98,1,-0.127737,0.144702,-0.981196,-0.277941,0.147575,-0.949195,-0.207,0.150,305.1,306.3,309.0,311.6,312.7,311.7,308.8,306.1,302.0,303.4,305.5,308.4,311.4,313.7,315.4,313.4,310.7,308.0,305.5,303.4,307.8,308.9,310.1,310.6,310.2,309.0,307.9,307.3,339.9,340.9,343.7,346.6,347.9,346.9,344.1,341.0,337.2,338.9,341.2,344.4,347.5,349.9,351.5,349.9,347.6,344.9,342.0,339.3,342.7,343.9,345.1,345.6,345.0,343.8,342.6,342.1,115.9,113.1,112.0,113.1,115.8,118.7,119.7,118.6,117.6,115.7,114.4,113.8,114.4,115.8,117.8,118.7,119.0,119.2,119.1,118.6,117.2,117.6,117.1,115.9,114.8,114.3,114.8,116.0,115.4,112.6,111.3,112.5,115.3,118.1,119.3,118.5,117.6,115.5,113.9,113.2,113.8,115.0,116.9,118.0,118.5,118.7,118.6,118.4,116.8,117.2,116.7,115.5,114.2,113.7,114.3,115.5,12.4,14.2,18.3,22.3,23.8,22.3,17.9,13.9,7.7,9.7,13.0,17.3,21.8,25.4,28.0,24.9,20.8,16.7,12.9,9.8,16.5,18.2,20.0,20.8,20.1,18.4,16.6,15.8,62.6,64.2,68.3,72.6,74.4,72.7,68.6,64.1,58.8,61.0,64.4,69.0,73.6,77.5,80.2,77.5,73.8,69.7,65.5,61.6,66.7,68.5,70.3,71.0,70.3,68.4,66.6,65.9,-81.1,-85.3,-87.0,-85.2,-81.0,-76.4,-75.0,-76.8,-79.1,-81.7,-83.2,-84.0,-83.0,-80.9,-78.0,-76.4,-75.9,-75.7,-76.1,-77.1,-79.1,-78.3,-79.0,-80.9,-82.8,-83.6,-82.8,-80.9,-78.1,-82.4,-84.4,-82.7,-78.5,-74.2,-72.3,-73.6,-75.1,-78.1,-80.2,-81.2,-80.6,-79.1,-76.6,-74.7,-73.6,-73.1,-73.2,-73.7,-76.3,-75.6,-76.4,-78.3,-80.1,-80.8,-80.0,-78.1,622.8,623.4,623.0,621.8,620.6,620.2,620.5,621.6,627.7,625.0,622.2,620.3,620.0,620.6,621.5,620.2,619.4,619.8,621.6,624.5,622.5,621.9,621.8,622.0,622.6,623.1,623.2,623.0,594.9,596.1,596.9,597.0,596.2,595.0,594.1,594.3,595.9,594.9,594.1,594.1,595.6,598.1,600.6,597.6,594.9,593.3,593.2,594.4,595.7,595.7,596.1,596.6,596.9,596.9,596.6,596.0,48.7,-46.8,685.4,0.120,0.277,-0.001,292.2,292.0,293.0,294.7,297.0,301.0,306.6,314.1,324.1,335.5,346.5,356.4,363.9,368.5,370.8,371.9,372.5,294.9,298.7,304.9,311.6,317.8,331.8,339.4,347.4,354.9,360.2,324.6,323.7,322.8,321.8,315.8,319.3,323.2,327.8,332.0,301.9,305.7,311.0,315.4,310.8,305.6,337.1,341.6,347.1,351.7,347.5,342.1,310.7,314.8,319.9,323.6,328.0,334.7,341.2,335.1,328.6,323.9,319.8,314.7,312.9,319.9,323.7,328.2,338.7,328.3,323.8,319.9,121.4,132.0,142.6,152.8,162.8,171.8,179.4,185.6,187.8,186.9,182.2,175.2,166.4,155.7,144.3,132.4,120.6,109.7,104.3,102.4,103.1,105.6,105.2,102.2,101.5,103.6,108.8,115.0,122.2,129.2,136.5,143.1,144.6,145.7,144.6,143.3,117.6,114.2,114.3,117.9,119.0,119.2,117.7,113.7,113.8,116.9,118.6,118.7,160.3,156.4,154.6,155.7,154.7,156.7,160.2,165.6,167.7,168.0,167.5,165.3,160.4,158.5,158.8,158.6,160.4,162.3,162.6,162.1,-8.7,-9.1,-7.3,-4.2,0.1,7.2,17.0,29.4,45.9,65.3,84.9,103.3,117.1,125.4,129.2,130.8,131.8,-3.6,2.9,13.5,24.6,34.6,57.5,70.1,83.5,96.1,105.3,45.6,43.7,41.8,39.9,31.1,36.7,42.9,50.4,57.3,8.5,14.9,23.8,31.2,23.5,14.7,67.0,74.2,83.2,91.0,83.9,75.1,23.2,29.6,37.6,43.6,50.7,62.0,73.7,62.8,51.9,44.2,37.6,29.6,26.9,37.8,43.9,51.1,69.3,51.4,44.1,37.9,-86.4,-67.2,-48.0,-29.4,-11.2,5.0,18.3,28.6,31.8,30.4,22.7,10.8,-4.6,-23.2,-43.3,-63.8,-84.5,-103.5,-111.8,-113.5,-110.9,-105.7,-105.5,-110.4,-111.8,-108.5,-100.4,-89.3,-76.7,-64.5,-52.1,-42.9,-40.1,-38.0,-39.9,-42.0,-88.7,-93.8,-93.1,-86.6,-85.0,-85.2,-85.7,-92.0,-91.8,-86.8,-83.7,-83.7,-14.7,-20.9,-23.7,-21.8,-23.4,-20.3,-14.7,-5.6,-2.2,-1.7,-2.5,-6.1,-14.6,-17.3,-16.7,-17.1,-14.4,-11.0,-10.5,-11.4,740.4,740.6,741.5,742.8,739.8,732.3,719.7,702.4,691.7,692.0,700.7,709.4,714.1,715.5,714.1,712.1,712.1,713.0,704.6,695.6,686.3,680.0,674.8,674.3,675.9,677.4,680.0,675.6,668.9,662.1,655.5,675.4,670.6,666.9,667.0,667.9,704.1,698.3,694.2,691.8,694.1,698.0,681.5,679.4,678.1,679.5,677.5,678.7,693.8,679.3,671.6,668.8,667.4,671.4,679.5,672.9,669.7,671.1,674.2,681.8,690.0,673.7,670.5,669.3,678.4,670.6,671.9,675.1,0.592,0.065,0.233,0.004,326.194,141.005,-24.048,-13.644,-11.260,13.452,-6.896,-0.995,3.267,0.878,4.093,8.250,-1.798,0.438,1.711,-1.922,0.603,0.791,2.218,-2.003,-0.827,0.398,1.110,0.283,-0.300,-0.065,0.324,-0.583,0.165,0.127,0.008,0.003,0.059,-0.012,0.012,0.090,0.04,0.00,1.14,0.00,0.73,3.75,0.04,0.58,0.00,0.06,0.00,0.27,0.00,0.00,0.70,0.87,0.00,0.00,0.00,1.00,0.00,1.00,1.00,0.00,0.00,1.00,0.00,0.00,0.00,0.00,0.00,0.00,0.00,0.00,0.00
82,0,8.100,0.98,1,-0.130445,0.124747,-0.983576,-0.285682,0.126030,-0.950001,-0.212,0.129,303.6,304.8,307.5,310.1,311.1,310.2,307.3,304.7,300.6,301.9,304.0,306.8,309.8,312.2,313.8,311.9,309.2,306.5,304.0,301.9,306.3,307.5,308.6,309.1,308.7,307.5,306.4,305.9,338.5,339.6,342.4,345.2,346.5,345.5,342.7,339.6,335.9,337.5,339.9,343.0,346.1,348.5,350.2,348.6,346.2,343.5,340.6,337.9,341.3,342.6,343.8,344.2,343.7,342.4,341.2,340.7,114.7,111.9,110.8,111.8,114.5,117.4,118.4,117.3,116.4,114.5,113.2,112.5,113.1,114.5,116.5,117.4,117.7,117.9,117.8,117.4,115.9,116.4,115.9,114.7,113.5,113.0,113.6,114.7,114.0,111.2,109.9,111.1,113.9,116.7,117.9,117.1,116.1,114.1,112.5,111.8,112.4,113.7,115.5,116.6,117.1,117.3,117.2,117.0,115.3,115.8,115.3,114.1,112.8,112.3,112.9,114.1,10.2,12.0,16.1,20.1,21.6,20.1,15.7,11.7,5.5,7.5,10.7,15.0,19.6,23.2,25.7,22.7,18.6,14.4,10.7,7.6,14.3,16.0,17.8,18.6,17.9,16.2,14.4,13.6,60.8,62.5,66.6,70.8,72.6,70.9,66.8,62.3,57.0,59.3,62.6,67.2,71.9,75.8,78.5,75.8,72.0,67.9,63.6,59.8,64.9,66.8,68.6,69.3,68.5,66.7,64.9,64.1,-83.3,-87.6,-89.3,-87.5,-83.2,-78.7,-77.3,-79.0,-81.3,-83.8,-85.5,-86.2,-85.3,-83.2,-80.3,-78.7,-78.1,-77.9,-78.3,-79.3,-81.3,-80.5,-81.3,-83.2,-85.0,-85.8,-85.0,-83.2,-80.5,-84.8,-86.7,-85.0,-80.8,-76.5,-74.6,-75.9,-77.5,-80.4,-82.5,-83.5,-82.9,-81.4,-78.9,-77.0,-75.9,-75.5,-75.6,-76.1,-78.6,-77.9,-78.7,-80.6,-82.5,-83.2,-82.4,-80.5,625.5,626.1,625.6,624.4,623.2,622.7,623.0,624.2,630.4,627.7,624.8,622.9,622.6,623.1,623.9,622.7,621.9,622.4,624.2,627.2,625.1,624.5,624.3,624.6,625.1,625.7,625.9,625.6,597.2,598.3,599.1,599.0,598.2,597.1,596.3,596.5,598.3,597.3,596.4,596.3,597.7,600.1,602.5,599.5,596.9,595.5,595.5,596.8,597.9,597.9,598.2,598.7,599.1,599.1,598.8,598.3,46.6,-50.5,692.9,0.085,0.282,0.007,291.1,290.9,292.0,293.6,295.9,299.8,305.3,312.5,322.2,333.6,344.8,354.9,362.7,367.4,369.7,370.9,371.6,293.4,297.1,303.4,310.0,316.1,330.3,338.0,345.9,353.5,359.0,322.9,322.0,321.0,320.0,314.2,317.6,321.5,325.9,330.1,300.5,304.3,309.5,313.9,309.3,304.1,335.8,340.2,345.7,350.3,346.1,340.7,309.5,313.6,318.4,321.9,326.1,332.4,338.8,332.6,326.5,322.0,318.2,313.5,311.7,318.4,322.0,326.2,336.2,326.2,321.9,318.3,120.7,131.1,141.6,151.7,161.4,169.9,176.8,182.4,184.3,183.6,179.5,173.3,165.0,154.7,143.4,131.7,119.9,109.2,103.8,102.1,102.7,105.0,104.6,101.7,101.0,102.9,107.8,113.7,120.7,127.6,134.8,141.3,142.7,143.8,142.7,141.5,116.4,113.0,113.0,116.6,117.8,118.0,116.2,112.3,112.4,115.5,117.2,117.2,158.2,154.5,152.6,153.7,152.7,154.6,157.9,161.8,163.3,163.6,163.2,161.8,158.1,156.5,156.8,156.5,157.9,158.0,158.4,157.9,-10.9,-11.2,-9.3,-6.2,-2.0,5.1,14.8,26.8,43.1,62.5,82.8,101.8,116.4,125.1,129.1,130.9,132.1,-6.5,0.2,11.1,22.3,32.3,55.8,68.7,82.2,95.0,104.8,43.6,41.6,39.5,37.4,28.8,34.3,40.4,47.9,54.8,6.1,12.6,21.6,29.0,21.2,12.3,65.7,73.0,82.1,90.1,82.7,73.8,21.4,28.0,35.5,41.2,48.0,58.8,70.3,59.1,48.8,41.4,35.2,27.9,25.0,35.7,41.5,48.5,65.7,48.4,41.4,35.5,-89.2,-69.8,-50.6,-32.0,-14.0,1.6,13.9,23.2,26.0,25.0,18.2,7.5,-7.1,-25.4,-45.4,-66.0,-86.8,-106.2,-114.3,-115.9,-113.3,-108.3,-108.1,-112.8,-114.2,-111.3,-103.3,-92.8,-80.2,-68.0,-55.7,-46.4,-43.7,-41.7,-43.5,-45.6,-92.2,-97.3,-96.7,-90.2,-88.4,-88.6,-89.4,-95.7,-95.4,-90.4,-87.2,-87.3,-18.5,-24.4,-27.2,-25.4,-27.0,-23.9,-18.7,-12.0,-9.5,-9.0,-9.6,-12.2,-18.6,-20.8,-20.3,-20.7,-18.6,-18.1,-17.7,-18.4,752.7,752.2,752.4,752.7,749.0,740.2,726.2,707.8,696.8,697.5,707.2,716.9,722.8,724.8,724.1,722.1,722.4,724.8,715.9,706.7,697.2,690.0,684.5,684.2,685.7,686.9,689.5,685.2,678.1,670.8,663.7,683.5,678.5,674.7,674.7,675.5,714.9,709.0,704.7,702.0,704.3,708.4,691.3,689.2,687.9,689.3,687.1,688.4,699.7,686.0,678.9,676.2,674.8,678.5,685.7,678.3,675.0,676.5,679.5,687.1,695.6,680.7,677.6,676.4,684.2,676.2,677.6,680.8,0.585,0.026,0.241,0.009,324.643,139.176,-11.600,-14.551,-16.488,9.225,-6.201,2.584,1.959,1.170,5.367,5.735,-0.671,1.187,2.399,-1.600,1.466,0.248,1.882,-1.863,-0.598,0.359,1.429,0.135,-0.220,-0.065,0.378,-0.601,0.086,0.057,-0.064,-0.021,0.058,-0.009,-0.003,0.090,0.03,0.00,1.10,0.00,0.67,3.84,0.06,0.49,0.00,0.00,0.00,0.02,0.00,0.03,0.27,0.20,0.00,0.00,0.00,1.00,0.00,1.00,1.00,0.00,0.00,1.00,0.00,0.00,0.00,0.00,0.00,0.00,0.00,0.00,0.00
83,0,8.200,0.98,1,-0.126599,0.128295,-0.983622,-0.281046,0.129872,-0.950866,-0.208,0.133,303.5,304.7,307.4,310.0,311.0,310.1,307.2,304.6,300.5,301.8,303.9,306.7,309.7,312.1,313.7,311.8,309.1,306.4,303.9,301.8,306.2,307.3,308.5,309.0,308.6,307.4,306.2,305.7,338.4,339.4,342.2,345.1,346.4,345.3,342.6,339.5,335.7,337.3,339.7,342.8,345.9,348.4,350.0,348.4,346.1,343.4,340.5,337.7,341.2,342.4,343.6,344.1,343.5,342.3,341.0,340.6,114.6,111.9,110.7,111.8,114.5,117.4,118.4,117.3,116.3,114.4,113.1,112.5,113.1,114.5,116.4,117.4,117.7,117.9,117.8,117.3,115.9,116.3,115.8,114.6,113.5,113.0,113.5,114.7,113.9,111.1,109.9,111.0,113.8,116.6,117.9,117.0,116.1,114.0,112.5,111.8,112.3,113.6,115.4,116.5,117.0,117.2,117.1,116.9,115.3,115.8,115.2,114.0,112.7,112.3,112.8,114.0,10.0,11.8,15.9,19.8,21.4,19.9,15.5,11.6,5.3,7.3,10.5,14.8,19.4,23.0,25.6,22.5,18.4,14.3,10.5,7.4,14.1,15.8,17.6,18.4,17.7,16.0,14.2,13.4,60.6,62.2,66.4,70.6,72.4,70.7,66.6,62.1,56.8,59.1,62.4,67.0,71.7,75.5,78.3,75.6,71.8,67.7,63.5,59.6,64.7,66.6,68.4,69.1,68.3,66.5,64.6,63.9,-83.3,-87.5,-89.3,-87.5,-83.2,-78.7,-77.2,-79.0,-81.3,-83.9,-85.4,-86.2,-85.3,-83.2,-80.3,-78.7,-78.1,-77.9,-78.3,-79.3,-81.3,-80.5,-81.3,-83.1,-85.0,-85.8,-85.0,-83.2,-80.6,-84.9,-86.8,-85.2,-81.0,-76.6,-74.8,-76.0,-77.6,-80.5,-82.6,-83.7,-83.0,-81.6,-79.2,-77.2,-76.1,-75.6,-75.7,-76.2,-78.7,-78.0,-78.9,-80.8,-82.6,-83.3,-82.5,-80.6,624.9,625.4,625.0,623.8,622.6,622.2,622.5,623.7,629.8,627.1,624.3,622.3,622.0,622.5,623.4,622.2,621.4,621.9,623.7,626.7,624.5,624.0,623.8,624.0,624.6,625.1,625.3,625.0,597.4,598.5,599.3,599.2,598.4,597.3,596.6,596.7,598.5,597.4,596.5,596.4,597.9,600.3,602.8,599.8,597.2,595.7,595.7,597.0,598.1,598.1,598.4,598.9,599.3,599.3,598.9,598.5,46.6,-51.2,696.1,0.089,0.273,0.008,290.9,290.7,291.7,293.3,295.5,299.4,305.0,312.2,322.0,333.2,344.4,354.6,362.5,367.2,369.6,370.8,371.5,293.2,297.0,303.3,309.9,316.0,330.0,337.7,345.6,353.1,358.7,322.8,321.9,321.0,320.0,314.2,317.6,321.5,325.9,330.0,300.4,304.1,309.4,313.8,309.2,304.0,335.6,340.0,345.6,350.2,346.0,340.6,309.5,313.8,318.4,321.9,326.1,332.2,338.6,332.4,326.5,322.0,318.2,313.7,311.7,318.4,322.0,326.2,336.0,326.1,321.9,318.3,120.3,130.6,140.8,150.8,160.5,169.0,176.0,181.6,183.5,183.0,179.0,173.0,164.8,154.5,143.2,131.4,119.6,109.1,103.8,102.1,102.7,105.0,104.6,101.7,100.9,102.7,107.6,113.8,120.7,127.7,134.8,141.2,142.7,143.7,142.6,141.4,116.3,113.0,113.0,116.5,117.7,117.9,116.2,112.2,112.3,115.4,117.1,117.2,157.8,154.3,152.5,153.5,152.5,154.4,157.4,161.0,162.3,162.6,162.3,161.0,157.7,156.4,156.6,156.3,157.5,157.2,157.5,157.1,-11.3,-11.6,-9.8,-6.9,-2.7,4.4,14.3,26.5,42.8,62.3,82.6,101.9,116.8,125.7,129.8,131.6,132.8,-6.7,0.0,11.0,22.2,32.3,55.6,68.6,82.0,95.0,104.9,43.5,41.6,39.6,37.6,28.9,34.5,40.7,48.1,55.0,5.9,12.5,21.4,29.0,21.1,12.1,65.8,73.1,82.3,90.3,82.9,73.9,21.5,28.3,35.8,41.5,48.3,58.9,70.3,59.1,49.0,41.6,35.5,28.2,25.2,35.9,41.7,48.7,65.7,48.5,41.5,35.7,-90.2,-71.1,-52.1,-33.7,-15.8,-0.0,12.5,22.0,25.0,24.1,17.5,7.0,-7.5,-25.9,-46.1,-66.9,-88.0,-106.9,-115.0,-116.5,-113.8,-108.8,-108.6,-113.4,-115.0,-112.2,-104.2,-93.2,-80.6,-68.3,-55.9,-46.8,-44.0,-42.1,-43.9,-46.0,-92.7,-97.8,-97.2,-90.7,-88.9,-89.1,-90.0,-96.4,-96.1,-91.1,-87.8,-87.8,-19.3,-24.9,-27.6,-25.8,-27.4,-24.4,-19.5,-13.3,-11.1,-10.6,-11.2,-13.5,-19.3,-21.2,-20.7,-21.2,-19.4,-19.6,-19.2,-19.9,755.5,755.0,755.3,755.8,752.4,743.8,729.9,711.6,700.7,701.6,711.5,721.6,727.9,730.1,729.5,727.3,727.3,728.1,719.1,709.9,700.4,693.3,687.8,687.4,689.0,690.3,693.0,688.7,681.7,674.4,667.3,687.1,682.1,678.4,678.5,679.3,718.3,712.3,708.0,705.4,707.6,711.7,694.8,692.8,691.6,693.0,690.8,692.0,702.7,689.1,682.4,679.8,678.4,682.1,689.3,681.6,678.1,679.5,682.5,690.0,698.5,684.1,681.1,679.9,687.6,679.4,680.7,683.9,0.582,0.029,0.230,0.010,324.512,138.872,-8.502,-17.047,-18.473,8.594,-6.923,3.661,1.795,1.485,4.830,5.501,-1.257,1.512,2.059,-1.323,1.598,-0.180,1.438,-1.951,-0.563,0.427,1.321,0.179,-0.248,-0.068,0.425,-0.659,0.124,0.036,-0.066,-0.024,0.068,-0.011,-0.002,0.081,0.00,0.00,1.10,0.00,0.61,3.78,0.06,0.51,0.00,0.00,0.00,0.07,0.00,0.07,0.04,0.00,0.00,0.00,0.00,1.00,0.00,1.00,1.00,0.00,0.00,1.00,0.00,0.00,0.00,0.00,0.00,0.00,0.00,0.00,0.00
84,0,8.300,0.98,1,-0.126859,0.135139,-0.982672,-0.278985,0.137177,-0.950447,-0.207,0.140,303.5,304.6,307.3,309.9,311.0,310.0,307.1,304.5,300.4,301.7,303.8,306.7,309.7,312.0,313.7,311.7,309.1,306.3,303.8,301.8,306.1,307.3,308.5,309.0,308.5,307.4,306.2,305.7,338.3,339.3,342.1,345.0,346.3,345.3,342.5,339.4,335.7,337.3,339.6,342.8,345.8,348.3,349.9,348.3,346.0,343.3,340.4,337.7,341.1,342.3,343.5,344.0,343.4,342.2,341.0,340.5,114.7,112.0,110.8,111.9,114.6,117.5,118.5,117.4,116.4,114.5,113.2,112.6,113.1,114.6,116.6,117.5,117.8,118.0,117.9,117.4,116.0,116.4,115.9,114.7,113.5,113.1,113.6,114.8,114.1,111.2,110.0,111.1,113.9,116.8,118.0,117.1,116.2,114.1,112.6,111.9,112.4,113.7,115.5,116.6,117.1,117.4,117.3,117.1,115.4,115.9,115.3,114.1,112.9,112.4,112.9,114.2,9.9,11.7,15.8,19.7,21.3,19.8,15.4,11.5,5.2,7.2,10.4,14.7,19.3,22.9,25.4,22.4,18.3,14.2,10.4,7.3,14.0,15.7,17.5,18.3,17.6,15.9,14.1,13.3,60.4,62.0,66.1,70.3,72.2,70.5,66.4,61.9,56.6,58.8,62.2,66.7,71.4,75.3,78.1,75.3,71.6,67.5,63.2,59.4,64.5,66.3,68.1,68.8,68.1,66.2,64.4,63.7,-82.9,-87.2,-88.9,-87.1,-82.8,-78.3,-76.9,-78.6,-81.0,-83.5,-85.1,-85.8,-84.9,-82.8,-79.9,-78.3,-77.7,-77.5,-77.9,-79.0,-80.9,-80.2,-80.9,-82.8,-84.7,-85.4,-84.7,-82.8,-80.2,-84.6,-86.5,-84.9,-80.7,-76.3,-74.4,-75.7,-77.3,-80.2,-82.3,-83.3,-82.7,-81.3,-78.9,-76.9,-75.8,-75.3,-75.4,-75.8,-78.4,-77.7,-78.5,-80.4,-82.3,-83.0,-82.2,-80.3,623.3,623.8,623.3,622.1,620.9,620.6,620.9,622.1,628.2,625.4,622.6,620.7,620.3,620.8,621.7,620.5,619.7,620.2,622.1,625.0,622.9,622.3,622.1,622.3,622.9,623.4,623.6,623.4,596.2,597.3,598.1,598.1,597.4,596.2,595.4,595.6,597.3,596.3,595.4,595.3,596.8,599.2,601.7,598.8,596.1,594.6,594.6,595.8,597.0,597.0,597.3,597.8,598.2,598.2,597.8,597.3,46.4,-50.7,694.6,0.100,0.272,0.006,290.8,290.7,291.6,293.2,295.4,299.3,304.8,312.1,321.9,333.3,344.5,354.7,362.5,367.2,369.6,370.8,371.4,293.2,297.0,303.2,309.9,316.0,329.9,337.6,345.5,353.0,358.6,322.7,321.9,320.9,320.0,314.1,317.6,321.4,325.9,330.1,300.3,304.1,309.3,313.7,309.1,303.9,335.5,340.0,345.5,350.1,345.9,340.5,309.4,313.7,318.4,321.9,326.1,332.3,338.8,332.5,326.5,322.0,318.2,313.6,311.6,318.4,322.0,326.3,336.2,326.2,321.9,318.2,120.2,130.5,140.7,150.7,160.4,169.0,176.2,182.0,184.0,183.4,179.3,173.1,164.8,154.5,143.1,131.4,119.5,109.1,103.8,102.1,102.8,105.1,104.7,101.7,101.0,102.8,107.7,113.9,121.0,127.9,135.2,141.6,143.0,144.1,143.0,141.8,116.4,113.0,113.1,116.7,117.8,118.0,116.3,112.4,112.4,115.5,117.3,117.3,158.1,154.7,152.9,154.0,152.9,154.8,157.8,161.5,162.9,163.2,162.8,161.5,158.1,156.8,157.1,156.8,157.9,157.7,158.0,157.6,-11.4,-11.7,-9.9,-7.0,-2.9,4.1,14.0,26.3,42.8,62.3,82.6,101.8,116.6,125.4,129.5,131.1,132.3,-6.7,-0.1,10.8,22.0,32.1,55.3,68.1,81.6,94.4,104.3,43.3,41.4,39.4,37.5,28.8,34.4,40.5,48.0,54.9,5.8,12.3,21.3,28.8,21.0,12.0,65.4,72.7,81.9,89.9,82.5,73.6,21.3,28.1,35.6,41.4,48.3,58.9,70.5,59.3,49.0,41.6,35.3,28.0,25.0,35.8,41.6,48.7,65.9,48.5,41.4,35.5,-90.0,-71.1,-52.2,-33.9,-15.9,0.0,12.8,22.7,25.8,24.8,18.0,7.2,-7.5,-26.0,-46.2,-66.9,-87.9,-106.6,-114.5,-116.0,-113.3,-108.2,-108.1,-113.0,-114.5,-111.7,-103.8,-92.7,-80.0,-67.6,-55.2,-46.1,-43.3,-41.3,-43.1,-45.2,-92.3,-97.4,-96.7,-90.2,-88.4,-88.6,-89.5,-95.9,-95.6,-90.6,-87.3,-87.4,-18.7,-24.2,-26.8,-25.0,-26.6,-23.7,-18.9,-12.5,-10.2,-9.7,-10.3,-12.7,-18.7,-20.4,-19.9,-20.4,-18.7,-18.8,-18.3,-19.1,753.0,752.7,753.2,754.0,751.0,742.7,729.1,710.9,699.9,700.7,710.5,720.5,726.7,728.8,727.9,725.5,725.3,725.7,716.7,707.4,698.0,691.0,685.6,685.2,686.8,688.1,690.7,686.6,679.6,672.4,665.5,685.5,680.5,676.8,676.9,677.7,716.1,710.0,705.7,703.2,705.5,709.6,692.7,690.6,689.4,690.9,688.7,689.9,701.6,687.8,681.0,678.3,676.9,680.6,688.0,680.4,676.8,678.2,681.2,688.8,697.4,682.8,679.7,678.6,686.4,678.0,679.3,682.5,0.584,0.041,0.229,0.009,324.474,139.084,-9.395,-17.402,-18.088,9.314,-7.634,3.654,1.595,1.358,4.560,6.260,-1.351,1.669,1.814,-1.341,1.406,-0.097,1.514,-1.810,-0.304,0.240,1.331,0.023,-0.332,-0.084,0.367,-0.717,0.114,0.039,-0.066,-0.030,0.080,-0.013,-0.002,0.076,0.00,0.00,1.05,0.00,0.66,3.85,0.02,0.40,0.05,0.00,0.00,0.07,0.00,0.07,0.18,0.00,0.00,0.00,0.00,1.00,0.00,1.00,1.00,0.00,0.00,1.00,0.00,0.00,0.00,0.00,0.00,0.00,0.00,0.00,0.00
85,0,8.400,0.98,1,-0.128580,0.148545,-0.980511,-0.277691,0.152475,-0.948493,-0.208,0.155,302.9,304.0,306.7,309.3,310.4,309.4,306.5,303.9,299.8,301.1,303.2,306.1,309.1,311.5,313.1,311.2,308.5,305.7,303.2,301.2,305.6,306.7,307.9,308.4,307.9,306.8,305.6,305.1,337.6,338.6,341.4,344.3,345.6,344.6,341.8,338.7,335.0,336.6,338.9,342.1,345.2,347.6,349.3,347.7,345.4,342.6,339.7,337.0,340.4,341.6,342.9,343.3,342.7,341.5,340.3,339.8,115.1,112.4,111.2,112.3,115.0,117.9,118.9,117.8,116.8,115.0,113.7,113.0,113.6,115.0,117.0,117.9,118.2,118.4,118.3,117.8,116.4,116.9,116.3,115.1,114.0,113.5,114.0,115.2,114.5,111.6,110.4,111.5,114.3,117.2,118.4,117.5,116.6,114.5,113.0,112.3,112.8,114.1,115.9,117.0,117.5,117.7,117.7,117.5,115.8,116.3,115.7,114.5,113.3,112.8,113.3,114.6,9.0,10.7,14.8,18.8,20.4,18.9,14.5,10.5,4.3,6.3,9.5,13.8,18.4,22.0,24.6,21.5,17.4,13.3,9.5,6.4,13.0,14.8,16.6,17.4,16.7,14.9,13.1,12.4,59.2,60.9,65.0,69.2,71.1,69.4,65.3,60.8,55.5,57.7,61.1,65.6,70.3,74.2,77.0,74.2,70.5,66.4,62.2,58.3,63.4,65.2,67.0,67.7,66.9,65.1,63.3,62.6,-82.2,-86.5,-88.2,-86.4,-82.2,-77.6,-76.2,-77.9,-80.3,-82.8,-84.4,-85.1,-84.2,-82.1,-79.2,-77.7,-77.1,-76.8,-77.2,-78.3,-80.3,-79.5,-80.2,-82.1,-84.0,-84.8,-84.0,-82.1,-79.5,-83.9,-85.8,-84.2,-80.0,-75.6,-73.7,-75.0,-76.6,-79.5,-81.6,-82.6,-82.0,-80.6,-78.2,-76.2,-75.1,-74.6,-74.7,-75.1,-77.7,-77.0,-77.8,-79.7,-81.6,-82.3,-81.4,-79.5,622.9,623.4,623.0,621.8,620.6,620.2,620.6,621.8,627.9,625.1,622.3,620.3,620.0,620.5,621.4,620.2,619.4,619.9,621.8,624.7,622.5,622.0,621.8,622.0,622.5,623.1,623.3,623.1,595.3,596.4,597.2,597.2,596.4,595.3,594.5,594.7,596.4,595.3,594.5,594.4,595.9,598.3,600.8,597.8,595.2,593.7,593.6,594.9,596.1,596.1,596.4,596.9,597.3,597.3,596.9,596.4,45.4,-49.1,690.5,0.124,0.275,-0.004,290.5,290.4,291.4,293.1,295.4,299.3,304.8,312.1,321.9,333.2,344.2,354.2,361.9,366.6,368.9,370.1,370.6,292.7,296.3,302.5,309.2,315.3,329.1,336.8,344.8,352.4,357.9,322.0,321.2,320.3,319.4,313.5,317.1,320.9,325.5,329.7,299.7,303.5,308.7,313.2,308.6,303.4,334.8,339.3,344.8,349.4,345.2,339.8,308.9,313.0,317.9,321.5,325.8,332.4,339.0,332.8,326.6,321.9,317.9,313.0,311.2,318.0,321.7,326.1,336.4,326.1,321.7,318.0,120.4,130.8,141.1,151.1,161.0,169.9,177.5,183.7,185.9,185.2,180.6,173.8,165.1,154.6,143.1,131.4,119.5,109.4,104.0,102.2,102.9,105.3,104.9,101.9,101.2,103.1,108.1,114.4,121.5,128.5,135.8,142.2,143.7,144.7,143.6,142.3,116.8,113.5,113.5,117.1,118.2,118.4,116.7,112.8,112.8,115.9,117.6,117.7,159.1,155.4,153.6,154.6,153.6,155.4,158.6,163.5,165.4,165.8,165.4,163.6,159.1,157.5,157.7,157.4,158.8,160.1,160.4,159.9,-11.9,-12.1,-10.2,-7.1,-2.9,4.2,13.9,26.1,42.6,61.9,81.8,100.4,114.8,123.3,127.2,128.7,129.7,-7.6,-1.2,9.4,20.6,30.7,53.5,66.3,79.8,92.6,102.3,41.8,39.9,38.1,36.2,27.6,33.2,39.4,46.9,54.0,4.7,11.2,20.1,27.7,19.9,11.0,63.7,71.0,80.1,88.0,80.7,71.8,20.3,26.8,34.7,40.5,47.5,58.7,70.5,59.5,48.9,41.3,34.8,27.0,24.1,35.0,40.9,48.1,66.0,48.2,41.0,34.9,-88.9,-70.0,-51.1,-32.8,-14.7,1.6,15.0,25.6,29.0,27.7,20.1,8.4,-6.8,-25.5,-45.7,-66.3,-87.1,-105.2,-113.2,-114.8,-112.1,-107.0,-106.9,-111.8,-113.2,-110.2,-102.3,-91.2,-78.5,-66.2,-53.8,-44.8,-42.0,-39.9,-41.9,-44.0,-90.8,-95.9,-95.2,-88.7,-87.1,-87.3,-88.0,-94.4,-94.1,-89.2,-86.0,-86.0,-17.0,-22.8,-25.6,-23.8,-25.4,-22.5,-17.5,-9.1,-5.9,-5.3,-6.0,-9.2,-16.9,-19.2,-18.6,-19.1,-17.1,-14.8,-14.2,-15.1,746.5,746.6,747.5,748.8,746.2,738.7,726.2,708.6,697.7,698.1,707.0,716.1,721.3,722.7,721.5,719.1,718.9,719.8,710.8,701.4,691.9,685.2,680.0,679.5,681.1,682.5,685.2,681.0,674.2,667.2,660.4,680.8,675.8,672.0,672.2,673.0,710.5,704.4,700.2,697.7,700.2,704.2,687.2,685.0,683.7,685.2,683.1,684.4,698.8,684.2,676.7,674.0,672.5,676.4,684.5,677.5,674.1,675.6,678.6,686.4,694.8,678.9,675.7,674.5,683.2,675.0,676.4,679.6,0.588,0.066,0.233,0.000,324.055,139.853,-16.460,-16.647,-12.636,13.266,-7.749,0.594,2.327,1.862,5.121,6.692,-1.786,1.318,1.637,-1.535,1.000,-0.205,1.633,-2.315,-0.107,0.255,1.686,0.117,-0.377,-0.031,0.080,-0.620,0.270,0.078,-0.035,-0.027,0.060,-0.006,-0.004,0.075,0.03,0.00,1.07,0.00,0.77,3.88,0.00,0.53,0.11,0.00,0.00,0.16,0.00,0.05,0.62,0.16,0.00,0.00,0.00,1.00,0.00,1.00,1.00,0.00,0.00,1.00,0.00,0.00,0.00,0.00,0.00,0.00,0.00,0.00,0.00
86,0,8.500,0.98,1,-0.143746,0.159185,-0.976728,-0.292390,0.162891,-0.942324,-0.223,0.166,302.2,303.4,306.1,308.7,309.7,308.7,305.8,303.2,299.1,300.5,302.6,305.4,308.4,310.8,312.4,310.4,307.7,305.0,302.5,300.5,304.8,306.0,307.2,307.7,307.3,306.1,304.9,304.4,336.8,337.9,340.7,343.6,344.9,343.8,341.0,337.9,334.2,335.8,338.2,341.3,344.4,346.8,348.5,346.9,344.6,341.8,338.9,336.2,339.6,340.9,342.1,342.5,342.0,340.7,339.5,339.0,114.7,112.0,110.9,112.0,114.7,117.6,118.5,117.4,116.3,114.5,113.2,112.6,113.3,114.7,116.8,117.6,117.9,118.0,117.9,117.4,116.0,116.5,116.0,114.8,113.6,113.1,113.6,114.8,114.6,111.8,110.5,111.7,114.5,117.3,118.6,117.7,116.7,114.6,113.1,112.4,113.0,114.3,116.2,117.2,117.7,117.9,117.8,117.6,116.0,116.5,115.9,114.7,113.4,113.0,113.5,114.7,7.9,9.8,13.9,17.9,19.3,17.8,13.3,9.4,3.3,5.3,8.5,12.8,17.4,21.0,23.5,20.4,16.3,12.1,8.4,5.3,12.0,13.7,15.5,16.3,15.7,14.0,12.2,11.3,58.0,59.7,63.8,68.0,69.8,68.1,64.0,59.5,54.2,56.5,59.9,64.4,69.1,72.9,75.7,72.9,69.2,65.1,60.9,57.0,62.1,63.9,65.8,66.5,65.7,63.9,62.1,61.3,-83.0,-87.2,-88.9,-87.0,-82.7,-78.2,-76.8,-78.7,-81.1,-83.6,-85.2,-85.8,-84.8,-82.6,-79.6,-78.2,-77.7,-77.5,-78.0,-79.1,-80.9,-80.1,-80.9,-82.7,-84.6,-85.4,-84.7,-82.8,-79.2,-83.5,-85.4,-83.7,-79.5,-75.2,-73.3,-74.6,-76.2,-79.2,-81.3,-82.3,-81.6,-80.1,-77.6,-75.7,-74.6,-74.2,-74.3,-74.8,-77.3,-76.6,-77.4,-79.3,-81.2,-81.9,-81.1,-79.2,623.8,624.4,623.9,622.7,621.4,621.0,621.4,622.6,628.7,626.0,623.2,621.2,620.8,621.3,622.2,621.0,620.2,620.7,622.6,625.6,623.4,622.8,622.6,622.9,623.4,623.9,624.2,623.9,594.2,595.4,596.2,596.2,595.3,594.1,593.3,593.5,595.3,594.2,593.4,593.3,594.8,597.2,599.7,596.7,594.0,592.5,592.5,593.7,594.9,594.9,595.3,595.8,596.2,596.2,595.8,595.3,43.3,-47.6,680.8,0.145,0.309,-0.004,290.1,290.0,291.1,292.8,295.1,299.0,304.4,311.4,321.2,332.7,343.8,353.9,361.4,366.0,368.3,369.5,370.0,292.2,295.9,302.1,308.7,314.7,328.6,336.3,344.3,351.8,357.1,321.4,320.3,319.3,318.2,312.4,315.9,319.7,324.3,328.5,299.0,302.8,308.0,312.4,307.8,302.6,334.0,338.5,344.0,348.6,344.4,339.0,307.5,311.2,316.3,320.1,324.5,331.6,338.4,332.1,325.4,320.5,316.3,311.2,309.7,316.5,320.2,324.8,335.8,325.1,320.4,316.5,119.7,130.6,141.4,151.8,162.0,171.3,179.2,185.9,188.3,187.4,182.2,174.8,165.7,154.8,143.3,131.4,119.6,108.5,103.0,101.2,101.9,104.6,104.3,101.4,100.8,103.0,108.2,114.2,121.4,128.5,135.9,142.2,143.8,145.0,143.8,142.6,116.4,113.0,113.2,116.9,117.9,118.0,116.8,112.9,113.0,116.2,117.8,117.9,159.2,155.1,153.3,154.4,153.5,155.5,159.3,165.8,168.4,168.8,168.2,165.5,159.3,157.3,157.7,157.4,159.5,162.8,163.1,162.5,-12.4,-12.6,-10.8,-7.6,-3.4,3.6,13.0,24.7,40.9,60.1,79.7,97.9,111.4,119.4,123.0,124.7,125.6,-8.3,-1.8,8.6,19.4,29.2,51.7,64.2,77.4,89.8,98.8,40.0,37.9,35.8,33.7,25.3,30.8,36.8,44.3,51.2,3.5,9.9,18.6,25.9,18.3,9.6,61.2,68.4,77.3,85.0,77.8,69.1,17.7,23.5,31.6,37.5,44.7,56.4,68.3,57.5,46.3,38.5,31.7,23.5,21.4,31.9,37.9,45.2,64.0,45.9,38.4,32.1,-88.8,-69.3,-50.0,-31.1,-12.7,4.0,18.0,29.0,32.6,31.0,22.5,10.0,-5.8,-24.5,-44.4,-64.6,-85.0,-105.0,-113.1,-114.6,-111.8,-106.4,-105.8,-110.5,-111.6,-108.2,-100.1,-90.0,-77.3,-65.1,-52.7,-44.1,-41.2,-38.9,-40.8,-42.8,-90.1,-95.1,-94.2,-87.5,-86.2,-86.6,-86.2,-92.4,-92.0,-86.9,-84.0,-84.1,-16.5,-23.0,-25.7,-23.7,-25.2,-22.0,-16.0,-5.2,-0.9,-0.4,-1.3,-5.8,-16.3,-19.2,-18.5,-18.8,-15.6,-10.1,-9.6,-10.6,736.0,736.7,737.9,739.2,736.4,729.0,716.8,699.6,688.7,688.1,695.3,702.2,705.4,705.8,704.0,702.0,701.8,708.0,699.4,690.1,680.4,673.8,668.0,666.9,667.9,668.8,671.0,669.4,662.9,656.5,650.2,670.5,665.4,661.5,661.2,661.7,699.0,692.9,688.6,685.9,688.7,692.8,674.5,672.0,670.2,671.3,669.7,671.4,690.6,675.4,666.6,663.5,661.9,665.5,673.4,668.1,665.7,667.5,670.8,678.7,686.9,669.0,665.5,664.0,672.9,666.4,668.1,671.5,0.597,0.085,0.275,0.002,323.206,140.300,-29.013,-11.789,-5.902,13.980,-7.664,-4.103,4.285,0.860,4.147,6.695,-1.559,-0.006,2.035,-1.119,0.688,-0.396,2.396,-1.843,-0.674,0.844,1.180,0.543,-0.267,0.581,-0.001,-0.452,0.537,0.102,0.037,-0.002,0.031,-0.005,0.022,0.077,0.32,0.23,1.15,0.00,0.82,3.85,0.00,0.48,0.19,0.00,0.00,0.11,0.00,0.02,0.62,0.16,0.00,0.00,0.00,1.00,0.00,1.00,1.00,0.00,0.00,1.00,0.00,0.00,0.00,0.00,0.00,0.00,0.00,0.00,0.00
87,0,8.600,0.88,1,-0.116897,0.182212,-0.976286,-0.260913,0.187748,-0.946929,-0.194,0.190,303.6,304.8,307.4,310.1,311.2,310.2,307.3,304.7,300.6,301.9,304.0,306.8,309.8,312.2,313.9,312.0,309.3,306.5,304.0,302.0,306.3,307.5,308.7,309.2,308.7,307.5,306.4,305.9,338.4,339.4,342.1,345.0,346.4,345.4,342.6,339.5,335.7,337.4,339.7,342.9,345.9,348.3,350.0,348.4,346.2,343.5,340.5,337.8,341.1,342.4,343.6,344.1,343.5,342.2,341.0,340.6,120.0,117.2,116.0,117.2,119.9,122.9,123.9,122.8,121.5,119.8,118.6,118.0,118.6,119.9,121.8,122.8,123.2,123.4,123.2,122.7,121.3,121.8,121.3,120.0,118.8,118.3,118.9,120.1,119.4,116.5,115.2,116.3,119.1,122.1,123.3,122.5,121.5,119.5,118.0,117.3,117.8,118.8,120.6,121.8,122.4,122.7,122.6,122.4,120.7,121.2,120.6,119.3,118.1,117.6,118.2,119.5,10.1,11.8,15.9,19.9,21.5,20.1,15.7,11.7,5.5,7.4,10.6,14.8,19.4,23.1,25.7,22.7,18.6,14.4,10.6,7.6,14.2,15.9,17.7,18.5,17.8,16.0,14.2,13.5,60.3,61.9,66.0,70.2,72.1,70.6,66.4,61.9,56.5,58.8,62.2,66.8,71.4,75.3,78.0,75.3,71.7,67.6,63.3,59.4,64.5,66.3,68.1,68.8,68.0,66.1,64.3,63.6,-74.5,-78.8,-80.5,-78.7,-74.4,-69.8,-68.4,-70.2,-72.8,-75.1,-76.5,-77.1,-76.3,-74.3,-71.6,-69.9,-69.3,-69.0,-69.5,-70.7,-72.5,-71.7,-72.5,-74.4,-76.2,-77.0,-76.3,-74.4,-72.3,-76.6,-78.6,-77.1,-72.8,-68.5,-66.5,-67.7,-69.4,-72.2,-74.2,-75.3,-74.8,-73.5,-71.3,-69.2,-68.0,-67.4,-67.5,-67.9,-70.5,-69.8,-70.7,-72.6,-74.4,-75.1,-74.3,-72.4,620.7,620.9,620.2,619.1,618.2,618.2,618.7,619.8,625.8,622.9,619.8,617.8,617.4,618.1,619.2,618.1,617.4,617.9,619.8,622.8,620.4,619.9,619.6,619.7,620.1,620.6,620.9,620.8,594.8,595.8,596.6,596.7,596.2,595.3,594.5,594.5,596.0,594.8,593.9,593.9,595.5,598.2,600.9,597.9,595.2,593.6,593.5,594.6,595.8,595.9,596.2,596.6,596.9,596.8,596.4,596.0,47.5,-42.7,697.7,0.160,0.254,-0.019,290.9,290.8,291.7,293.3,295.6,299.6,305.4,313.1,323.2,334.6,345.5,355.5,363.0,367.4,369.5,370.4,370.8,293.3,296.9,303.1,309.8,315.9,329.8,337.1,344.8,352.2,357.9,323.0,322.4,321.7,321.0,315.0,318.6,322.6,327.0,331.1,300.5,304.2,309.4,314.0,309.4,304.2,335.6,340.1,345.5,350.1,346.1,340.7,310.0,314.6,319.5,323.1,327.3,333.6,340.2,333.8,327.8,323.2,319.4,314.5,312.3,319.5,323.2,327.5,337.6,327.3,323.0,319.3,124.6,134.5,144.2,153.9,163.5,172.4,180.1,186.8,189.2,188.3,183.4,176.4,167.6,157.0,145.5,133.9,122.2,112.8,107.8,106.4,107.4,109.9,109.4,106.2,105.1,106.5,111.0,119.4,126.7,134.0,141.5,147.2,148.9,150.0,148.8,147.4,121.5,118.4,118.5,122.0,123.2,123.4,121.5,117.8,117.8,120.5,122.5,122.7,162.6,159.9,158.6,159.6,158.6,160.0,162.3,166.7,168.3,168.6,168.3,166.7,162.8,162.3,162.6,162.3,162.5,163.3,163.6,163.1,-11.3,-11.5,-9.7,-6.8,-2.6,4.8,15.1,28.4,45.6,65.3,85.5,104.3,118.5,126.6,130.0,131.0,131.4,-6.6,-0.1,10.6,21.8,31.9,55.0,67.3,80.3,93.0,103.1,43.7,42.3,40.8,39.3,30.4,36.3,42.6,50.0,56.9,6.1,12.5,21.5,29.3,21.4,12.5,65.6,72.9,82.1,90.1,82.9,74.0,22.5,29.9,37.8,43.7,50.6,61.4,73.5,61.9,51.4,43.9,37.6,29.8,26.3,37.9,43.9,51.0,68.9,50.8,43.7,37.6,-81.7,-63.6,-45.7,-28.0,-10.2,6.2,20.1,31.4,35.0,33.5,25.4,13.3,-2.5,-21.6,-42.1,-62.7,-83.4,-99.6,-107.2,-108.3,-105.2,-99.9,-99.9,-105.3,-107.3,-105.2,-98.0,-83.5,-70.5,-57.9,-45.1,-36.7,-33.8,-31.7,-33.7,-36.0,-83.3,-88.0,-87.2,-81.1,-79.2,-79.4,-80.7,-86.7,-86.6,-82.2,-78.6,-78.5,-11.0,-15.4,-17.5,-15.7,-17.4,-15.2,-11.5,-3.9,-1.1,-0.6,-1.2,-4.0,-10.7,-11.3,-10.7,-11.3,-11.0,-9.6,-9.0,-9.9,751.1,751.7,753.2,755.6,754.4,747.7,735.7,718.5,708.3,709.3,718.6,728.0,733.2,734.2,732.3,728.8,727.3,724.0,714.9,705.5,696.3,690.1,684.5,683.8,685.6,687.3,690.1,687.2,680.8,674.3,668.1,688.6,684.1,680.7,680.8,681.7,716.1,709.6,705.5,703.5,705.8,709.7,693.5,691.2,690.1,692.0,689.9,690.9,706.6,692.5,685.5,683.1,681.8,685.6,693.8,685.9,682.1,683.2,686.0,693.5,702.5,687.6,684.7,683.7,692.1,683.1,684.2,687.2,0.581,0.111,0.206,-0.011,324.997,143.863,-12.874,-20.109,-18.446,10.137,-8.877,3.442,-0.496,1.731,-0.084,7.780,-2.497,1.093,-0.345,-2.090,1.370,-2.598,0.730,-2.141,-1.588,0.648,0.613,-0.391,-0.448,-0.236,-0.110,-0.427,-0.029,0.021,-0.082,-0.043,0.033,-0.023,-0.017,0.042,0.41,0.34,1.19,0.00,0.81,3.90,0.03,0.47,0.21,0.00,0.00,0.14,0.00,0.09,0.45,0.16,0.00,0.00,0.00,1.00,0.00,1.00,1.00,0.00,0.00,1.00,0.00,0.00,0.00,0.00,0.00,0.00,0.00,0.00,0.00
88,0,8.700,0.98,1,-0.111105,0.167356,-0.979616,-0.260880,0.173993,-0.949562,-0.190,0.175,303.5,304.7,307.3,310.0,311.1,310.2,307.3,304.6,300.5,301.8,303.9,306.7,309.7,312.1,313.9,311.9,309.2,306.5,304.0,301.9,306.2,307.4,308.6,309.1,308.6,307.4,306.3,305.8,338.3,339.3,342.0,344.9,346.3,345.3,342.6,339.5,335.7,337.3,339.6,342.8,345.8,348.2,349.9,348.4,346.1,343.4,340.5,337.8,341.1,342.4,343.6,344.0,343.4,342.1,340.9,340.5,120.7,118.0,116.7,117.8,120.5,123.5,124.5,123.5,122.3,120.6,119.3,118.7,119.2,120.5,122.4,123.4,123.8,124.0,123.9,123.4,122.0,122.4,121.9,120.7,119.5,119.0,119.6,120.8,119.6,116.7,115.3,116.4,119.2,122.1,123.4,122.6,121.7,119.7,118.1,117.4,117.8,118.9,120.6,121.8,122.4,122.7,122.7,122.5,120.8,121.3,120.7,119.4,118.2,117.7,118.3,119.6,10.0,11.7,15.8,19.8,21.4,20.0,15.6,11.6,5.3,7.3,10.5,14.7,19.4,23.0,25.7,22.6,18.6,14.4,10.6,7.5,14.1,15.9,17.6,18.4,17.7,15.9,14.1,13.4,60.4,61.9,66.0,70.3,72.3,70.7,66.7,62.1,56.7,58.9,62.3,66.8,71.5,75.4,78.1,75.5,71.9,67.8,63.5,59.6,64.6,66.5,68.3,68.9,68.1,66.2,64.4,63.8,-73.6,-77.9,-79.7,-78.0,-73.7,-69.1,-67.6,-69.4,-71.8,-74.2,-75.7,-76.4,-75.6,-73.7,-70.9,-69.3,-68.6,-68.3,-68.7,-69.8,-71.7,-71.0,-71.7,-73.6,-75.5,-76.3,-75.5,-73.6,-72.3,-76.7,-78.7,-77.2,-73.0,-68.7,-66.6,-67.8,-69.3,-72.2,-74.3,-75.4,-75.0,-73.7,-71.5,-69.4,-68.2,-67.6,-67.6,-67.9,-70.6,-69.9,-70.8,-72.7,-74.6,-75.2,-74.3,-72.4,622.7,623.0,622.5,621.4,620.4,620.2,620.6,621.7,627.7,624.8,621.9,620.0,619.7,620.3,621.3,620.2,619.4,619.8,621.7,624.6,622.4,621.9,621.7,621.8,622.3,622.7,623.0,622.8,596.8,597.8,598.7,598.8,598.2,597.2,596.3,596.3,597.9,596.8,595.9,595.9,597.5,600.1,602.8,599.8,597.1,595.5,595.3,596.5,597.7,597.8,598.1,598.6,598.9,598.8,598.4,598.0,48.0,-42.1,702.0,0.151,0.251,-0.026,290.7,290.7,291.8,293.6,295.9,300.0,306.0,313.7,323.7,335.0,345.8,355.6,363.1,367.5,369.6,370.4,370.8,293.1,296.9,303.1,309.7,315.7,329.8,337.2,344.8,352.3,358.1,322.8,322.3,321.7,321.1,315.2,318.7,322.6,327.0,331.1,300.4,304.1,309.3,313.9,309.3,304.1,335.6,340.0,345.4,350.1,346.0,340.7,310.3,314.9,319.7,323.3,327.5,333.8,340.4,334.1,328.1,323.5,319.6,314.8,312.6,319.7,323.4,327.7,337.8,327.6,323.3,319.6,125.7,135.6,145.3,154.9,164.4,173.2,180.8,187.2,189.3,188.4,183.6,176.7,167.9,157.3,145.9,134.3,122.5,114.5,109.8,108.5,109.3,111.6,110.8,107.6,106.4,107.6,111.9,120.1,127.3,134.6,142.0,147.6,149.2,150.3,149.0,147.7,122.3,119.2,119.2,122.6,123.8,124.0,121.8,117.9,117.8,120.5,122.5,122.7,163.0,160.2,158.7,159.7,158.6,160.0,162.3,166.6,168.3,168.7,168.4,166.8,163.1,162.4,162.7,162.2,162.5,163.2,163.6,163.2,-11.6,-11.6,-9.6,-6.4,-2.0,5.6,16.2,29.5,46.6,66.3,86.5,105.2,119.6,127.8,131.2,132.2,132.5,-7.0,-0.2,10.6,21.8,31.9,55.5,67.9,80.9,93.8,104.3,43.8,42.5,41.1,39.7,30.9,36.7,43.0,50.4,57.3,5.9,12.5,21.5,29.4,21.4,12.5,66.1,73.3,82.5,90.6,83.4,74.5,23.3,30.5,38.4,44.3,51.3,62.2,74.2,62.8,52.3,44.7,38.3,30.5,27.1,38.5,44.6,51.8,69.7,51.6,44.3,38.3,-80.2,-62.0,-43.9,-26.3,-8.5,7.8,21.4,32.2,35.5,33.9,25.9,13.8,-2.0,-21.1,-41.7,-62.5,-83.4,-97.3,-104.4,-105.4,-102.6,-97.8,-98.4,-103.7,-106.0,-104.2,-97.4,-83.0,-70.0,-57.3,-44.5,-36.3,-33.4,-31.4,-33.5,-35.9,-82.5,-87.3,-86.8,-80.6,-78.7,-78.8,-80.8,-87.2,-87.2,-82.8,-79.2,-78.9,-10.5,-15.1,-17.4,-15.7,-17.5,-15.3,-11.5,-4.0,-1.1,-0.5,-1.1,-3.7,-10.2,-11.2,-10.7,-11.4,-11.0,-9.7,-9.1,-9.8,756.4,756.6,758.0,760.1,758.9,752.4,740.3,722.6,712.0,713.0,722.8,732.5,738.2,739.6,737.9,734.5,733.1,729.2,719.9,710.8,701.7,695.2,689.7,689.2,691.1,692.9,695.9,691.7,685.3,678.7,672.4,693.0,688.2,684.7,684.9,685.9,721.2,714.9,710.8,708.6,710.8,714.7,698.6,696.2,695.2,696.9,694.8,695.8,711.4,697.1,690.0,687.4,686.1,690.0,697.9,690.2,686.5,687.9,690.8,698.4,707.2,692.1,689.1,687.9,696.3,687.4,688.7,691.8,0.577,0.103,0.202,-0.019,325.118,144.378,-10.264,-21.032,-16.197,8.390,-8.866,4.434,-0.193,0.702,2.745,5.851,-0.256,1.769,0.455,-1.498,2.239,-1.508,1.400,-0.709,-1.184,0.259,0.759,-0.056,-0.275,0.151,0.089,-0.511,0.073,0.032,-0.056,-0.047,0.065,-0.017,0.000,0.068,0.41,0.43,1.36,0.00,0.72,3.86,0.03,0.26,0.32,0.01,0.00,0.03,0.00,0.19,0.00,0.14,0.00,0.00,0.00,1.00,0.00,1.00,1.00,0.00,0.00,1.00,0.00,0.00,0.00,0.00,0.00,0.00,0.00,0.00,0.00
89,0,8.800,0.98,1,-0.107529,0.177248,-0.978274,-0.254384,0.188638,-0.948528,-0.186,0.188,303.5,304.6,307.2,310.0,311.1,310.3,307.4,304.7,300.5,301.7,303.8,306.7,309.7,312.2,314.0,312.0,309.3,306.6,304.0,301.9,306.3,307.5,308.6,309.1,308.6,307.4,306.2,305.8,338.4,339.3,342.0,345.0,346.4,345.5,342.8,339.7,335.8,337.4,339.7,342.8,345.9,348.4,350.0,348.6,346.3,343.6,340.7,337.9,341.2,342.5,343.7,344.1,343.5,342.2,341.0,340.6,122.5,119.7,118.4,119.4,122.1,125.1,126.2,125.2,124.1,122.3,121.1,120.4,120.8,122.1,124.0,125.0,125.5,125.8,125.7,125.2,123.7,124.1,123.5,122.3,121.1,120.7,121.2,122.5,120.6,117.6,116.2,117.2,120.0,122.9,124.3,123.6,122.8,120.7,119.1,118.2,118.6,119.6,121.3,122.5,123.3,123.6,123.7,123.6,121.7,122.2,121.6,120.3,119.1,118.6,119.2,120.5,9.9,11.5,15.5,19.5,21.3,20.0,15.7,11.6,5.3,7.2,10.3,14.5,19.2,22.9,25.6,22.6,18.6,14.4,10.6,7.4,14.0,15.8,17.6,18.3,17.5,15.7,14.0,13.3,60.2,61.6,65.7,70.0,72.0,70.6,66.6,62.0,56.6,58.7,62.0,66.5,71.2,75.1,77.9,75.4,71.8,67.7,63.4,59.5,64.4,66.3,68.1,68.7,67.8,65.9,64.2,63.5,-70.3,-74.6,-76.5,-74.9,-70.6,-66.0,-64.4,-66.1,-68.4,-70.8,-72.3,-73.2,-72.5,-70.6,-67.9,-66.2,-65.5,-65.1,-65.4,-66.4,-68.5,-67.8,-68.6,-70.5,-72.3,-73.1,-72.2,-70.3,-70.4,-74.8,-77.0,-75.6,-71.4,-67.0,-64.9,-66.0,-67.3,-70.3,-72.5,-73.7,-73.4,-72.2,-70.1,-67.9,-66.6,-65.8,-65.7,-66.0,-68.8,-68.2,-69.1,-71.1,-72.9,-73.5,-72.6,-70.6,616.8,617.1,616.5,615.4,614.5,614.4,614.7,615.8,621.8,618.9,616.0,614.0,613.7,614.4,615.5,614.4,613.5,614.0,615.9,618.7,616.5,616.0,615.8,615.9,616.3,616.8,617.0,616.9,593.3,594.3,595.1,595.3,594.8,593.8,593.0,592.9,594.4,593.3,592.4,592.5,594.1,596.8,599.5,596.5,593.8,592.1,592.0,593.1,594.3,594.4,594.7,595.2,595.4,595.3,594.9,594.5,48.6,-38.5,696.7,0.169,0.244,-0.049,290.8,291.1,292.6,294.6,297.0,301.1,307.0,314.8,324.9,336.1,346.8,356.5,363.8,368.0,369.9,370.6,370.7,292.6,296.2,302.4,309.1,315.3,329.7,337.0,344.6,352.1,358.1,322.8,322.5,322.1,321.7,316.0,319.5,323.4,327.8,331.9,300.4,304.0,309.3,314.0,309.4,304.2,335.7,340.0,345.5,350.2,346.2,340.9,311.7,316.0,320.8,324.3,328.4,334.6,341.1,335.2,329.4,324.9,321.1,316.2,314.1,320.9,324.5,328.7,338.5,328.7,324.5,320.8,127.5,137.4,147.1,156.6,166.3,175.4,183.3,190.1,192.4,191.2,185.9,178.3,169.1,158.1,146.4,134.5,122.5,116.8,111.9,110.4,111.2,113.4,112.4,108.9,107.4,108.4,112.5,121.6,129.0,136.5,144.1,149.7,151.3,152.3,150.9,149.4,124.1,120.9,120.8,124.1,125.5,125.8,122.8,118.8,118.6,121.3,123.4,123.7,165.8,162.7,161.1,162.0,160.8,162.2,164.5,169.2,171.1,171.6,171.3,169.8,165.8,164.9,165.1,164.6,164.8,165.8,166.3,165.9,-11.4,-10.8,-8.1,-4.5,0.1,7.5,18.0,31.5,48.5,68.0,87.7,106.2,120.2,127.9,130.9,131.4,131.1,-7.7,-1.5,9.3,20.6,30.9,54.8,67.0,79.8,92.7,103.3,43.3,42.4,41.4,40.4,31.9,37.7,44.0,51.3,58.2,5.9,12.2,21.3,29.3,21.5,12.5,65.8,72.8,82.0,90.1,83.1,74.2,25.5,32.2,40.0,45.7,52.4,63.1,74.8,64.1,54.1,46.8,40.5,32.6,29.4,40.3,46.2,53.1,70.3,53.0,46.0,40.1,-76.1,-58.1,-40.3,-22.8,-4.9,11.7,25.9,37.2,40.6,38.6,29.8,16.6,0.1,-19.6,-40.5,-61.5,-82.7,-92.4,-99.9,-101.0,-98.4,-93.8,-94.9,-100.6,-103.3,-102.0,-95.5,-79.6,-66.5,-53.6,-40.6,-32.5,-29.6,-27.7,-30.1,-32.7,-78.6,-83.6,-83.3,-77.3,-75.2,-75.0,-78.4,-84.8,-85.1,-80.8,-77.0,-76.6,-5.6,-10.7,-13.3,-11.7,-13.6,-11.5,-7.7,0.4,3.6,4.4,3.9,1.3,-5.4,-7.0,-6.6,-7.3,-7.1,-5.3,-4.6,-5.2,747.8,748.6,750.4,753.2,752.6,747.0,736.4,719.5,708.7,709.2,718.6,728.2,733.8,734.7,732.6,728.3,726.1,722.6,713.1,703.9,695.1,689.0,684.0,683.2,684.8,686.6,689.7,685.5,679.3,673.0,666.9,687.6,682.9,679.5,679.8,680.8,714.8,708.5,704.4,702.3,704.7,708.6,692.7,690.2,689.1,690.9,689.0,690.0,705.9,691.8,684.8,682.4,681.0,684.9,692.6,685.4,682.3,683.8,686.7,693.7,701.6,687.3,684.3,683.1,691.1,682.9,684.2,687.2,0.582,0.126,0.192,-0.041,325.673,146.259,-14.967,-22.964,-17.189,13.763,-10.413,3.668,0.273,0.605,5.242,4.388,-0.557,2.521,0.539,-1.207,3.051,-2.251,1.986,-0.803,-1.222,0.498,0.814,-0.965,0.135,-0.047,0.178,-0.393,0.149,0.028,-0.094,-0.049,0.073,-0.035,0.007,0.051,0.12,0.28,1.47,0.00,0.72,3.90,0.03,0.21,0.34,0.06,0.00,0.03,0.00,0.30,0.01,0.33,0.00,0.00,0.00,1.00,0.00,1.00,1.00,0.00,0.00,1.00,0.00,0.00,0.00,0.00,0.00,0.00,0.00,0.00,0.00
90,0,8.900,0.98,1,-0.111409,0.163265,-0.980272,-0.257570,0.174454,-0.950381,-0.189,0.173,303.5,304.5,307.2,309.9,311.1,310.3,307.4,304.6,300.4,301.7,303.8,306.6,309.7,312.2,313.9,312.0,309.3,306.5,304.0,301.8,306.2,307.4,308.6,309.1,308.5,307.4,306.2,305.7,338.4,339.3,342.0,344.9,346.4,345.5,342.8,339.7,335.8,337.3,339.7,342.8,345.9,348.4,350.1,348.6,346.3,343.6,340.7,337.9,341.2,342.5,343.7,344.1,343.4,342.2,341.0,340.6,122.5,119.7,118.4,119.4,122.1,125.2,126.3,125.3,124.2,122.4,121.1,120.4,120.8,122.1,124.0,125.0,125.5,125.8,125.7,125.3,123.7,124.1,123.6,122.3,121.1,120.7,121.3,122.5,120.4,117.5,116.1,117.0,119.8,122.8,124.2,123.5,122.7,120.5,118.9,118.1,118.4,119.5,121.2,122.4,123.1,123.5,123.6,123.5,121.6,122.0,121.4,120.1,118.9,118.5,119.1,120.4,9.7,11.3,15.3,19.4,21.1,19.9,15.5,11.5,5.2,7.1,10.2,14.4,19.0,22.7,25.4,22.5,18.4,14.2,10.5,7.3,13.9,15.7,17.4,18.1,17.4,15.6,13.8,13.1,59.8,61.2,65.2,69.6,71.6,70.2,66.2,61.6,56.2,58.3,61.6,66.1,70.8,74.7,77.5,75.0,71.4,67.3,63.0,59.1,64.0,65.9,67.7,68.3,67.4,65.5,63.7,63.1,-69.9,-74.2,-76.1,-74.5,-70.3,-65.7,-64.1,-65.7,-67.9,-70.4,-72.0,-72.9,-72.2,-70.3,-67.6,-65.9,-65.1,-64.7,-65.0,-65.9,-68.1,-67.4,-68.2,-70.1,-72.0,-72.7,-71.8,-70.0,-70.2,-74.6,-76.8,-75.4,-71.3,-66.9,-64.7,-65.8,-67.1,-70.1,-72.3,-73.6,-73.2,-72.0,-69.8,-67.7,-66.4,-65.6,-65.5,-65.8,-68.6,-68.0,-68.9,-70.9,-72.7,-73.3,-72.3,-70.4,614.0,614.3,613.8,612.7,611.6,611.4,611.8,612.9,619.0,616.1,613.2,611.2,610.9,611.6,612.6,611.4,610.6,611.1,613.0,615.9,613.6,613.1,612.9,613.1,613.5,614.0,614.2,614.1,590.0,591.0,591.9,592.0,591.5,590.4,589.6,589.5,591.1,589.9,589.1,589.2,590.8,593.4,596.1,593.1,590.4,588.8,588.6,589.7,590.9,591.0,591.4,591.8,592.1,592.0,591.6,591.2,48.5,-38.1,693.3,0.151,0.252,-0.054,290.7,291.2,292.8,295.0,297.6,301.8,307.7,315.4,325.4,336.6,347.3,356.9,364.1,368.2,370.1,370.7,370.7,292.5,296.1,302.3,309.1,315.3,329.6,337.0,344.6,352.2,358.2,322.8,322.5,322.1,321.7,315.9,319.5,323.4,327.8,331.9,300.3,304.0,309.3,314.0,309.4,304.1,335.7,340.0,345.5,350.2,346.2,340.8,311.7,316.0,320.8,324.4,328.5,334.7,341.2,335.3,329.4,324.9,321.0,316.2,314.0,321.0,324.6,328.8,338.7,328.7,324.5,320.8,127.9,138.1,148.2,158.0,167.8,176.7,184.4,190.8,192.7,191.5,186.3,178.6,169.3,158.4,146.7,134.7,122.7,117.1,112.0,110.5,111.2,113.3,112.2,108.8,107.3,108.3,112.5,121.4,128.9,136.4,144.1,149.8,151.3,152.4,150.9,149.4,124.2,120.9,120.7,124.1,125.5,125.9,122.8,118.7,118.4,121.1,123.3,123.6,166.0,162.8,161.1,162.0,160.8,162.2,164.5,169.2,171.2,171.6,171.4,169.9,166.0,164.9,165.1,164.6,164.9,165.8,166.3,166.0,-11.4,-10.6,-7.6,-3.8,1.1,8.8,19.2,32.3,49.0,68.3,88.0,106.2,119.9,127.4,130.3,130.7,130.5,-8.0,-1.6,9.2,20.5,30.8,54.5,66.7,79.6,92.6,103.2,43.2,42.2,41.2,40.1,31.7,37.4,43.7,51.1,57.9,5.8,12.1,21.2,29.1,21.3,12.3,65.4,72.5,81.6,89.7,82.8,73.8,25.4,32.1,39.7,45.5,52.2,62.9,74.7,63.9,53.8,46.5,40.2,32.4,29.1,40.1,46.0,52.9,70.2,52.8,45.8,39.9,-75.2,-56.6,-38.2,-20.3,-2.3,14.1,27.6,38.1,41.0,38.9,30.2,17.1,0.6,-19.0,-39.8,-60.8,-82.0,-91.6,-99.3,-100.7,-98.2,-93.7,-94.8,-100.5,-103.1,-101.8,-95.2,-79.7,-66.5,-53.6,-40.5,-32.2,-29.4,-27.6,-29.9,-32.6,-78.1,-83.2,-83.0,-77.0,-74.8,-74.6,-78.2,-84.8,-85.1,-80.7,-76.9,-76.5,-5.2,-10.4,-13.2,-11.6,-13.6,-11.4,-7.6,0.4,3.6,4.4,4.0,1.5,-5.1,-6.9,-6.6,-7.4,-7.0,-5.3,-4.5,-5.1,746.7,747.3,748.7,750.8,749.3,743.1,731.8,714.5,703.7,704.4,713.9,723.5,729.0,730.0,728.1,724.3,722.6,720.6,711.1,701.9,692.9,686.4,681.4,680.9,682.5,684.3,687.5,682.9,676.4,669.8,663.5,684.2,679.2,675.7,676.0,677.1,712.1,706.0,701.9,699.6,701.9,705.8,690.0,687.6,686.5,688.2,686.2,687.3,702.4,688.4,681.3,678.8,677.4,681.2,688.8,681.5,678.3,679.7,682.7,689.9,698.1,683.6,680.6,679.5,687.3,679.1,680.3,683.4,0.585,0.110,0.202,-0.046,325.758,146.410,-14.862,-19.505,-16.205,13.746,-9.373,5.045,0.536,0.084,4.946,3.910,-0.339,2.239,0.643,-0.952,2.845,-1.897,2.275,-0.883,-1.201,0.480,0.884,-0.892,0.014,0.106,0.105,-0.368,0.065,0.036,-0.078,-0.034,0.077,-0.042,0.005,0.053,0.04,0.17,1.49,0.00,0.72,3.78,0.16,0.11,0.27,0.06,0.00,0.12,0.00,0.33,0.01,0.33,0.00,0.00,0.00,1.00,0.00,1.00,1.00,0.00,0.00,1.00,0.00,0.00,0.00,0.00,0.00,0.00,0.00,0.00,0.00
91,0,9.000,0.98,1,-0.122137,0.127694,-0.984264,-0.275121,0.129055,-0.952708,-0.202,0.132,301.8,303.0,305.7,308.4,309.4,308.5,305.5,302.8,298.7,300.0,302.1,305.0,308.1,310.5,312.2,310.2,307.5,304.7,302.1,300.1,304.5,305.7,306.9,307.4,306.9,305.8,304.6,304.1,336.8,337.8,340.7,343.6,345.0,344.0,341.2,338.0,334.1,335.7,338.1,341.4,344.5,347.0,348.8,347.1,344.8,342.0,339.0,336.2,339.7,341.0,342.2,342.7,342.1,340.8,339.5,339.1,118.9,116.1,114.9,115.9,118.7,121.7,122.7,121.6,120.6,118.7,117.4,116.7,117.3,118.7,120.7,121.7,122.0,122.2,122.1,121.7,120.2,120.6,120.1,118.9,117.7,117.2,117.7,119.0,117.9,114.9,113.6,114.7,117.6,120.5,121.8,121.0,120.1,117.9,116.3,115.6,116.1,117.3,119.2,120.3,120.9,121.1,121.1,120.9,119.2,119.7,119.1,117.8,116.6,116.1,116.6,117.9,7.1,8.9,13.0,17.0,18.5,17.1,12.7,8.7,2.5,4.5,7.7,11.9,16.5,20.1,22.7,19.7,15.6,11.4,7.7,4.6,11.2,13.0,14.8,15.5,14.8,13.1,11.3,10.5,56.6,58.2,62.3,66.6,68.4,66.8,62.7,58.2,52.9,55.1,58.4,63.0,67.7,71.6,74.3,71.6,67.9,63.8,59.6,55.7,60.8,62.6,64.4,65.1,64.3,62.4,60.6,60.0,-74.9,-79.2,-81.0,-79.2,-74.9,-70.4,-68.9,-70.7,-72.9,-75.5,-77.1,-77.9,-77.0,-74.9,-72.0,-70.4,-69.8,-69.6,-69.9,-71.0,-73.0,-72.2,-73.0,-74.8,-76.7,-77.5,-76.7,-74.8,-72.7,-77.1,-79.0,-77.5,-73.3,-68.9,-67.0,-68.2,-69.7,-72.6,-74.8,-75.9,-75.3,-73.9,-71.5,-69.5,-68.4,-67.9,-67.9,-68.3,-70.9,-70.2,-71.1,-73.0,-74.8,-75.5,-74.7,-72.8,610.2,610.7,610.2,609.0,607.7,607.4,607.7,608.9,615.1,612.4,609.5,607.5,607.1,607.6,608.5,607.4,606.6,607.1,609.0,611.9,609.7,609.2,609.0,609.2,609.7,610.2,610.5,610.2,580.4,581.5,582.3,582.4,581.6,580.4,579.6,579.8,581.5,580.4,579.6,579.5,581.0,583.4,585.9,582.9,580.3,578.8,578.8,580.0,581.2,581.2,581.5,582.0,582.4,582.4,582.0,581.5,44.4,-43.2,687.9,0.100,0.278,-0.024,289.1,289.5,291.0,292.9,295.7,300.1,306.1,313.3,323.2,334.5,345.5,355.3,362.5,366.6,368.5,369.5,369.9,290.7,294.4,300.9,307.8,314.1,328.1,336.0,344.2,352.2,358.0,321.3,320.5,319.6,318.7,313.0,316.5,320.3,324.8,329.0,298.6,302.4,307.7,312.3,307.6,302.2,334.0,338.5,344.2,348.9,344.6,339.1,308.7,312.9,317.6,321.0,325.1,331.3,338.1,331.6,325.6,321.2,317.5,312.9,310.9,317.7,321.2,325.4,335.3,325.3,321.1,317.6,124.4,135.3,146.1,156.4,166.3,174.9,181.8,187.1,188.6,187.4,182.6,175.9,167.3,156.9,145.7,134.2,122.6,114.6,109.0,107.2,107.8,110.2,109.6,106.6,105.7,107.3,112.4,118.1,125.3,132.4,139.7,145.9,147.2,148.3,147.1,145.7,120.6,117.2,117.2,120.8,122.0,122.3,120.2,116.1,116.1,119.1,121.0,121.1,162.0,158.7,156.9,157.9,156.8,158.5,161.2,165.2,166.8,167.2,166.9,165.6,161.9,160.6,160.8,160.4,161.3,161.5,162.0,161.7,-14.6,-13.9,-11.1,-7.6,-2.5,5.7,16.1,28.2,44.6,63.9,84.0,102.2,115.8,123.2,126.5,127.8,128.6,-11.1,-4.5,6.7,18.2,28.7,51.6,64.8,78.7,92.4,102.8,40.4,38.6,36.8,35.0,26.6,32.2,38.3,45.7,52.5,2.7,9.3,18.4,26.1,18.1,9.0,62.2,69.7,79.1,87.2,79.7,70.6,20.0,26.5,34.0,39.5,46.2,56.8,68.8,57.2,47.0,39.9,33.9,26.5,23.6,34.4,40.0,46.9,64.0,46.7,39.8,34.2,-82.2,-62.1,-42.2,-23.1,-4.9,10.7,22.7,31.2,33.3,31.3,23.6,12.0,-3.1,-21.4,-41.1,-61.3,-81.8,-96.1,-104.5,-106.2,-103.6,-98.4,-98.7,-103.7,-105.6,-103.2,-95.4,-84.7,-72.0,-59.7,-47.2,-38.5,-35.9,-34.0,-36.0,-38.3,-84.1,-89.3,-88.9,-82.3,-80.5,-80.5,-82.1,-88.8,-88.7,-83.8,-80.4,-80.3,-12.0,-17.3,-20.0,-18.3,-20.1,-17.4,-13.1,-6.3,-3.6,-3.0,-3.4,-5.8,-12.1,-14.0,-13.5,-14.2,-12.8,-12.3,-11.6,-12.1,752.7,752.3,751.9,751.2,747.0,738.2,723.8,705.0,694.5,695.7,706.2,715.5,721.1,722.5,721.6,719.4,719.5,720.9,710.9,701.0,691.0,683.1,678.0,678.3,680.5,682.9,687.0,679.3,672.0,664.5,657.4,678.2,673.2,669.2,669.4,670.5,709.8,703.9,699.6,696.9,699.0,703.2,687.1,685.1,684.0,685.6,683.2,684.3,696.4,682.0,674.5,672.1,670.9,674.8,682.6,674.3,670.6,672.0,674.9,682.8,692.3,676.5,673.6,672.7,680.9,672.0,673.1,676.2,0.588,0.051,0.239,-0.020,323.551,143.254,-0.246,-7.044,-13.207,8.706,-5.380,4.968,1.516,-0.439,6.226,2.463,-0.259,0.632,1.681,-0.977,2.635,0.021,2.841,-0.224,-0.719,0.986,1.141,-0.421,-0.422,0.362,0.381,-0.264,0.102,-0.046,-0.032,-0.018,0.057,0.005,-0.023,0.077,0.00,0.07,1.34,0.00,0.67,3.77,0.17,0.11,0.11,0.05,0.01,0.12,0.00,0.22,0.29,0.19,0.23,0.00,0.00,1.00,0.00,1.00,1.00,0.00,0.00,1.00,0.00,0.00,0.00,0.00,0.00,0.00,0.00,0.00,0.00
92,0,9.100,0.98,1,-0.135917,0.165221,-0.976846,-0.298274,0.164273,-0.940238,-0.223,0.170,301.2,302.3,305.0,307.5,308.5,307.5,304.7,302.2,298.1,299.4,301.5,304.3,307.2,309.5,311.1,309.2,306.6,303.9,301.5,299.4,303.8,304.9,306.0,306.5,306.1,305.0,303.8,303.3,335.4,336.5,339.3,342.1,343.3,342.2,339.4,336.4,332.8,334.4,336.7,339.8,342.8,345.3,347.0,345.3,342.9,340.2,337.3,334.7,338.1,339.3,340.5,341.0,340.5,339.3,338.1,337.6,119.0,116.3,115.2,116.3,118.9,121.8,122.7,121.6,120.5,118.8,117.7,117.1,117.7,119.0,120.8,121.7,121.9,122.1,121.9,121.5,120.2,120.7,120.2,119.1,117.9,117.4,117.9,119.1,118.9,116.0,114.9,116.0,118.8,121.6,122.8,121.9,120.8,118.9,117.6,117.0,117.5,118.7,120.4,121.4,121.9,122.0,121.9,121.7,120.2,120.7,120.2,119.0,117.7,117.2,117.8,119.0,6.6,8.4,12.6,16.6,18.1,16.6,12.1,8.1,1.7,3.9,7.2,11.5,16.1,19.7,22.2,19.2,15.1,10.9,7.0,3.9,10.7,12.4,14.2,15.0,14.4,12.6,10.8,10.0,57.2,59.0,63.2,67.4,69.1,67.3,63.1,58.7,53.5,55.8,59.1,63.7,68.4,72.3,75.1,72.2,68.4,64.2,60.0,56.2,61.4,63.2,65.0,65.8,65.0,63.2,61.4,60.6,-79.0,-83.3,-84.9,-83.1,-78.8,-74.2,-72.8,-74.7,-77.2,-79.5,-80.9,-81.5,-80.6,-78.6,-75.9,-74.4,-73.9,-73.7,-74.2,-75.2,-76.9,-76.1,-76.9,-78.7,-80.6,-81.4,-80.7,-78.8,-74.8,-79.1,-80.9,-79.2,-74.9,-70.6,-68.8,-70.2,-72.0,-74.7,-76.6,-77.4,-76.7,-75.3,-73.0,-71.2,-70.2,-69.8,-70.0,-70.6,-72.8,-72.1,-72.9,-74.8,-76.6,-77.4,-76.6,-74.7,644.2,644.7,644.3,643.2,642.1,641.7,642.0,643.1,649.1,646.3,643.5,641.6,641.3,642.0,642.9,641.7,640.8,641.2,643.1,646.0,643.9,643.4,643.2,643.5,644.0,644.4,644.6,644.4,608.6,609.6,610.2,610.0,609.1,608.1,607.6,608.0,610.0,608.7,607.6,607.3,608.5,610.8,613.3,610.4,608.0,606.7,606.9,608.3,609.2,609.1,609.4,609.8,610.2,610.2,610.0,609.6,41.7,-43.3,690.8,0.125,0.306,-0.001,288.9,288.8,289.8,291.3,293.7,297.8,303.3,310.2,320.0,331.5,342.9,353.0,360.6,365.1,367.3,368.5,369.4,290.9,294.5,300.6,307.2,313.3,326.8,334.8,342.9,350.7,356.3,320.0,318.9,317.9,316.8,311.0,314.6,318.4,322.9,327.1,298.0,301.8,306.8,311.2,306.6,301.6,332.6,337.1,342.5,347.2,342.8,337.5,306.1,309.9,314.9,318.6,322.9,329.8,336.8,330.1,323.5,318.7,314.7,309.8,308.2,315.0,318.7,323.2,334.1,323.3,318.7,314.9,123.0,133.7,144.3,154.6,164.6,173.5,180.9,187.0,189.2,188.2,183.4,176.5,167.8,157.3,146.0,134.6,123.1,112.9,107.5,105.7,106.5,109.0,108.8,106.0,105.5,107.5,112.5,118.3,125.0,131.6,138.5,145.0,146.5,147.6,146.6,145.4,120.5,117.6,117.6,120.9,122.0,122.0,120.9,117.4,117.6,120.4,121.9,121.9,161.6,157.9,156.2,157.3,156.3,158.3,161.8,167.1,169.2,169.5,169.0,166.8,161.7,160.0,160.4,160.2,161.9,163.8,164.1,163.6,-14.9,-15.1,-13.4,-10.5,-6.1,1.4,11.2,23.0,39.5,59.0,79.4,98.0,111.8,119.8,123.4,125.4,127.0,-10.9,-4.3,6.2,17.3,27.4,49.6,62.8,76.5,89.7,99.5,38.3,36.2,34.1,32.1,23.4,29.1,35.2,42.7,49.6,1.7,8.3,16.9,24.3,16.5,7.9,59.8,67.1,76.0,84.0,76.4,67.8,15.5,21.8,29.7,35.6,42.7,54.3,66.7,54.9,43.8,36.0,29.5,21.7,19.2,30.0,36.0,43.3,62.2,43.4,36.0,29.9,-84.8,-65.1,-45.5,-26.5,-8.1,8.2,21.2,31.3,34.6,32.9,25.0,13.2,-2.1,-20.6,-40.3,-60.3,-80.6,-99.2,-107.2,-108.8,-106.0,-100.5,-100.0,-104.6,-105.8,-102.7,-94.8,-84.5,-72.6,-61.1,-49.3,-40.0,-37.3,-35.2,-36.9,-38.9,-84.5,-88.8,-88.2,-82.2,-80.7,-81.0,-80.9,-86.5,-86.0,-81.5,-78.6,-78.8,-12.6,-18.7,-21.3,-19.4,-20.9,-17.7,-12.2,-3.1,0.3,0.8,0.1,-3.7,-12.5,-14.9,-14.2,-14.6,-11.9,-8.7,-8.2,-9.1,751.9,751.7,752.2,752.7,749.1,741.0,727.4,709.3,698.5,698.3,706.6,713.9,717.6,718.2,716.7,715.1,715.8,721.4,712.0,702.0,691.9,684.3,678.3,678.1,679.6,681.2,684.2,680.0,673.7,667.1,660.7,681.1,676.2,672.2,672.0,672.4,710.7,704.5,700.3,697.6,700.0,704.0,686.3,683.8,682.3,683.5,681.7,683.2,701.0,685.6,677.0,674.0,672.3,676.0,684.5,677.5,674.4,676.2,679.5,688.2,697.2,679.2,675.8,674.3,683.6,675.2,676.8,680.3,0.588,0.072,0.275,0.003,321.843,143.260,-14.068,-9.666,-7.919,7.151,-6.641,-3.749,1.930,-1.071,4.272,6.220,-2.832,0.353,0.766,-1.258,0.163,1.014,2.025,-2.247,-2.096,-0.619,1.640,-0.673,0.105,-0.242,-0.329,-0.220,0.241,0.128,0.022,0.033,0.091,0.007,-0.018,0.050,0.00,0.00,1.35,0.00,0.64,3.85,0.26,0.26,0.00,0.00,0.02,0.12,0.07,0.09,0.52,0.00,0.48,0.00,0.00,1.00,0.00,1.00,1.00,1.00,0.00,0.00,0.00,0.00,0.00,0.00,0.00,0.00,0.00,0.00,1.00
93,0,9.200,0.98,1,-0.139955,0.167213,-0.975937,-0.298119,0.166658,-0.939867,-0.225,0.173,300.2,301.4,304.0,306.6,307.5,306.6,303.7,301.2,297.1,298.5,300.6,303.3,306.2,308.5,310.1,308.2,305.6,302.9,300.5,298.5,302.8,303.9,305.0,305.6,305.1,304.0,302.9,302.4,334.3,335.4,338.2,341.0,342.2,341.1,338.3,335.3,331.7,333.3,335.6,338.7,341.8,344.2,345.9,344.2,341.8,339.1,336.2,333.6,337.0,338.2,339.4,339.9,339.4,338.2,337.0,336.5,118.4,115.8,114.7,115.8,118.4,121.3,122.2,121.1,120.0,118.3,117.2,116.7,117.2,118.5,120.3,121.1,121.4,121.5,121.4,120.9,119.7,120.2,119.7,118.5,117.4,116.9,117.4,118.6,118.5,115.7,114.5,115.7,118.5,121.3,122.5,121.6,120.4,118.6,117.3,116.7,117.3,118.4,120.1,121.1,121.5,121.7,121.5,121.3,119.9,120.4,119.9,118.7,117.4,116.9,117.4,118.6,5.1,6.9,11.1,15.1,16.6,15.1,10.6,6.6,0.2,2.3,5.6,10.0,14.5,18.2,20.7,17.7,13.6,9.3,5.5,2.3,9.1,10.9,12.7,13.5,12.9,11.1,9.3,8.5,55.6,57.4,61.6,65.8,67.5,65.7,61.5,57.0,51.8,54.1,57.6,62.1,66.8,70.7,73.5,70.6,66.8,62.6,58.3,54.5,59.7,61.6,63.4,64.2,63.4,61.6,59.8,59.0,-80.0,-84.3,-85.9,-84.1,-79.7,-75.2,-73.8,-75.7,-78.2,-80.4,-81.8,-82.5,-81.6,-79.6,-76.8,-75.4,-74.9,-74.8,-75.2,-76.3,-77.9,-77.1,-77.9,-79.7,-81.6,-82.4,-81.7,-79.8,-75.3,-79.6,-81.4,-79.7,-75.4,-71.1,-69.3,-70.7,-72.6,-75.2,-77.1,-77.8,-77.1,-75.7,-73.4,-71.7,-70.7,-70.4,-70.6,-71.2,-73.3,-72.6,-73.4,-75.2,-77.1,-77.9,-77.1,-75.2,645.5,646.1,645.7,644.5,643.4,643.0,643.2,644.3,650.4,647.6,644.8,642.9,642.7,643.3,644.2,643.0,642.1,642.5,644.3,647.2,645.2,644.7,644.5,644.8,645.3,645.8,645.9,645.7,608.7,609.7,610.3,610.1,609.3,608.3,607.7,608.1,610.1,608.8,607.7,607.4,608.7,611.0,613.4,610.5,608.1,606.8,606.9,608.4,609.3,609.2,609.5,609.9,610.3,610.4,610.1,609.7,39.2,-43.1,684.7,0.124,0.310,0.010,288.2,287.8,288.6,290.1,292.2,296.2,301.5,308.3,318.1,329.6,341.0,351.3,359.3,364.1,366.5,367.9,368.9,290.1,293.7,299.7,306.4,312.5,325.6,333.7,342.0,350.0,355.6,318.7,317.6,316.5,315.3,309.5,313.1,316.9,321.5,325.9,297.0,300.8,305.8,310.2,305.6,300.6,331.5,336.0,341.4,346.1,341.6,336.4,304.5,308.3,313.4,317.1,321.7,328.7,335.8,329.0,322.2,317.3,313.2,308.2,306.7,313.5,317.3,321.9,333.2,322.0,317.3,313.4,122.3,133.0,143.6,153.9,164.0,173.2,181.1,187.7,190.2,189.4,184.7,177.7,168.8,158.1,146.4,134.6,122.7,112.3,106.9,105.2,105.9,108.5,108.3,105.5,105.0,107.3,112.6,117.8,124.5,131.1,138.0,144.5,146.1,147.3,146.2,145.1,120.0,117.1,117.2,120.4,121.4,121.5,120.5,117.1,117.3,120.1,121.6,121.6,161.4,157.6,155.9,157.1,156.2,158.2,161.8,167.6,169.8,170.1,169.6,167.1,161.5,159.8,160.2,160.0,161.9,164.3,164.6,164.0,-16.1,-16.7,-15.3,-12.7,-8.7,-1.5,7.9,19.6,35.9,55.3,75.5,94.2,108.5,117.1,121.0,123.2,124.9,-12.1,-5.7,4.7,15.7,25.7,47.0,60.4,74.3,87.6,97.4,35.8,33.7,31.5,29.3,20.7,26.4,32.4,40.0,47.1,-0.0,6.5,15.1,22.4,14.7,6.2,57.4,64.8,73.5,81.4,73.9,65.3,12.8,18.9,26.9,32.9,40.2,52.0,64.6,52.7,41.4,33.4,26.8,18.8,16.5,27.2,33.2,40.7,60.2,41.0,33.4,27.1,-85.2,-65.7,-46.4,-27.5,-9.1,7.5,21.3,32.3,36.1,34.6,26.9,15.1,-0.3,-19.1,-39.3,-59.7,-80.4,-99.5,-107.5,-108.9,-106.0,-100.6,-99.9,-104.5,-105.5,-102.0,-93.8,-84.5,-72.8,-61.4,-49.7,-40.5,-37.6,-35.5,-37.2,-39.0,-84.7,-89.0,-88.3,-82.4,-81.0,-81.4,-80.8,-86.2,-85.6,-81.1,-78.4,-78.7,-12.9,-19.0,-21.6,-19.5,-21.0,-17.7,-12.0,-2.3,1.3,1.8,0.9,-3.2,-12.7,-15.2,-14.5,-14.8,-11.7,-7.6,-7.2,-8.2,744.4,744.2,744.8,745.7,742.4,734.9,722.1,704.1,693.2,692.7,700.5,707.5,711.0,711.7,710.3,708.7,709.2,715.8,706.4,696.1,686.0,678.5,672.1,671.7,673.3,674.9,677.9,673.9,667.4,660.7,654.3,675.0,669.9,665.8,665.7,666.2,705.1,698.9,694.7,691.9,694.4,698.4,679.9,677.4,675.8,676.8,675.1,676.7,695.8,679.9,670.9,667.7,665.9,669.6,678.3,671.6,668.6,670.6,674.1,683.0,692.0,673.2,669.6,667.9,677.6,669.3,671.2,674.9,0.593,0.071,0.280,0.014,320.613,143.142,-16.692,-13.072,-4.275,9.792,-8.299,-4.468,2.475,-1.407,5.092,5.757,-3.458,0.030,-0.038,-1.565,-0.093,1.019,1.435,-2.843,-1.978,-1.001,1.442,-0.520,0.122,-0.079,-0.485,-0.366,0.235,0.161,0.055,0.002,0.103,-0.019,-0.031,0.039,0.00,0.00,1.42,0.00,0.59,3.85,0.13,0.50,0.00,0.00,0.02,0.02,0.16,0.00,0.78,0.00,0.84,0.00,0.00,1.00,0.00,1.00,1.00,1.00,0.00,0.00,0.00,0.00,0.00,0.00,0.00,0.00,0.00,0.00,1.00
94,0,9.300,0.98,1,-0.147468,0.161674,-0.975763,-0.304797,0.160911,-0.938726,-0.232,0.167,299.5,300.7,303.3,305.9,306.8,305.9,303.0,300.5,296.4,297.8,299.9,302.6,305.5,307.8,309.4,307.5,304.9,302.2,299.8,297.8,302.1,303.2,304.4,304.9,304.4,303.3,302.2,301.7,333.7,334.8,337.6,340.5,341.7,340.5,337.7,334.7,331.0,332.7,335.0,338.1,341.2,343.7,345.4,343.7,341.3,338.5,335.6,333.0,336.4,337.7,338.9,339.4,338.9,337.6,336.4,335.9,117.7,115.1,114.0,115.0,117.7,120.6,121.5,120.4,119.3,117.6,116.5,115.9,116.5,117.8,119.6,120.4,120.6,120.8,120.6,120.2,119.0,119.5,119.0,117.8,116.7,116.2,116.7,117.8,117.7,114.9,113.7,114.9,117.7,120.5,121.7,120.8,119.6,117.8,116.4,115.9,116.5,117.6,119.3,120.3,120.7,120.9,120.7,120.5,119.1,119.6,119.1,117.8,116.6,116.1,116.6,117.8,3.9,5.8,10.0,14.0,15.5,13.9,9.5,5.5,-0.9,1.2,4.5,8.8,13.4,17.0,19.6,16.5,12.4,8.2,4.4,1.2,8.0,9.8,11.6,12.4,11.7,10.0,8.2,7.4,54.3,56.1,60.3,64.5,66.2,64.4,60.2,55.7,50.5,52.9,56.3,60.8,65.5,69.4,72.2,69.3,65.5,61.3,57.0,53.2,58.5,60.3,62.1,62.9,62.2,60.3,58.5,57.7,-81.0,-85.2,-86.9,-85.0,-80.7,-76.1,-74.8,-76.6,-79.1,-81.4,-82.8,-83.4,-82.5,-80.5,-77.8,-76.4,-75.9,-75.8,-76.2,-77.2,-78.9,-78.1,-78.8,-80.7,-82.6,-83.4,-82.7,-80.8,-76.0,-80.3,-82.1,-80.4,-76.1,-71.7,-69.9,-71.4,-73.3,-75.9,-77.7,-78.5,-77.8,-76.4,-74.2,-72.4,-71.4,-71.1,-71.3,-71.8,-74.0,-73.2,-74.0,-75.9,-77.8,-78.6,-77.8,-75.9,644.2,644.7,644.3,643.1,641.9,641.5,641.8,643.0,649.1,646.3,643.5,641.6,641.2,641.8,642.7,641.5,640.7,641.1,643.0,645.9,643.8,643.3,643.1,643.4,643.9,644.4,644.6,644.3,604.5,605.5,606.1,605.9,605.0,604.0,603.4,603.8,605.8,604.6,603.5,603.1,604.4,606.7,609.1,606.2,603.8,602.5,602.7,604.1,605.0,604.9,605.2,605.6,606.0,606.1,605.9,605.4,38.1,-44.7,686.1,0.117,0.318,0.014,288.0,287.6,288.4,289.8,291.9,295.8,301.0,307.7,317.3,328.6,340.0,350.5,358.6,363.6,366.1,367.5,368.5,289.6,293.2,299.1,305.6,311.6,324.9,332.9,341.2,349.2,354.9,317.9,316.8,315.6,314.4,308.8,312.2,316.0,320.7,325.0,296.3,300.1,305.1,309.5,304.9,299.9,330.8,335.4,340.8,345.6,341.1,335.8,303.8,307.6,312.6,316.3,320.8,327.9,335.1,328.2,321.4,316.5,312.4,307.5,306.0,312.6,316.4,321.0,332.5,321.1,316.5,312.6,121.5,132.1,142.6,152.9,163.0,172.1,179.9,186.5,189.0,188.3,183.9,177.2,168.6,157.9,146.2,134.3,122.4,111.5,106.2,104.5,105.2,107.7,107.5,104.7,104.3,106.4,111.5,117.0,123.6,130.1,136.9,143.6,145.1,146.2,145.2,144.1,119.3,116.3,116.4,119.7,120.7,120.7,119.7,116.3,116.5,119.3,120.8,120.8,160.5,156.6,154.8,155.9,155.0,157.2,160.8,166.6,168.8,169.1,168.6,166.1,160.6,158.7,159.1,158.9,160.9,163.3,163.6,163.0,-16.5,-17.1,-15.8,-13.2,-9.3,-2.2,7.1,18.5,34.5,53.7,73.9,92.8,107.4,116.3,120.4,122.6,124.4,-13.1,-6.6,3.7,14.6,24.4,46.0,59.3,73.1,86.4,96.3,34.6,32.4,30.2,27.9,19.5,25.1,31.1,38.7,45.8,-1.2,5.3,13.9,21.3,13.5,5.0,56.5,63.9,72.8,80.7,73.1,64.5,11.6,17.6,25.6,31.6,38.8,50.7,63.4,51.5,40.0,32.1,25.4,17.6,15.3,25.8,31.9,39.3,59.0,39.6,32.0,25.8,-86.8,-67.5,-48.2,-29.4,-11.0,5.6,19.3,30.2,34.0,32.8,25.6,14.2,-0.7,-19.3,-39.7,-60.3,-81.2,-101.2,-109.1,-110.4,-107.6,-102.1,-101.5,-106.0,-107.0,-103.7,-95.6,-86.1,-74.4,-63.1,-51.5,-42.2,-39.4,-37.2,-38.9,-40.7,-86.2,-90.5,-89.8,-83.8,-82.5,-82.9,-82.3,-87.7,-87.2,-82.6,-79.9,-80.2,-14.6,-20.8,-23.4,-21.4,-22.8,-19.5,-13.7,-4.0,-0.4,0.1,-0.7,-4.9,-14.3,-17.0,-16.3,-16.6,-13.4,-9.4,-9.0,-10.0,746.1,745.7,746.2,747.1,744.0,736.3,723.3,705.1,693.8,693.1,700.8,708.0,711.6,712.4,711.0,709.6,710.1,718.3,708.8,698.5,688.2,680.6,673.9,673.3,674.6,675.9,678.6,675.6,669.0,662.3,655.7,676.5,671.3,667.0,666.8,667.1,707.6,701.3,696.9,693.8,696.5,700.7,681.2,678.9,677.2,677.9,676.4,678.1,697.1,681.1,672.0,668.7,666.8,670.4,678.9,672.2,669.3,671.4,674.9,684.2,693.2,674.2,670.5,668.7,678.2,670.1,672.1,675.9,0.592,0.061,0.291,0.018,319.923,142.266,-15.784,-15.111,-4.127,9.607,-8.174,-4.740,2.093,0.476,5.333,5.116,-3.341,0.680,0.176,-1.277,-0.643,1.102,1.188,-2.660,-2.407,-0.767,1.397,-0.384,0.219,0.038,-0.603,-0.471,0.336,0.128,0.035,0.003,0.104,-0.015,-0.027,0.044,0.00,0.00,1.62,0.00,0.65,3.73,0.16,0.58,0.00,0.00,0.16,0.10,0.16,0.00,0.79,0.00,0.61,0.00,0.00,1.00,0.00,1.00,1.00,1.00,0.00,0.00,0.00,0.00,0.00,0.00,0.00,0.00,0.00,0.00,1.00
95,0,9.400,0.98,1,-0.153540,0.146521,-0.977219,-0.310803,0.145993,-0.939195,-0.238,0.151,299.7,300.9,303.5,306.1,307.0,306.0,303.2,300.6,296.7,298.0,300.0,302.8,305.7,308.0,309.7,307.7,305.1,302.4,300.0,298.0,302.3,303.4,304.5,305.1,304.6,303.5,302.4,301.9,333.9,335.0,337.8,340.6,341.8,340.7,338.0,334.9,331.3,332.9,335.2,338.3,341.4,343.9,345.6,343.9,341.5,338.7,335.9,333.2,336.6,337.9,339.1,339.6,339.0,337.8,336.6,336.1,115.5,112.8,111.7,112.7,115.4,118.3,119.2,118.1,117.1,115.3,114.1,113.5,114.0,115.4,117.4,118.2,118.5,118.6,118.5,118.1,116.7,117.2,116.7,115.5,114.4,113.9,114.4,115.6,115.2,112.4,111.2,112.3,115.1,117.9,119.1,118.2,117.3,115.3,113.8,113.1,113.7,115.0,116.8,117.8,118.2,118.4,118.3,118.1,116.6,117.0,116.5,115.3,114.1,113.6,114.1,115.3,4.2,6.1,10.2,14.1,15.6,14.1,9.7,5.7,-0.5,1.5,4.8,9.0,13.6,17.2,19.8,16.7,12.6,8.4,4.6,1.5,8.3,10.0,11.8,12.6,11.9,10.2,8.4,7.6,54.6,56.4,60.5,64.7,66.4,64.7,60.5,56.1,50.9,53.1,56.5,61.0,65.7,69.6,72.5,69.6,65.8,61.6,57.4,53.6,58.7,60.6,62.4,63.2,62.4,60.6,58.7,58.0,-83.8,-88.0,-89.7,-87.9,-83.6,-79.0,-77.7,-79.5,-81.8,-84.3,-85.9,-86.6,-85.6,-83.5,-80.6,-79.1,-78.6,-78.4,-78.9,-79.9,-81.7,-80.9,-81.7,-83.5,-85.4,-86.2,-85.5,-83.6,-79.7,-84.0,-85.8,-84.1,-79.8,-75.5,-73.7,-75.1,-76.7,-79.6,-81.6,-82.5,-81.8,-80.3,-77.9,-76.0,-75.0,-74.7,-74.8,-75.3,-77.7,-77.0,-77.8,-79.7,-81.5,-82.3,-81.5,-79.6,638.5,639.1,638.6,637.4,636.1,635.7,636.0,637.3,643.5,640.7,637.9,635.9,635.5,636.0,636.8,635.6,634.8,635.4,637.3,640.3,638.1,637.5,637.3,637.6,638.1,638.7,638.9,638.6,604.3,605.4,606.0,605.7,604.7,603.6,603.0,603.5,605.5,604.4,603.3,603.0,604.2,606.5,608.8,605.9,603.4,602.1,602.3,603.8,604.7,604.6,604.9,605.4,605.8,605.9,605.7,605.2,38.6,-47.7,685.9,0.112,0.325,0.010,288.3,288.0,289.0,290.5,292.6,296.4,301.6,308.2,317.7,329.0,340.5,351.0,359.2,364.2,366.6,367.9,368.7,289.7,293.2,299.2,305.7,311.7,325.0,332.8,341.0,348.8,354.6,318.0,316.9,315.6,314.4,309.1,312.5,316.2,320.8,325.1,296.6,300.3,305.4,309.7,305.2,300.1,331.1,335.6,341.0,345.7,341.3,336.0,304.6,308.3,313.1,316.7,321.0,327.9,335.0,328.3,321.6,317.0,313.1,308.3,306.8,313.2,316.8,321.2,332.4,321.3,316.9,313.2,120.1,130.7,141.2,151.5,161.5,170.6,178.3,184.6,186.9,186.3,182.0,175.5,167.0,156.5,144.8,132.8,120.8,110.1,104.8,103.2,103.9,106.4,106.2,103.3,102.7,104.6,109.5,114.9,121.6,128.3,135.2,141.9,143.4,144.5,143.4,142.2,117.1,113.9,113.9,117.5,118.5,118.6,117.4,113.6,113.7,116.8,118.3,118.3,159.2,155.3,153.4,154.5,153.5,155.6,159.2,164.6,166.6,166.9,166.5,164.3,159.2,157.3,157.6,157.3,159.4,161.2,161.4,160.9,-16.0,-16.4,-14.7,-11.9,-8.0,-1.2,8.1,19.4,35.2,54.2,74.5,93.5,108.3,117.3,121.3,123.2,124.5,-12.9,-6.6,3.8,14.7,24.6,46.3,59.2,72.7,85.7,95.6,34.8,32.6,30.3,28.0,20.1,25.4,31.4,38.9,45.9,-0.7,5.7,14.3,21.6,13.9,5.3,57.0,64.1,73.0,80.9,73.4,64.8,13.0,18.8,26.5,32.2,39.1,50.7,63.1,51.5,40.4,32.9,26.5,18.9,16.6,26.8,32.5,39.6,58.7,39.9,32.7,26.9,-89.5,-70.1,-50.8,-32.1,-13.6,2.9,16.4,26.8,30.4,29.2,22.3,11.3,-3.4,-21.8,-42.1,-62.8,-83.8,-103.6,-111.5,-112.7,-109.9,-104.6,-104.0,-108.5,-109.6,-106.6,-98.7,-89.6,-77.7,-66.1,-54.2,-44.9,-42.1,-40.1,-41.8,-43.7,-90.0,-94.7,-94.0,-87.6,-86.2,-86.6,-86.2,-92.2,-91.7,-86.7,-83.9,-84.2,-16.7,-22.9,-25.7,-23.8,-25.2,-21.9,-16.2,-7.3,-4.0,-3.5,-4.2,-7.8,-16.6,-19.4,-18.8,-19.1,-16.0,-12.9,-12.4,-13.4,746.8,746.4,746.8,747.4,743.9,735.7,722.2,703.4,691.7,690.9,698.9,706.8,711.2,712.4,710.9,708.9,709.0,718.3,708.8,698.8,688.7,681.2,675.2,674.1,674.8,675.2,677.1,675.7,669.0,662.1,655.4,676.2,670.8,666.6,666.2,666.5,707.7,701.5,697.0,693.9,696.6,701.0,681.2,678.7,677.0,677.7,676.1,677.9,695.9,680.4,671.8,668.6,666.8,670.1,677.8,671.3,668.6,670.7,674.2,683.1,691.9,673.8,670.2,668.5,677.0,669.5,671.4,675.1,0.592,0.052,0.297,0.013,320.209,140.485,-15.074,-15.038,-7.385,9.718,-8.552,-1.490,4.445,1.861,8.497,5.183,-1.697,1.696,1.165,-1.673,-1.030,1.056,2.558,-1.896,-1.300,0.122,1.514,-0.533,-0.306,0.064,-0.332,-0.542,0.329,0.126,0.019,0.040,0.099,0.014,-0.001,0.040,0.00,0.00,1.41,0.00,0.65,3.44,0.10,0.79,0.00,0.00,0.31,0.26,0.09,0.00,0.86,0.00,0.36,0.00,0.00,1.00,0.00,1.00,1.00,0.00,0.00,0.00,0.00,0.00,0.00,0.00,0.00,1.00,0.00,0.00,1.00
96,0,9.500,0.98,1,-0.170709,0.137342,-0.975703,-0.318005,0.141286,-0.937503,-0.250,0.145,299.7,300.8,303.4,305.9,307.0,306.1,303.3,300.7,296.8,298.0,300.0,302.7,305.7,308.0,309.7,307.7,305.1,302.4,300.0,298.1,302.3,303.4,304.6,305.0,304.6,303.5,302.3,301.9,333.9,334.9,337.7,340.6,341.9,340.9,338.1,335.0,331.3,332.8,335.2,338.3,341.4,343.9,345.6,344.0,341.6,338.9,336.0,333.3,336.7,337.9,339.2,339.6,339.0,337.8,336.5,336.1,113.4,110.7,109.5,110.5,113.1,116.0,116.9,116.0,115.1,113.2,111.9,111.2,111.7,113.0,115.0,115.9,116.2,116.5,116.4,116.1,114.5,115.0,114.4,113.3,112.1,111.7,112.2,113.4,112.0,109.2,107.9,109.0,111.7,114.6,115.9,115.1,114.2,112.1,110.5,109.8,110.3,111.5,113.3,114.4,115.0,115.2,115.2,115.0,113.3,113.8,113.2,112.0,110.8,110.3,110.9,112.1,4.2,5.9,10.0,14.0,15.5,14.1,9.8,5.8,-0.3,1.6,4.7,8.9,13.5,17.1,19.7,16.7,12.6,8.5,4.7,1.7,8.3,10.0,11.8,12.5,11.9,10.1,8.3,7.6,53.9,55.5,59.6,63.8,65.7,64.1,60.0,55.5,50.2,52.4,55.7,60.2,64.9,68.8,71.7,68.9,65.2,61.0,56.8,53.0,58.1,59.9,61.7,62.4,61.6,59.7,57.9,57.2,-87.0,-91.3,-93.1,-91.3,-87.1,-82.5,-81.0,-82.7,-84.9,-87.5,-89.2,-90.0,-89.1,-87.1,-84.1,-82.6,-81.9,-81.6,-82.0,-82.9,-85.0,-84.3,-85.1,-86.9,-88.8,-89.6,-88.8,-86.9,-83.2,-87.6,-89.6,-88.0,-83.8,-79.4,-77.5,-78.7,-80.2,-83.2,-85.3,-86.4,-85.8,-84.4,-82.0,-80.0,-78.9,-78.4,-78.4,-78.8,-81.4,-80.8,-81.6,-83.5,-85.4,-86.0,-85.2,-83.3,637.7,638.3,637.8,636.5,635.1,634.7,635.1,636.4,642.7,640.0,637.1,635.1,634.6,635.0,635.7,634.6,633.9,634.5,636.4,639.5,637.2,636.6,636.4,636.6,637.2,637.8,638.0,637.8,596.4,597.5,598.2,598.1,597.2,596.1,595.3,595.7,597.6,596.5,595.5,595.3,596.7,599.0,601.4,598.4,595.9,594.5,594.6,596.0,597.0,596.9,597.3,597.7,598.1,598.2,597.9,597.4,38.8,-51.5,681.3,0.099,0.348,-0.005,288.8,288.5,289.6,291.5,293.8,297.6,302.8,309.5,319.0,330.1,341.4,351.8,359.8,364.8,367.2,368.3,368.9,290.1,293.7,299.4,305.6,311.4,325.0,332.5,340.3,348.0,353.9,317.7,316.6,315.4,314.1,309.3,312.6,316.3,320.8,325.1,296.7,300.2,305.3,309.7,305.2,300.2,331.1,335.5,341.0,345.8,341.5,336.1,305.2,308.5,313.3,316.8,321.1,328.2,335.5,328.8,322.1,317.4,313.5,308.8,307.4,313.4,317.0,321.4,332.8,321.7,317.2,313.5,119.0,129.5,139.9,150.2,160.3,169.5,177.1,183.2,185.3,184.5,180.1,173.6,165.0,154.4,142.6,130.3,118.1,107.3,101.9,100.2,100.7,103.0,102.3,99.1,98.2,99.8,104.5,111.7,118.6,125.4,132.4,139.7,141.0,142.0,140.8,139.6,115.2,111.7,111.6,115.1,116.3,116.6,114.3,110.3,110.3,113.3,115.1,115.2,157.5,153.2,151.1,152.0,151.0,153.1,156.8,162.3,164.4,164.8,164.5,162.5,157.4,155.1,155.3,155.0,157.0,159.0,159.4,159.0,-14.9,-15.4,-13.5,-10.0,-5.8,1.0,10.1,21.4,36.8,55.4,75.1,93.7,108.1,116.9,120.7,122.4,123.5,-12.0,-5.8,4.2,14.5,23.9,46.0,58.2,71.1,83.6,93.3,34.1,31.9,29.6,27.3,20.2,25.5,31.3,38.6,45.6,-0.6,5.6,14.1,21.5,13.9,5.4,56.5,63.6,72.4,80.2,73.0,64.4,13.9,19.1,26.5,32.2,39.0,50.7,63.2,51.8,40.7,33.3,27.0,19.5,17.4,26.9,32.6,39.6,58.8,40.1,33.0,27.1,-90.7,-71.7,-52.7,-34.1,-15.7,0.9,14.3,24.3,27.3,25.9,18.8,7.8,-6.9,-25.2,-45.5,-66.4,-87.4,-107.9,-115.9,-117.3,-114.7,-109.6,-109.6,-114.7,-116.1,-113.5,-105.8,-94.3,-82.1,-70.4,-58.4,-48.3,-45.7,-43.8,-45.6,-47.7,-93.0,-98.1,-97.5,-91.2,-89.5,-89.7,-90.5,-96.8,-96.6,-91.6,-88.6,-88.6,-19.5,-26.2,-29.3,-27.5,-29.1,-25.9,-20.1,-10.9,-7.4,-6.8,-7.4,-10.8,-19.4,-22.8,-22.3,-22.8,-19.7,-16.3,-15.7,-16.5,740.8,740.1,740.3,740.9,737.3,728.7,715.0,696.4,684.4,683.0,690.1,697.7,701.8,703.2,702.1,700.6,701.0,713.7,705.1,695.6,685.6,678.4,670.8,669.1,669.3,669.1,670.0,671.8,664.9,657.9,651.0,671.4,666.1,661.7,661.2,661.4,704.6,698.3,693.5,689.8,693.0,697.6,675.6,673.0,671.0,671.3,669.9,672.0,690.1,674.6,666.2,662.8,660.9,663.4,670.3,664.5,662.4,664.6,668.1,676.9,685.7,668.0,664.2,662.3,669.7,663.6,665.7,669.5,0.597,0.033,0.322,-0.003,320.485,138.029,-22.467,-17.963,-9.587,11.873,-8.130,-1.985,4.911,4.216,5.392,5.622,-1.361,1.313,0.319,-2.392,-1.476,0.705,1.143,0.081,-1.224,0.393,1.099,-0.262,-0.049,-0.124,0.266,-0.715,0.390,0.157,0.048,0.004,0.079,0.005,0.004,0.039,0.00,0.00,1.19,0.00,0.66,3.24,0.09,0.88,0.00,0.00,0.39,0.40,0.10,0.00,0.95,0.07,0.02,0.00,0.00,1.00,0.00,1.00,1.00,0.00,0.00,0.00,0.00,0.00,0.00,0.00,0.00,1.00,0.00,0.00,1.00
97,0,9.600,0.98,1,-0.178060,0.138954,-0.974159,-0.325893,0.142382,-0.934623,-0.258,0.146,300.1,301.3,303.9,306.4,307.4,306.5,303.7,301.2,297.2,298.5,300.4,303.2,306.1,308.5,310.1,308.2,305.6,302.9,300.5,298.5,302.8,303.9,305.0,305.5,305.1,303.9,302.8,302.3,334.3,335.3,338.1,341.0,342.3,341.3,338.5,335.4,331.7,333.2,335.5,338.7,341.8,344.3,346.1,344.4,342.0,339.3,336.4,333.7,337.1,338.3,339.6,340.0,339.4,338.2,337.0,336.5,111.3,108.6,107.4,108.4,111.0,113.9,114.9,113.9,113.0,111.1,109.8,109.1,109.6,111.0,113.0,113.9,114.2,114.4,114.4,114.0,112.5,112.9,112.4,111.2,110.1,109.6,110.1,111.3,110.1,107.2,105.9,107.0,109.8,112.7,113.9,113.1,112.3,110.1,108.5,107.8,108.3,109.6,111.4,112.5,113.0,113.3,113.2,113.1,111.4,111.8,111.3,110.0,108.8,108.3,108.9,110.2,4.9,6.6,10.7,14.7,16.2,14.8,10.4,6.5,0.4,2.3,5.4,9.6,14.2,17.8,20.4,17.3,13.2,9.1,5.4,2.4,9.0,10.7,12.5,13.2,12.6,10.8,9.0,8.3,54.4,56.0,60.1,64.4,66.2,64.5,60.4,55.9,50.7,52.9,56.2,60.7,65.4,69.3,72.2,69.4,65.6,61.5,57.3,53.4,58.5,60.4,62.2,62.9,62.1,60.3,58.4,57.7,-89.9,-94.2,-96.0,-94.2,-90.0,-85.4,-84.0,-85.7,-87.9,-90.5,-92.2,-93.0,-92.1,-90.0,-87.0,-85.5,-84.8,-84.6,-84.9,-85.9,-88.0,-87.2,-88.0,-89.9,-91.7,-92.5,-91.7,-89.9,-86.0,-90.3,-92.3,-90.7,-86.5,-82.1,-80.2,-81.4,-83.0,-85.9,-88.1,-89.1,-88.5,-87.1,-84.7,-82.7,-81.6,-81.1,-81.1,-81.6,-84.2,-83.5,-84.3,-86.2,-88.1,-88.8,-87.9,-86.0,635.8,636.4,635.8,634.5,633.1,632.7,633.1,634.4,640.8,638.1,635.2,633.1,632.6,633.0,633.7,632.6,631.9,632.5,634.5,637.5,635.2,634.6,634.4,634.6,635.2,635.8,636.0,635.8,595.4,596.5,597.2,597.0,596.1,595.0,594.3,594.7,596.6,595.5,594.5,594.3,595.6,597.9,600.2,597.3,594.8,593.4,593.6,595.0,596.0,595.9,596.2,596.7,597.1,597.2,596.9,596.4,39.1,-54.1,675.9,0.097,0.360,-0.005,289.3,288.9,289.9,291.8,294.1,298.0,303.2,309.9,319.5,330.8,342.2,352.7,360.6,365.5,367.7,368.8,369.3,290.6,294.3,300.1,306.3,312.0,325.4,333.0,340.9,348.5,354.3,318.2,317.0,315.7,314.3,309.5,312.9,316.5,321.1,325.5,297.1,300.7,305.8,310.1,305.6,300.6,331.5,335.9,341.5,346.2,341.9,336.5,305.4,308.6,313.4,317.0,321.3,328.6,336.0,329.2,322.3,317.6,313.6,308.9,307.5,313.6,317.2,321.6,333.3,321.9,317.5,313.7,117.3,127.9,138.6,149.1,159.3,168.4,176.0,182.0,183.9,183.0,178.6,171.9,163.2,152.5,140.6,128.3,116.0,104.7,99.3,97.6,98.2,100.6,100.0,96.6,95.8,97.5,102.4,109.6,116.4,123.1,130.1,137.6,139.0,139.9,138.8,137.6,113.1,109.5,109.5,113.0,114.3,114.5,112.4,108.3,108.3,111.4,113.1,113.3,155.9,151.4,149.2,150.1,149.1,151.3,155.2,161.0,163.1,163.5,163.2,161.1,155.8,153.3,153.5,153.2,155.4,157.6,158.0,157.6,-13.9,-14.6,-12.8,-9.4,-5.1,1.8,10.7,21.8,37.3,56.0,75.7,94.1,108.2,116.6,120.2,121.8,122.8,-11.0,-4.6,5.3,15.5,24.7,46.3,58.4,71.4,83.7,93.2,34.6,32.2,29.9,27.4,20.4,25.7,31.4,38.8,45.7,0.2,6.3,14.8,22.0,14.5,6.1,56.7,63.6,72.4,80.2,73.0,64.4,14.0,19.1,26.5,32.2,39.0,50.9,63.5,51.9,40.7,33.2,26.9,19.5,17.5,26.9,32.6,39.6,59.0,40.2,33.1,27.1,-93.3,-74.1,-54.8,-35.9,-17.4,-1.0,12.2,22.0,24.8,23.3,16.1,5.0,-9.9,-28.2,-48.4,-69.1,-90.0,-111.6,-119.5,-120.7,-118.0,-112.8,-112.5,-117.6,-119.0,-116.1,-108.3,-97.0,-85.0,-73.5,-61.6,-51.1,-48.6,-46.7,-48.5,-50.4,-95.8,-100.9,-100.3,-93.8,-92.2,-92.4,-92.9,-99.1,-98.9,-93.9,-90.9,-90.9,-22.0,-28.9,-32.1,-30.4,-31.9,-28.5,-22.5,-13.0,-9.4,-8.9,-9.5,-13.0,-21.9,-25.5,-25.0,-25.5,-22.1,-18.3,-17.8,-18.6,735.9,735.2,735.4,735.7,731.6,722.5,708.4,689.7,677.7,676.2,683.0,690.2,693.9,695.0,693.8,692.4,693.0,707.7,699.4,689.9,680.0,673.0,665.0,663.3,663.4,663.0,663.7,666.2,659.4,652.4,645.5,665.6,660.4,656.1,655.5,655.7,698.9,692.7,687.9,684.2,687.4,692.0,669.6,667.0,664.8,665.1,663.8,665.9,684.6,668.8,660.2,656.8,654.9,657.3,664.2,658.4,656.3,658.5,662.1,671.1,680.3,661.9,658.2,656.3,663.7,657.6,659.7,663.5,0.602,0.027,0.336,-0.002,320.880,136.185,-25.721,-15.017,-9.396,11.267,-8.276,-3.061,5.104,3.750,4.241,6.316,-1.083,0.370,-0.599,-3.273,-2.040,1.388,1.457,-0.521,-1.002,0.254,0.985,-0.207,-0.337,-0.193,0.268,-0.725,0.371,0.127,0.047,0.014,0.097,0.006,0.007,0.042,0.00,0.00,0.94,0.00,0.67,3.18,0.08,1.12,0.00,0.00,0.36,0.51,0.15,0.00,1.01,0.32,0.15,0.00,0.00,1.00,0.00,1.00,1.00,0.00,0.00,0.00,0.00,0.00,0.00,0.00,0.00,1.00,0.00,0.00,1.00
98,0,9.700,0.98,1,-0.177515,0.136622,-0.974589,-0.324299,0.141437,-0.935321,-0.257,0.145,301.1,302.2,304.8,307.4,308.4,307.5,304.7,302.2,298.2,299.4,301.4,304.2,307.1,309.5,311.1,309.2,306.6,303.9,301.5,299.5,303.7,304.9,306.0,306.5,306.0,304.9,303.8,303.3,335.2,336.2,338.9,341.8,343.1,342.1,339.4,336.3,332.6,334.1,336.4,339.5,342.6,345.1,346.9,345.2,342.9,340.1,337.2,334.5,338.0,339.2,340.4,340.9,340.3,339.0,337.8,337.4,110.4,107.7,106.5,107.5,110.1,113.0,114.0,113.0,112.2,110.3,108.9,108.2,108.7,110.0,112.0,112.9,113.3,113.5,113.5,113.1,111.6,112.0,111.5,110.3,109.2,108.7,109.3,110.4,109.1,106.2,105.0,106.0,108.8,111.6,112.9,112.1,111.3,109.1,107.5,106.8,107.3,108.5,110.4,111.5,112.0,112.2,112.2,112.0,110.3,110.8,110.3,109.0,107.8,107.3,107.9,109.1,6.4,8.2,12.2,16.2,17.7,16.3,12.0,8.0,1.9,3.8,6.9,11.1,15.7,19.3,22.0,18.9,14.8,10.7,7.0,3.9,10.5,12.2,14.0,14.8,14.1,12.3,10.6,9.8,56.0,57.6,61.7,65.9,67.8,66.1,62.0,57.6,52.3,54.5,57.7,62.3,67.0,70.9,73.8,71.0,67.2,63.1,58.9,55.0,60.1,62.0,63.8,64.5,63.7,61.8,60.0,59.3,-91.4,-95.7,-97.5,-95.8,-91.5,-86.9,-85.5,-87.2,-89.3,-91.9,-93.7,-94.5,-93.6,-91.6,-88.6,-87.0,-86.4,-86.1,-86.4,-87.3,-89.5,-88.7,-89.5,-91.4,-93.2,-94.0,-93.2,-91.3,-87.9,-92.3,-94.3,-92.7,-88.5,-84.1,-82.2,-83.4,-84.9,-87.9,-90.1,-91.1,-90.6,-89.1,-86.6,-84.7,-83.6,-83.0,-83.1,-83.5,-86.1,-85.4,-86.3,-88.2,-90.0,-90.7,-89.9,-88.0,636.4,637.1,636.6,635.2,633.8,633.3,633.7,635.1,641.4,638.7,635.9,633.9,633.4,633.7,634.4,633.3,632.5,633.1,635.1,638.1,635.9,635.3,635.1,635.3,635.9,636.5,636.7,636.5,598.7,599.8,600.5,600.4,599.4,598.2,597.5,597.9,599.8,598.8,597.8,597.6,598.9,601.2,603.5,600.6,598.1,596.7,596.8,598.2,599.2,599.2,599.5,600.0,600.4,600.5,600.2,599.7,40.7,-55.2,673.2,0.095,0.358,-0.010,290.1,289.8,290.9,292.8,295.2,299.0,304.3,311.2,320.9,332.3,343.7,354.0,361.7,366.4,368.5,369.5,370.0,291.6,295.1,300.9,307.2,313.0,326.5,334.0,341.9,349.4,355.0,319.3,318.1,316.8,315.5,310.7,314.1,317.8,322.3,326.6,298.1,301.7,306.8,311.1,306.6,301.6,332.4,336.8,342.3,347.0,342.7,337.3,306.5,309.6,314.5,318.2,322.6,329.9,337.2,330.7,323.8,319.0,314.9,310.0,308.7,314.8,318.4,322.9,334.6,323.3,318.8,315.0,116.4,127.1,138.0,148.6,158.9,168.2,176.0,182.1,184.0,183.0,178.2,171.3,162.3,151.4,139.5,127.2,115.0,104.0,98.4,96.5,97.0,99.4,98.7,95.4,94.7,96.5,101.4,108.6,115.2,121.8,128.7,136.6,137.9,138.8,137.7,136.5,112.3,108.6,108.6,112.1,113.4,113.6,111.4,107.3,107.3,110.4,112.1,112.2,155.3,150.4,148.1,149.0,148.0,150.2,154.5,160.7,163.1,163.6,163.2,161.0,155.2,152.3,152.4,152.1,154.7,157.6,158.0,157.6,-12.4,-12.9,-11.0,-7.5,-3.3,3.6,12.6,23.9,39.5,58.2,77.8,95.9,109.5,117.6,121.0,122.5,123.4,-9.4,-3.2,6.6,16.9,26.3,47.9,59.9,72.8,84.9,94.0,36.2,33.9,31.6,29.2,22.3,27.6,33.2,40.5,47.4,1.9,7.9,16.4,23.6,16.2,7.8,58.0,64.8,73.5,81.2,74.1,65.6,15.9,20.6,28.2,33.9,40.8,52.7,65.2,54.1,42.9,35.3,28.9,21.3,19.4,28.7,34.4,41.4,60.8,42.3,35.1,29.1,-94.5,-75.1,-55.7,-36.7,-18.0,-1.4,12.1,22.0,24.8,23.0,15.4,3.8,-11.4,-29.8,-50.0,-70.6,-91.4,-112.2,-120.4,-122.1,-119.6,-114.4,-114.2,-119.3,-120.5,-117.5,-109.5,-98.3,-86.5,-75.1,-63.4,-52.6,-50.1,-48.3,-50.0,-52.0,-96.7,-101.9,-101.3,-95.0,-93.3,-93.5,-94.2,-100.5,-100.2,-95.2,-92.3,-92.3,-22.8,-30.3,-33.7,-32.0,-33.6,-30.1,-23.6,-13.3,-9.4,-8.7,-9.3,-13.1,-22.8,-27.0,-26.6,-27.0,-23.2,-18.3,-17.8,-18.5,732.8,732.3,732.3,732.6,728.2,719.1,705.4,686.8,674.9,673.3,679.8,686.8,690.4,691.6,690.4,689.3,690.1,704.4,696.5,687.2,677.5,670.7,663.1,661.4,661.6,661.2,661.7,663.8,656.9,649.9,642.9,662.8,657.6,653.4,652.8,652.9,695.4,689.3,684.7,681.2,684.3,688.8,667.3,664.7,662.5,662.8,661.5,663.5,681.4,665.7,657.1,653.7,651.8,654.3,661.4,655.8,653.8,655.9,659.5,668.3,677.4,658.9,655.1,653.2,661.0,655.1,657.1,660.8,0.605,0.024,0.333,-0.007,321.968,135.401,-29.144,-13.012,-7.617,12.909,-9.843,-5.468,6.594,3.736,4.744,6.594,-2.181,0.352,-0.325,-3.136,-1.947,1.123,1.712,-0.713,-1.028,0.176,1.030,-0.187,-0.494,-0.112,0.242,-0.862,0.460,0.163,0.038,0.004,0.107,-0.005,-0.005,0.034,0.00,0.00,1.02,0.00,0.73,3.09,0.08,1.13,0.00,0.00,0.23,0.45,0.33,0.00,1.22,0.73,0.38,0.00,0.00,1.00,0.00,1.00,1.00,0.00,0.00,0.00,0.00,0.00,0.00,0.00,0.00,1.00,0.00,0.00,1.00
99,0,9.800,0.98,1,-0.169105,0.139060,-0.975739,-0.318421,0.145528,-0.936712,-0.250,0.148,302.2,303.2,305.8,308.4,309.5,308.6,305.8,303.3,299.2,300.5,302.5,305.2,308.2,310.5,312.2,310.3,307.7,305.0,302.6,300.6,304.8,305.9,307.1,307.5,307.1,305.9,304.8,304.3,336.2,337.2,339.9,342.8,344.1,343.1,340.4,337.3,333.6,335.1,337.4,340.5,343.6,346.1,347.9,346.2,343.9,341.2,338.3,335.6,339.0,340.2,341.4,341.9,341.3,340.0,338.8,338.4,110.6,107.9,106.7,107.6,110.2,113.1,114.1,113.2,112.5,110.5,109.2,108.4,108.9,110.2,112.1,113.0,113.3,113.6,113.6,113.3,111.8,112.2,111.6,110.5,109.3,108.9,109.5,110.6,108.9,106.0,104.7,105.8,108.5,111.4,112.6,111.9,111.1,109.0,107.4,106.6,107.1,108.3,110.1,111.2,111.7,111.9,111.9,111.8,110.1,110.6,110.0,108.8,107.6,107.1,107.7,108.9,8.1,9.8,13.9,17.9,19.5,18.2,13.8,9.8,3.5,5.5,8.6,12.9,17.5,21.1,23.8,20.8,16.7,12.5,8.8,5.6,12.3,14.0,15.8,16.5,15.8,14.0,12.3,11.5,57.7,59.3,63.4,67.7,69.5,67.9,63.8,59.3,54.1,56.2,59.5,64.0,68.7,72.7,75.6,72.8,69.0,64.9,60.6,56.8,61.9,63.8,65.6,66.2,65.4,63.6,61.8,61.1,-91.7,-96.0,-97.9,-96.2,-92.0,-87.4,-85.8,-87.5,-89.5,-92.1,-93.9,-94.8,-94.0,-92.0,-89.1,-87.6,-86.9,-86.5,-86.8,-87.6,-89.8,-89.1,-89.9,-91.8,-93.7,-94.4,-93.6,-91.7,-88.6,-93.0,-95.0,-93.4,-89.2,-84.9,-82.9,-84.1,-85.6,-88.5,-90.7,-91.8,-91.2,-89.8,-87.5,-85.5,-84.4,-83.9,-83.9,-84.2,-86.8,-86.2,-87.0,-88.9,-90.8,-91.5,-90.6,-88.7,640.8,641.5,641.1,639.9,638.5,637.9,638.2,639.4,645.6,643.0,640.2,638.4,637.9,638.4,639.1,637.9,637.1,637.5,639.4,642.4,640.3,639.8,639.6,639.9,640.5,641.0,641.2,640.9,601.4,602.6,603.3,603.1,602.1,601.0,600.3,600.6,602.6,601.5,600.6,600.4,601.6,603.9,606.3,603.3,600.8,599.4,599.5,600.9,602.0,601.9,602.2,602.7,603.1,603.2,602.9,602.4,43.1,-55.9,675.6,0.096,0.348,-0.020,291.0,290.7,291.8,293.8,296.4,300.5,306.0,313.1,322.8,334.1,345.1,355.2,362.8,367.4,369.5,370.5,370.9,292.6,296.2,302.0,308.3,314.2,327.4,335.0,343.1,350.7,356.2,320.4,319.3,318.2,317.1,312.1,315.6,319.2,323.8,328.0,299.1,302.7,307.8,312.2,307.8,302.7,333.5,337.8,343.3,348.0,343.7,338.4,308.0,311.1,316.1,319.8,324.2,331.6,338.9,332.6,325.7,320.9,316.8,311.6,310.2,316.4,320.1,324.6,336.3,325.2,320.6,316.8,116.5,127.3,138.2,148.9,159.2,168.4,176.0,182.0,183.8,182.6,177.6,170.4,161.4,150.5,138.6,126.4,114.3,104.3,98.6,96.5,96.7,99.0,98.2,94.9,94.2,96.2,101.2,108.4,114.9,121.3,128.0,136.2,137.4,138.2,137.1,135.9,112.5,108.9,108.8,112.2,113.4,113.7,111.2,107.2,107.1,110.1,111.8,112.0,155.0,149.9,147.5,148.4,147.3,149.5,153.7,160.5,163.3,163.8,163.5,161.1,154.9,151.7,151.8,151.4,153.9,157.7,158.2,157.8,-10.9,-11.3,-9.3,-5.7,-1.2,6.2,15.6,27.1,42.9,61.5,80.5,98.3,111.6,119.7,123.2,124.8,125.7,-7.7,-1.4,8.4,18.9,28.4,49.7,61.9,75.1,87.5,96.7,38.3,36.1,33.9,31.7,24.7,30.0,35.7,43.0,49.8,3.7,9.7,18.2,25.5,18.1,9.7,59.9,66.8,75.5,83.3,76.1,67.6,18.4,23.2,30.9,36.7,43.6,55.6,68.2,57.4,46.3,38.7,32.1,24.1,22.0,31.5,37.3,44.3,63.9,45.5,38.3,32.1,-94.5,-74.9,-55.3,-36.1,-17.5,-1.0,12.2,22.0,24.7,22.5,14.4,2.4,-13.0,-31.5,-51.7,-72.3,-93.1,-112.1,-120.6,-122.6,-120.4,-115.4,-115.6,-120.7,-121.9,-118.7,-110.7,-99.0,-87.4,-76.3,-64.8,-53.4,-51.2,-49.4,-51.2,-53.2,-96.6,-101.8,-101.3,-95.2,-93.5,-93.6,-95.0,-101.2,-101.0,-96.2,-93.2,-93.1,-23.5,-31.2,-34.8,-33.1,-34.8,-31.4,-25.0,-13.7,-9.2,-8.3,-8.8,-13.0,-23.5,-28.1,-27.7,-28.3,-24.5,-18.3,-17.5,-18.2,734.2,733.7,733.9,734.2,729.7,720.7,707.2,689.2,678.0,676.7,682.9,689.5,692.7,694.0,693.4,692.9,694.1,706.8,699.0,689.6,679.8,673.1,665.8,664.5,665.1,665.1,666.0,666.4,659.4,652.4,645.3,664.9,659.8,655.7,655.2,655.5,697.4,691.4,686.9,683.5,686.5,690.8,670.1,667.7,665.7,666.1,664.6,666.5,683.7,668.1,659.3,655.9,654.2,656.8,664.3,659.0,657.0,659.1,662.5,671.1,679.9,661.2,657.5,655.7,664.0,658.1,660.1,663.6,0.603,0.025,0.319,-0.018,323.316,135.129,-31.321,-12.443,-4.674,13.868,-8.613,-8.117,7.146,2.491,4.472,6.557,-2.669,-0.026,-0.082,-3.198,-1.993,1.231,0.434,-1.343,-1.324,0.132,1.596,-0.203,-0.638,0.469,0.033,-0.854,0.604,0.084,-0.003,-0.013,0.062,0.005,0.007,0.047,0.00,0.00,1.13,0.00,0.80,3.00,0.07,1.16,0.00,0.00,0.15,0.33,0.45,0.00,1.37,1.12,0.62,0.00,0.00,1.00,0.00,1.00,1.00,0.00,0.00,0.00,0.00,0.00,0.00,1.00,0.00,1.00,0.00,0.00,1.00
100,0,9.900,0.98,1,-0.165942,0.136741,-0.976609,-0.315848,0.143677,-0.937868,-0.247,0.145,303.2,304.2,306.7,309.3,310.4,309.6,306.8,304.3,300.2,301.4,303.5,306.2,309.1,311.4,313.1,311.2,308.7,306.0,303.6,301.6,305.8,306.9,308.0,308.5,308.0,306.9,305.8,305.3,337.0,337.9,340.7,343.5,344.9,343.9,341.2,338.1,334.4,336.0,338.2,341.3,344.4,346.8,348.6,347.0,344.6,341.9,339.1,336.4,339.8,341.0,342.2,342.6,342.0,340.8,339.6,339.2,111.0,108.4,107.1,108.0,110.6,113.4,114.5,113.6,112.9,111.0,109.6,108.8,109.3,110.5,112.4,113.3,113.7,114.0,114.0,113.7,112.1,112.5,112.0,110.8,109.7,109.3,109.9,111.0,109.0,106.2,104.9,105.9,108.6,111.5,112.8,112.0,111.2,109.1,107.6,106.8,107.3,108.4,110.2,111.2,111.8,112.0,112.0,111.9,110.3,110.7,110.2,108.9,107.7,107.3,107.8,109.1,9.8,11.4,15.5,19.5,21.2,19.9,15.6,11.5,5.2,7.1,10.2,14.5,19.1,22.8,25.5,22.5,18.4,14.2,10.4,7.3,13.9,15.7,17.5,18.2,17.4,15.7,13.9,13.2,59.5,61.0,65.1,69.4,71.3,69.7,65.6,61.1,55.8,58.0,61.2,65.8,70.5,74.5,77.4,74.6,70.8,66.6,62.4,58.6,63.7,65.5,67.3,68.0,67.2,65.3,63.5,62.8,-92.0,-96.3,-98.2,-96.6,-92.4,-87.8,-86.2,-87.8,-89.7,-92.3,-94.1,-95.1,-94.4,-92.4,-89.6,-88.0,-87.3,-86.9,-87.1,-87.9,-90.2,-89.5,-90.3,-92.2,-94.0,-94.7,-93.9,-92.0,-89.2,-93.6,-95.6,-94.1,-89.9,-85.5,-83.5,-84.7,-86.1,-89.1,-91.2,-92.3,-91.8,-90.5,-88.2,-86.2,-85.1,-84.5,-84.5,-84.8,-87.4,-86.8,-87.7,-89.6,-91.4,-92.1,-91.2,-89.3,647.5,648.2,647.9,646.7,645.3,644.7,644.9,646.1,652.3,649.7,647.0,645.1,644.8,645.2,646.0,644.7,643.8,644.3,646.1,649.1,647.0,646.5,646.4,646.7,647.3,647.8,648.0,647.7,607.0,608.2,608.9,608.8,607.8,606.6,605.9,606.2,608.2,607.1,606.2,606.0,607.3,609.6,611.9,609.0,606.4,605.0,605.1,606.5,607.6,607.5,607.8,608.4,608.8,608.9,608.5,608.0,44.9,-56.3,678.7,0.088,0.342,-0.022,291.7,291.4,292.4,294.4,296.9,301.1,306.7,313.9,323.8,335.2,346.3,356.3,363.8,368.4,370.5,371.4,371.8,293.6,297.2,303.0,309.4,315.2,328.3,335.8,343.8,351.4,356.9,321.4,320.3,319.3,318.2,313.2,316.7,320.3,324.8,329.0,300.1,303.7,308.7,313.1,308.7,303.7,334.3,338.6,344.0,348.7,344.5,339.2,309.0,312.3,317.2,320.9,325.2,332.6,339.9,333.5,326.7,322.0,317.9,312.7,311.2,317.5,321.2,325.6,337.3,326.2,321.7,317.8,116.9,127.6,138.4,148.9,159.1,168.2,175.7,181.6,183.4,182.2,177.3,170.3,161.2,150.4,138.5,126.3,114.2,104.7,99.0,96.8,97.0,99.1,98.1,94.8,94.2,96.2,101.2,108.5,114.9,121.2,127.8,136.1,137.2,138.0,136.9,135.7,112.9,109.4,109.2,112.4,113.7,114.1,111.3,107.4,107.3,110.2,111.8,112.1,154.7,149.7,147.3,148.1,147.1,149.2,153.2,160.1,162.8,163.3,163.1,160.7,154.6,151.4,151.5,151.1,153.5,157.3,157.8,157.4,-9.5,-10.1,-8.3,-4.7,-0.2,7.2,16.9,28.7,44.8,63.6,82.8,100.6,114.1,122.3,125.6,127.1,128.0,-5.8,0.4,10.2,20.7,30.2,51.3,63.6,76.8,89.1,98.3,40.0,37.9,35.8,33.7,26.6,32.0,37.7,44.9,51.7,5.4,11.4,19.8,27.2,19.8,11.4,61.6,68.5,77.1,84.9,77.8,69.3,20.1,25.1,32.8,38.6,45.5,57.5,70.1,59.2,48.1,40.5,34.0,26.0,23.8,33.4,39.1,46.1,65.9,47.3,40.1,34.0,-94.2,-74.8,-55.3,-36.2,-17.8,-1.4,11.6,21.3,24.0,21.9,14.0,2.1,-13.2,-31.9,-52.2,-73.0,-93.8,-111.9,-120.5,-122.7,-120.7,-115.9,-116.3,-121.5,-122.7,-119.4,-111.4,-99.4,-87.9,-76.9,-65.5,-53.8,-51.6,-50.0,-51.8,-53.7,-96.3,-101.5,-101.1,-95.2,-93.5,-93.4,-95.3,-101.4,-101.3,-96.6,-93.6,-93.5,-24.0,-31.7,-35.3,-33.7,-35.3,-32.1,-25.8,-14.5,-10.0,-9.2,-9.7,-13.6,-24.1,-28.6,-28.3,-28.9,-25.3,-19.0,-18.2,-18.9,737.5,736.7,736.8,737.1,732.7,723.7,710.0,691.9,680.8,679.7,686.3,693.0,696.6,698.3,697.9,697.6,699.0,710.3,702.7,693.6,683.8,677.0,669.7,668.5,669.2,669.2,670.0,670.2,663.1,656.0,648.8,668.1,663.2,659.1,658.7,659.1,700.9,695.0,690.6,687.1,690.0,694.2,673.9,671.5,669.6,669.9,668.4,670.3,686.7,671.1,662.4,659.1,657.4,660.1,667.6,662.0,659.8,661.8,665.2,673.9,682.9,664.2,660.6,658.8,667.3,661.1,663.0,666.5,0.599,0.017,0.310,-0.019,324.255,135.053,-29.643,-13.872,-5.005,12.605,-9.463,-8.489,7.336,2.113,3.798,7.023,-3.288,-0.388,-0.162,-3.766,-2.246,1.228,0.231,-1.109,-1.811,0.246,1.744,0.087,-0.529,0.796,-0.149,-0.833,0.512,0.070,-0.027,-0.014,0.021,0.015,0.007,0.068,0.00,0.00,1.13,0.00,0.79,2.80,0.02,1.13,0.00,0.00,0.04,0.18,0.67,0.00,1.51,1.15,0.77,0.00,0.00,1.00,0.00,1.00,1.00,0.00,0.00,0.00,0.00,0.00,0.00,1.00,0.00,1.00,0.00,0.00,1.00
101,0,10.000,0.98,1,-0.160348,0.131046,-0.978323,-0.311260,0.136413,-0.940483,-0.241,0.138,303.6,304.6,307.2,309.8,310.9,310.1,307.3,304.7,300.6,301.9,303.9,306.6,309.6,311.9,313.6,311.7,309.1,306.5,304.0,302.0,306.2,307.4,308.5,309.0,308.5,307.3,306.2,305.8,337.7,338.7,341.4,344.3,345.7,344.7,341.9,338.8,335.1,336.7,339.0,342.1,345.2,347.7,349.4,347.8,345.4,342.7,339.8,337.1,340.5,341.7,342.9,343.4,342.8,341.5,340.3,339.9,111.0,108.3,107.1,108.0,110.5,113.4,114.5,113.5,112.8,110.9,109.6,108.8,109.2,110.5,112.4,113.3,113.7,114.0,114.0,113.7,112.1,112.5,112.0,110.8,109.7,109.3,109.8,111.0,109.1,106.3,105.0,106.1,108.8,111.7,112.9,112.1,111.3,109.2,107.7,106.9,107.4,108.6,110.4,111.4,111.9,112.2,112.1,112.0,110.4,110.9,110.3,109.1,107.9,107.4,108.0,109.2,10.4,12.0,16.1,20.1,21.8,20.5,16.1,12.1,5.7,7.7,10.8,15.1,19.7,23.4,26.0,23.0,19.0,14.8,11.0,7.9,14.5,16.3,18.0,18.8,18.0,16.3,14.5,13.8,60.0,61.6,65.7,69.9,71.8,70.2,66.1,61.6,56.3,58.5,61.8,66.3,71.0,75.0,77.9,75.1,71.3,67.1,62.9,59.1,64.2,66.0,67.8,68.5,67.7,65.8,64.0,63.3,-91.2,-95.6,-97.5,-95.8,-91.6,-87.0,-85.4,-87.0,-89.0,-91.6,-93.4,-94.3,-93.6,-91.6,-88.8,-87.2,-86.5,-86.1,-86.3,-87.2,-89.4,-88.7,-89.5,-91.4,-93.2,-94.0,-93.1,-91.2,-88.2,-92.6,-94.6,-93.1,-88.8,-84.5,-82.5,-83.7,-85.2,-88.1,-90.3,-91.3,-90.8,-89.4,-87.1,-85.2,-84.0,-83.5,-83.5,-83.9,-86.5,-85.8,-86.6,-88.6,-90.4,-91.1,-90.2,-88.3,641.7,642.4,642.1,640.9,639.5,638.9,639.1,640.3,646.4,643.8,641.1,639.3,638.9,639.4,640.2,638.9,638.0,638.4,640.3,643.2,641.2,640.7,640.5,640.9,641.5,642.0,642.1,641.8,601.5,602.7,603.4,603.2,602.3,601.1,600.4,600.7,602.7,601.6,600.6,600.5,601.8,604.1,606.5,603.5,601.0,599.6,599.7,601.0,602.1,602.0,602.3,602.9,603.3,603.3,603.0,602.5,45.6,-56.4,678.0,0.077,0.333,-0.016,291.9,291.6,292.6,294.4,297.0,301.2,306.9,314.2,324.1,335.5,346.6,356.7,364.3,368.8,370.9,371.8,372.3,293.9,297.4,303.3,309.7,315.7,329.0,336.7,344.8,352.4,357.9,322.1,321.0,319.9,318.8,313.7,317.2,320.9,325.4,329.6,300.5,304.2,309.2,313.7,309.2,304.1,335.0,339.4,344.8,349.5,345.3,339.9,309.3,312.8,317.8,321.4,325.7,333.0,340.3,333.8,327.0,322.3,318.2,313.1,311.5,318.0,321.7,326.1,337.7,326.5,322.0,318.2,116.9,127.7,138.5,149.1,159.2,168.2,175.5,181.2,182.9,181.7,177.0,170.1,161.2,150.4,138.6,126.5,114.5,104.9,99.0,96.7,96.8,99.0,98.1,94.9,94.3,96.4,101.5,108.5,114.9,121.1,127.8,136.1,137.2,138.0,136.9,135.7,112.9,109.4,109.2,112.4,113.7,114.1,111.4,107.5,107.4,110.4,112.0,112.2,154.5,149.7,147.3,148.2,147.1,149.2,153.1,159.5,162.0,162.5,162.3,160.1,154.4,151.4,151.5,151.1,153.4,156.6,157.1,156.7,-9.2,-9.8,-8.0,-4.6,-0.1,7.4,17.2,29.1,45.2,64.1,83.5,101.4,114.9,123.1,126.5,128.2,129.3,-5.5,0.7,10.7,21.4,31.0,52.6,65.1,78.4,91.0,100.2,41.1,39.0,36.9,34.7,27.4,32.8,38.6,45.8,52.6,6.0,12.2,20.7,28.0,20.6,12.1,62.7,69.8,78.5,86.4,79.1,70.6,20.6,26.0,33.7,39.4,46.3,58.2,70.9,59.6,48.4,40.9,34.5,26.6,24.2,34.2,39.9,46.9,66.5,47.7,40.6,34.6,-94.2,-74.7,-55.1,-35.9,-17.5,-1.4,11.3,20.6,23.2,21.1,13.4,1.8,-13.4,-31.9,-52.1,-72.7,-93.5,-111.7,-120.5,-122.9,-120.9,-116.0,-116.3,-121.4,-122.6,-119.2,-111.0,-99.4,-88.0,-76.9,-65.5,-53.9,-51.7,-50.0,-51.8,-53.7,-96.3,-101.5,-101.2,-95.2,-93.4,-93.4,-95.2,-101.3,-101.2,-96.4,-93.5,-93.3,-24.4,-31.7,-35.2,-33.6,-35.2,-32.0,-26.0,-15.4,-11.3,-10.5,-11.0,-14.7,-24.5,-28.6,-28.3,-28.9,-25.5,-20.1,-19.4,-20.0,738.2,737.2,736.9,736.8,732.0,722.7,708.8,690.6,679.7,679.0,686.2,693.4,697.2,699.1,698.9,698.8,700.4,710.6,702.9,693.6,683.7,676.7,669.6,668.7,669.8,670.1,671.3,670.1,662.9,655.5,648.2,667.4,662.6,658.5,658.3,658.7,700.5,694.7,690.3,687.0,689.7,693.8,674.3,672.1,670.3,670.8,669.1,670.8,685.7,670.4,661.8,658.7,657.1,659.9,667.7,661.3,658.7,660.6,663.8,672.5,682.0,663.5,660.1,658.5,667.1,660.2,661.9,665.3,0.600,0.007,0.299,-0.014,324.729,134.957,-25.732,-12.438,-6.286,11.628,-8.393,-7.019,5.899,1.686,3.601,6.844,-3.941,-0.331,-0.050,-3.912,-1.996,1.162,0.293,-1.249,-1.868,0.281,1.719,-0.183,-0.529,0.647,-0.050,-0.791,0.451,0.070,-0.026,-0.015,0.023,0.010,0.003,0.080,0.00,0.00,1.15,0.00,0.73,2.74,0.00,1.10,0.00,0.00,0.05,0.11,0.74,0.00,1.47,1.01,0.84,0.00,0.00,1.00,0.00,1.00,1.00,0.00,0.00,0.00,0.00,0.00,0.00,1.00,0.00,1.00,0.00,0.00,1.00
102,0,10.100,0.98,1,-0.161173,0.131373,-0.978143,-0.312560,0.136579,-0.940028,-0.242,0.139,303.6,304.7,307.3,309.9,311.0,310.1,307.3,304.7,300.7,301.9,303.9,306.7,309.6,311.9,313.6,311.8,309.2,306.5,304.1,302.0,306.3,307.4,308.5,309.0,308.5,307.4,306.3,305.8,337.7,338.7,341.5,344.4,345.7,344.7,341.9,338.9,335.2,336.7,339.0,342.1,345.2,347.7,349.4,347.8,345.4,342.7,339.8,337.1,340.5,341.8,343.0,343.4,342.8,341.6,340.4,339.9,111.0,108.3,107.0,108.0,110.5,113.4,114.5,113.5,112.8,110.9,109.6,108.8,109.2,110.5,112.4,113.3,113.7,113.9,114.0,113.7,112.1,112.5,112.0,110.8,109.7,109.3,109.8,111.0,109.1,106.3,105.0,106.1,108.8,111.7,112.9,112.1,111.3,109.2,107.7,106.9,107.4,108.6,110.4,111.4,111.9,112.2,112.2,112.0,110.4,110.9,110.3,109.1,107.9,107.4,108.0,109.2,10.4,12.1,16.1,20.2,21.9,20.6,16.2,12.2,5.8,7.7,10.9,15.1,19.8,23.4,26.1,23.1,19.0,14.9,11.1,7.9,14.6,16.4,18.1,18.9,18.1,16.3,14.6,13.8,60.1,61.6,65.8,70.0,71.9,70.3,66.1,61.7,56.4,58.6,61.9,66.4,71.1,75.1,77.9,75.1,71.4,67.2,63.0,59.1,64.2,66.1,67.9,68.6,67.8,65.9,64.1,63.4,-91.3,-95.6,-97.6,-95.9,-91.7,-87.1,-85.5,-87.1,-89.0,-91.7,-93.4,-94.4,-93.7,-91.7,-88.9,-87.3,-86.6,-86.2,-86.4,-87.3,-89.5,-88.8,-89.6,-91.5,-93.3,-94.0,-93.2,-91.3,-88.3,-92.7,-94.6,-93.1,-88.9,-84.5,-82.5,-83.7,-85.3,-88.2,-90.3,-91.3,-90.8,-89.4,-87.1,-85.2,-84.1,-83.5,-83.6,-83.9,-86.5,-85.8,-86.7,-88.6,-90.4,-91.1,-90.2,-88.3,642.2,642.9,642.6,641.4,640.0,639.4,639.6,640.8,647.0,644.3,641.6,639.8,639.4,639.9,640.7,639.4,638.5,639.0,640.8,643.7,641.7,641.2,641.1,641.4,642.0,642.5,642.7,642.3,601.8,602.9,603.6,603.5,602.5,601.3,600.6,601.0,602.9,601.8,600.9,600.7,602.0,604.3,606.7,603.7,601.2,599.8,599.9,601.3,602.3,602.3,602.6,603.1,603.5,603.6,603.3,602.8,45.7,-56.4,678.3,0.077,0.334,-0.015,292.0,291.6,292.6,294.5,297.0,301.2,306.9,314.1,324.1,335.4,346.6,356.6,364.2,368.8,370.9,371.9,372.4,293.9,297.5,303.4,309.8,315.8,329.1,336.8,344.9,352.5,358.0,322.1,321.0,319.9,318.8,313.7,317.2,320.9,325.4,329.6,300.6,304.2,309.3,313.7,309.2,304.2,335.0,339.4,344.8,349.6,345.3,339.9,309.3,312.8,317.8,321.4,325.7,333.0,340.3,333.8,327.0,322.3,318.2,313.1,311.5,318.0,321.7,326.0,337.7,326.5,322.0,318.2,116.8,127.6,138.4,149.0,159.1,168.1,175.4,181.1,182.9,181.7,177.0,170.1,161.2,150.4,138.6,126.6,114.5,104.8,99.0,96.7,96.8,99.0,98.1,94.9,94.3,96.4,101.5,108.5,114.8,121.1,127.7,136.0,137.1,138.0,136.9,135.7,112.9,109.3,109.2,112.4,113.7,114.1,111.4,107.5,107.4,110.4,112.0,112.2,154.5,149.7,147.3,148.2,147.1,149.2,153.1,159.5,162.0,162.5,162.3,160.1,154.4,151.4,151.5,151.1,153.4,156.6,157.1,156.7,-9.1,-9.7,-8.0,-4.6,-0.1,7.4,17.2,29.0,45.1,64.0,83.4,101.3,114.9,123.1,126.6,128.3,129.4,-5.3,0.9,10.8,21.5,31.1,52.7,65.2,78.6,91.1,100.4,41.2,39.0,36.9,34.7,27.4,32.8,38.6,45.8,52.6,6.1,12.3,20.7,28.1,20.6,12.2,62.8,69.8,78.6,86.4,79.2,70.6,20.7,26.0,33.7,39.4,46.2,58.2,70.9,59.6,48.4,40.9,34.5,26.6,24.3,34.2,39.9,46.9,66.5,47.7,40.6,34.6,-94.4,-74.8,-55.3,-36.1,-17.7,-1.6,11.1,20.5,23.1,21.1,13.4,1.9,-13.3,-31.8,-52.0,-72.7,-93.5,-111.8,-120.6,-123.0,-121.0,-116.1,-116.4,-121.5,-122.6,-119.2,-111.0,-99.4,-88.0,-77.0,-65.7,-54.0,-51.8,-50.1,-51.9,-53.8,-96.4,-101.6,-101.2,-95.3,-93.5,-93.5,-95.2,-101.3,-101.2,-96.4,-93.5,-93.4,-24.4,-31.8,-35.2,-33.6,-35.3,-32.0,-26.0,-15.3,-11.3,-10.5,-11.0,-14.7,-24.5,-28.7,-28.3,-28.9,-25.5,-20.0,-19.4,-20.0,738.3,737.3,737.0,736.9,732.1,722.9,709.0,690.9,680.0,679.2,686.4,693.5,697.3,699.1,699.0,698.9,700.5,710.8,703.1,693.8,683.9,676.9,669.7,668.8,669.9,670.2,671.4,670.3,663.1,655.7,648.4,667.6,662.8,658.8,658.5,658.9,700.8,694.9,690.6,687.2,690.0,694.1,674.4,672.2,670.4,670.9,669.2,671.0,686.0,670.6,662.0,658.9,657.3,660.1,667.8,661.5,659.0,660.8,664.0,672.8,682.2,663.7,660.3,658.7,667.3,660.4,662.1,665.5,0.599,0.006,0.300,-0.013,324.742,134.940,-26.007,-12.758,-6.193,11.667,-8.200,-7.237,5.849,1.663,3.726,6.818,-4.004,-0.306,-0.171,-3.988,-1.985,1.260,0.221,-1.331,-1.879,0.251,1.773,-0.131,-0.509,0.664,-0.031,-0.795,0.462,0.072,-0.020,-0.016,0.019,0.011,0.005,0.080,0.00,0.00,1.01,0.00,0.70,2.62,0.00,0.93,0.00,0.00,0.05,0.13,0.82,0.00,1.29,0.56,0.82,0.00,0.00,1.00,0.00,1.00,1.00,0.00,0.00,0.00,0.00,0.00,0.00,1.00,0.00,1.00,0.00,0.00,1.00
103,0,10.200,0.98,1,-0.152244,0.129498,-0.979822,-0.302691,0.133173,-0.943739,-0.232,0.136,303.7,304.8,307.3,309.9,311.0,310.1,307.4,304.8,300.7,302.0,304.0,306.7,309.6,312.0,313.6,311.7,309.2,306.5,304.1,302.1,306.3,307.4,308.6,309.0,308.6,307.4,306.3,305.8,337.6,338.6,341.3,344.2,345.5,344.5,341.8,338.8,335.1,336.6,338.9,342.0,345.0,347.5,349.2,347.6,345.3,342.6,339.7,337.1,340.4,341.6,342.8,343.3,342.7,341.4,340.3,339.8,111.8,109.1,107.9,108.9,111.4,114.3,115.3,114.4,113.6,111.8,110.4,109.7,110.1,111.4,113.2,114.1,114.5,114.8,114.8,114.5,112.9,113.4,112.8,111.7,110.5,110.1,110.7,111.8,110.1,107.3,106.0,107.1,109.8,112.6,113.9,113.1,112.2,110.2,108.7,108.0,108.5,109.6,111.4,112.4,112.9,113.1,113.1,113.0,111.4,111.8,111.3,110.1,108.9,108.4,109.0,110.2,10.6,12.3,16.3,20.4,22.0,20.7,16.3,12.3,5.9,7.9,11.1,15.3,19.9,23.6,26.3,23.2,19.2,15.0,11.2,8.1,14.7,16.5,18.3,19.0,18.3,16.5,14.7,14.0,60.5,62.1,66.3,70.5,72.4,70.8,66.6,62.1,56.8,59.0,62.3,66.9,71.6,75.5,78.4,75.6,71.9,67.7,63.5,59.6,64.7,66.6,68.4,69.1,68.3,66.4,64.6,63.9,-90.6,-94.9,-96.8,-95.1,-90.9,-86.2,-84.7,-86.3,-88.3,-90.9,-92.7,-93.6,-92.8,-90.9,-88.1,-86.5,-85.8,-85.4,-85.7,-86.5,-88.7,-88.0,-88.8,-90.7,-92.5,-93.2,-92.4,-90.5,-87.7,-92.1,-94.1,-92.5,-88.3,-83.9,-81.9,-83.2,-84.7,-87.6,-89.7,-90.8,-90.2,-88.9,-86.6,-84.6,-83.5,-83.0,-83.0,-83.3,-85.9,-85.2,-86.1,-88.0,-89.8,-90.5,-89.7,-87.7,646.0,646.7,646.4,645.2,643.8,643.2,643.5,644.7,650.8,648.2,645.5,643.6,643.2,643.7,644.5,643.3,642.4,642.8,644.7,647.6,645.6,645.1,644.9,645.2,645.8,646.3,646.5,646.2,607.8,609.0,609.7,609.6,608.7,607.5,606.7,607.0,608.9,607.8,606.9,606.8,608.1,610.5,612.9,609.9,607.3,605.9,606.0,607.3,608.4,608.4,608.7,609.2,609.6,609.7,609.3,608.8,45.8,-56.1,684.0,0.071,0.318,-0.010,291.7,291.2,291.9,293.6,296.1,300.4,306.2,313.5,323.5,335.0,346.2,356.3,364.0,368.6,370.7,371.6,372.1,294.0,297.7,303.7,310.1,316.0,329.1,336.7,344.7,352.2,357.8,322.2,321.1,320.1,319.0,313.7,317.2,320.9,325.4,329.6,300.6,304.3,309.3,313.7,309.2,304.2,334.9,339.3,344.7,349.3,345.1,339.9,309.0,313.0,318.0,321.6,325.8,332.8,340.2,333.3,326.7,322.0,318.0,313.1,311.2,318.1,321.7,326.1,337.6,326.3,321.8,318.1,117.7,128.3,139.0,149.6,159.5,168.3,175.2,180.6,182.3,181.2,176.9,170.4,161.7,151.1,139.4,127.4,115.4,105.5,99.8,97.7,97.9,100.0,99.1,95.9,95.3,97.4,102.4,109.4,115.8,122.2,128.8,136.9,138.0,138.9,137.8,136.7,113.7,110.2,110.1,113.3,114.6,114.9,112.3,108.5,108.4,111.4,113.0,113.2,154.4,150.3,148.3,149.2,148.1,150.0,153.2,158.7,160.8,161.3,161.0,159.2,154.4,152.1,152.2,151.8,153.5,155.9,156.3,155.9,-9.7,-10.6,-9.3,-6.1,-1.6,6.1,16.1,28.2,44.6,63.8,83.6,101.9,115.8,124.3,127.9,129.5,130.6,-5.2,1.3,11.5,22.1,31.7,53.2,65.7,79.1,91.6,101.0,41.8,39.6,37.4,35.2,27.6,33.1,39.0,46.2,53.1,6.3,12.5,21.0,28.4,20.8,12.3,63.3,70.4,79.1,87.0,79.7,71.2,20.3,26.6,34.3,40.1,46.9,58.6,71.4,59.5,48.3,40.8,34.5,26.7,23.9,34.6,40.4,47.4,67.0,47.8,40.6,34.7,-93.7,-74.2,-54.6,-35.4,-17.2,-1.3,10.8,19.8,22.3,20.6,13.4,2.4,-12.6,-31.1,-51.4,-72.2,-93.2,-111.6,-120.2,-122.4,-120.3,-115.5,-115.8,-120.9,-122.2,-118.8,-110.7,-98.9,-87.3,-76.0,-64.4,-53.0,-50.7,-49.0,-50.8,-52.7,-95.9,-101.0,-100.6,-94.7,-92.9,-92.9,-94.6,-100.7,-100.5,-95.8,-92.8,-92.7,-24.7,-31.0,-33.9,-32.3,-33.9,-31.1,-26.1,-16.8,-13.3,-12.6,-13.1,-16.3,-24.7,-27.8,-27.4,-28.0,-25.6,-21.5,-20.8,-21.5,745.1,743.8,743.4,743.3,738.5,729.1,714.5,696.1,685.5,685.4,693.5,701.3,705.8,708.2,708.2,707.9,709.4,717.0,709.2,700.1,690.3,683.1,675.9,675.2,676.5,677.0,678.5,676.9,669.5,661.9,654.5,673.7,668.9,664.9,664.8,665.5,706.8,700.9,696.7,693.6,696.0,700.0,681.0,678.9,677.2,677.8,676.0,677.6,692.0,676.9,668.8,665.8,664.3,667.4,675.0,667.7,664.6,666.1,669.3,678.1,688.2,670.1,666.8,665.4,674.1,666.3,667.8,671.1,0.594,0.002,0.283,-0.008,324.598,135.432,-20.571,-13.856,-8.995,8.282,-7.954,-2.242,5.078,0.590,1.652,7.839,-4.088,-0.169,-0.680,-4.697,-1.950,1.181,-0.457,-1.308,-2.207,0.419,1.921,0.041,-0.883,0.846,0.235,-0.779,0.254,0.039,-0.065,-0.041,0.013,0.010,0.001,0.088,0.00,0.00,0.86,0.00,0.70,2.61,0.00,0.79,0.00,0.00,0.03,0.15,0.83,0.00,1.14,0.29,0.80,0.00,0.00,1.00,0.00,1.00,1.00,0.00,0.00,0.00,0.00,0.00,0.00,1.00,0.00,1.00,0.00,0.00,1.00
104,0,10.300,0.98,1,-0.150676,0.126548,-0.980450,-0.301812,0.130494,-0.944394,-0.231,0.133,303.7,304.7,307.3,309.9,311.0,310.1,307.3,304.8,300.7,301.9,304.0,306.7,309.6,311.9,313.6,311.7,309.2,306.5,304.1,302.1,306.3,307.4,308.5,309.0,308.5,307.4,306.3,305.8,337.6,338.6,341.3,344.2,345.5,344.5,341.8,338.8,335.1,336.6,338.9,341.9,345.0,347.5,349.2,347.6,345.3,342.6,339.7,337.0,340.4,341.6,342.8,343.2,342.7,341.4,340.2,339.8,111.9,109.2,108.0,108.9,111.5,114.3,115.3,114.4,113.7,111.8,110.5,109.7,110.2,111.4,113.3,114.2,114.5,114.8,114.8,114.5,113.0,113.4,112.9,111.7,110.6,110.2,110.7,111.9,110.1,107.3,106.0,107.1,109.8,112.6,113.9,113.1,112.3,110.2,108.7,107.9,108.4,109.6,111.4,112.4,112.9,113.1,113.1,113.0,111.4,111.8,111.3,110.1,108.9,108.4,109.0,110.2,10.6,12.2,16.3,20.3,22.0,20.7,16.3,12.2,5.9,7.8,11.0,15.3,19.9,23.6,26.2,23.2,19.1,15.0,11.2,8.0,14.7,16.5,18.2,19.0,18.2,16.5,14.7,14.0,60.5,62.0,66.2,70.4,72.3,70.7,66.6,62.1,56.8,59.0,62.3,66.8,71.5,75.5,78.3,75.5,71.8,67.6,63.4,59.5,64.6,66.5,68.3,69.0,68.2,66.3,64.5,63.8,-90.4,-94.7,-96.6,-95.0,-90.7,-86.1,-84.6,-86.2,-88.2,-90.8,-92.5,-93.4,-92.7,-90.7,-87.9,-86.4,-85.7,-85.3,-85.5,-86.4,-88.5,-87.8,-88.6,-90.5,-92.4,-93.1,-92.3,-90.4,-87.6,-92.0,-94.0,-92.5,-88.3,-83.9,-81.9,-83.1,-84.6,-87.5,-89.7,-90.7,-90.2,-88.8,-86.5,-84.6,-83.5,-82.9,-82.9,-83.3,-85.9,-85.2,-86.0,-88.0,-89.8,-90.5,-89.6,-87.7,645.7,646.4,646.1,644.9,643.5,642.9,643.1,644.3,650.4,647.8,645.1,643.3,642.9,643.4,644.2,642.9,642.0,642.4,644.3,647.2,645.2,644.7,644.5,644.9,645.5,646.0,646.1,645.8,607.4,608.6,609.4,609.3,608.4,607.2,606.4,606.7,608.6,607.5,606.6,606.5,607.8,610.2,612.6,609.6,607.0,605.6,605.6,607.0,608.1,608.0,608.4,608.9,609.3,609.3,609.0,608.5,45.9,-56.1,685.0,0.069,0.316,-0.009,291.6,291.1,291.9,293.6,296.1,300.3,306.1,313.5,323.5,334.9,346.0,356.1,363.8,368.5,370.7,371.6,372.1,294.0,297.7,303.6,310.0,315.9,329.1,336.7,344.7,352.2,357.8,322.1,321.1,320.1,319.0,313.8,317.2,320.9,325.4,329.6,300.6,304.3,309.3,313.7,309.2,304.2,334.9,339.3,344.6,349.3,345.1,339.8,309.0,313.0,318.0,321.6,325.9,332.8,340.2,333.4,326.7,322.0,318.1,313.1,311.2,318.1,321.7,326.1,337.6,326.3,321.9,318.1,117.8,128.4,139.1,149.6,159.5,168.2,175.1,180.5,182.2,181.2,176.9,170.5,161.9,151.3,139.6,127.6,115.6,105.7,100.0,97.8,98.0,100.1,99.1,96.0,95.4,97.5,102.5,109.4,115.9,122.2,128.9,136.9,138.1,139.0,137.9,136.7,113.7,110.3,110.1,113.3,114.6,114.9,112.4,108.5,108.4,111.3,113.0,113.2,154.4,150.4,148.3,149.2,148.1,150.0,153.2,158.7,160.8,161.3,161.0,159.2,154.4,152.1,152.2,151.8,153.5,155.8,156.3,155.9,-9.8,-10.8,-9.4,-6.2,-1.7,6.0,16.0,28.1,44.5,63.7,83.4,101.8,115.8,124.4,128.1,129.7,130.9,-5.3,1.2,11.4,22.1,31.7,53.3,65.8,79.2,91.8,101.2,41.8,39.7,37.5,35.3,27.7,33.2,39.0,46.3,53.2,6.2,12.5,21.0,28.4,20.8,12.3,63.4,70.5,79.2,87.1,79.8,71.3,20.4,26.6,34.4,40.1,47.0,58.7,71.5,59.6,48.4,40.9,34.6,26.8,24.0,34.7,40.5,47.5,67.1,47.9,40.7,34.8,-93.5,-74.1,-54.6,-35.4,-17.3,-1.5,10.6,19.6,22.1,20.5,13.4,2.5,-12.3,-30.8,-51.1,-72.0,-93.0,-111.5,-120.1,-122.3,-120.3,-115.5,-115.9,-121.0,-122.2,-118.9,-110.8,-99.0,-87.3,-76.0,-64.4,-53.0,-50.7,-49.0,-50.8,-52.8,-95.9,-101.1,-100.7,-94.8,-92.9,-92.9,-94.7,-100.8,-100.7,-95.9,-93.0,-92.8,-24.8,-31.0,-34.0,-32.4,-34.0,-31.2,-26.1,-16.8,-13.4,-12.6,-13.1,-16.3,-24.7,-27.8,-27.4,-28.1,-25.7,-21.5,-20.9,-21.5,745.8,744.5,744.1,744.0,739.3,730.0,715.4,696.9,686.4,686.3,694.5,702.4,707.1,709.6,709.7,709.4,710.9,718.2,710.3,701.2,691.4,684.2,677.1,676.3,677.7,678.2,679.7,678.0,670.6,663.0,655.5,674.8,669.9,665.9,665.9,666.5,707.9,702.1,697.8,694.7,697.1,701.1,682.1,680.0,678.3,679.0,677.1,678.7,693.0,678.0,669.8,666.8,665.4,668.4,676.0,668.8,665.6,667.2,670.4,679.2,689.2,671.1,667.9,666.5,675.1,667.3,668.8,672.2,0.593,0.001,0.280,-0.008,324.578,135.476,-20.531,-14.761,-8.893,8.273,-7.639,-2.011,5.193,0.923,1.969,7.925,-4.019,-0.158,-0.394,-4.485,-1.803,1.282,-0.341,-1.197,-2.184,0.427,2.001,0.024,-0.872,0.922,0.188,-0.775,0.233,0.045,-0.063,-0.034,0.017,0.012,0.001,0.088,0.00,0.00,0.76,0.00,0.71,2.61,0.00,0.52,0.00,0.00,0.00,0.23,0.95,0.00,0.94,0.02,0.88,0.00,0.00,1.00,0.00,1.00,1.00,0.00,0.00,0.00,0.00,0.00,0.00,1.00,0.00,1.00,0.00,0.00,1.00
105,0,10.400,0.98,1,-0.150612,0.121825,-0.981058,-0.298462,0.123936,-0.946340,-0.229,0.127,303.6,304.7,307.2,309.8,310.8,309.9,307.1,304.6,300.5,301.8,303.9,306.6,309.5,311.8,313.4,311.6,309.0,306.3,303.9,301.9,306.2,307.3,308.4,308.9,308.4,307.3,306.2,305.7,337.5,338.5,341.2,344.1,345.4,344.4,341.6,338.6,334.9,336.5,338.8,341.9,344.9,347.3,349.0,347.4,345.1,342.4,339.6,336.9,340.2,341.5,342.7,343.1,342.5,341.3,340.1,339.7,111.8,109.2,108.0,109.0,111.5,114.4,115.3,114.4,113.6,111.8,110.5,109.8,110.2,111.5,113.4,114.2,114.5,114.7,114.7,114.4,113.0,113.4,112.9,111.7,110.6,110.2,110.7,111.9,110.5,107.8,106.5,107.6,110.3,113.1,114.3,113.5,112.6,110.6,109.2,108.5,109.0,110.2,111.9,112.9,113.4,113.5,113.5,113.4,111.8,112.3,111.8,110.5,109.3,108.9,109.4,110.6,10.4,12.2,16.3,20.3,21.9,20.5,16.0,12.0,5.7,7.7,10.9,15.2,19.8,23.4,26.0,23.0,18.9,14.7,10.9,7.8,14.5,16.3,18.1,18.8,18.1,16.4,14.6,13.8,60.6,62.2,66.4,70.6,72.4,70.8,66.6,62.1,56.8,59.1,62.4,67.0,71.7,75.6,78.4,75.6,71.9,67.7,63.4,59.6,64.7,66.6,68.4,69.1,68.3,66.5,64.6,63.9,-90.8,-95.1,-96.9,-95.2,-90.9,-86.3,-84.8,-86.5,-88.6,-91.1,-92.8,-93.7,-92.8,-90.9,-88.1,-86.6,-86.0,-85.7,-85.9,-86.8,-88.8,-88.1,-88.9,-90.8,-92.6,-93.4,-92.6,-90.7,-87.4,-91.8,-93.7,-92.1,-87.9,-83.5,-81.6,-82.8,-84.4,-87.3,-89.3,-90.3,-89.8,-88.4,-86.1,-84.2,-83.1,-82.7,-82.7,-83.1,-85.6,-84.9,-85.7,-87.6,-89.5,-90.2,-89.3,-87.4,647.6,648.4,648.1,646.9,645.4,644.8,645.0,646.2,652.4,649.8,647.1,645.3,644.9,645.4,646.1,644.8,643.9,644.3,646.2,649.2,647.2,646.6,646.5,646.8,647.4,648.0,648.1,647.8,610.1,611.4,612.2,612.1,611.1,609.9,609.1,609.3,611.2,610.2,609.3,609.2,610.6,613.0,615.4,612.4,609.7,608.3,608.3,609.6,610.8,610.7,611.1,611.6,612.0,612.1,611.7,611.2,45.0,-55.9,684.8,0.058,0.315,0.006,291.5,290.8,291.3,292.8,295.1,299.3,304.9,312.1,322.2,333.8,345.2,355.5,363.2,368.0,370.2,371.1,371.8,294.0,297.7,303.7,310.1,316.0,329.1,336.7,344.7,352.2,357.7,322.1,321.0,319.8,318.6,313.1,316.6,320.4,324.9,329.2,300.4,304.2,309.2,313.5,309.0,304.0,334.7,339.2,344.5,349.2,344.9,339.7,307.8,312.0,317.1,320.8,325.4,332.4,339.9,332.7,325.8,321.0,316.9,311.9,310.0,317.2,320.9,325.5,337.3,325.6,320.9,317.1,117.7,128.3,139.0,149.6,159.5,168.3,175.2,180.6,182.3,181.4,177.3,171.0,162.5,151.9,140.3,128.3,116.4,105.7,100.1,97.9,98.2,100.4,99.6,96.5,96.0,98.2,103.3,109.6,116.1,122.5,129.2,137.0,138.3,139.2,138.1,137.0,113.6,110.3,110.2,113.4,114.6,114.8,112.7,109.0,109.0,111.9,113.4,113.6,154.0,150.2,148.3,149.3,148.3,150.1,153.3,158.4,160.3,160.7,160.4,158.7,154.0,152.1,152.3,151.9,153.5,155.4,155.8,155.4,-10.1,-11.3,-10.3,-7.6,-3.4,4.1,13.9,25.8,42.3,61.8,82.0,100.6,114.8,123.6,127.3,128.9,130.3,-5.4,1.2,11.6,22.3,31.9,53.3,65.8,79.2,91.8,101.1,41.7,39.4,37.1,34.7,26.7,32.2,38.1,45.6,52.6,6.0,12.3,20.8,28.1,20.5,12.0,63.1,70.4,79.1,86.8,79.5,71.1,18.3,25.0,33.0,39.0,46.2,58.0,71.0,58.5,47.0,39.1,32.6,24.7,21.9,33.1,39.2,46.6,66.6,46.7,39.2,33.0,-93.8,-74.4,-54.8,-35.5,-17.2,-1.3,10.8,19.7,22.3,20.9,14.0,3.4,-11.3,-29.7,-50.0,-70.7,-91.7,-111.5,-120.1,-122.2,-120.0,-115.0,-115.2,-120.2,-121.3,-117.8,-109.5,-98.7,-87.0,-75.6,-63.9,-52.9,-50.5,-48.6,-50.3,-52.2,-96.1,-101.0,-100.6,-94.7,-93.0,-93.1,-94.1,-100.1,-99.8,-95.0,-92.3,-92.3,-25.5,-31.3,-33.9,-32.2,-33.8,-31.0,-26.1,-17.3,-14.1,-13.5,-14.0,-17.2,-25.3,-27.8,-27.3,-27.9,-25.6,-22.2,-21.6,-22.3,746.6,745.1,744.7,744.6,739.8,730.2,715.1,696.1,685.4,685.6,694.2,702.5,707.3,709.9,710.0,709.7,711.4,718.8,710.8,701.8,691.9,684.6,677.6,676.7,678.1,678.6,680.0,678.2,670.6,662.9,655.3,674.9,669.8,665.6,665.7,666.5,708.0,702.2,698.0,694.9,697.2,701.1,682.5,680.4,678.6,679.1,677.3,679.0,693.5,678.1,669.8,666.6,665.2,668.3,676.0,668.3,664.7,666.2,669.5,678.8,689.6,671.0,667.6,666.2,675.0,666.6,668.1,671.6,0.593,-0.010,0.280,0.007,324.077,135.608,-18.024,-14.003,-8.075,6.407,-9.501,0.278,3.586,0.336,0.875,8.373,-3.949,-0.204,-0.392,-3.743,-1.989,1.286,-0.560,-1.033,-2.063,0.144,1.837,-0.212,-0.883,0.915,0.243,-0.836,0.202,0.038,-0.077,-0.037,0.034,0.007,-0.013,0.090,0.00,0.00,0.86,0.00,0.73,2.87,0.00,0.53,0.00,0.00,0.00,0.20,0.85,0.00,1.15,0.40,1.04,0.00,0.00,1.00,0.00,1.00,1.00,0.00,0.00,0.00,0.00,0.00,0.00,1.00,0.00,1.00,0.00,0.00,1.00
106,0,10.500,0.98,1,-0.157503,0.139472,-0.977620,-0.304203,0.142911,-0.941826,-0.236,0.146,303.6,304.7,307.3,309.8,310.9,310.0,307.2,304.6,300.5,301.8,303.9,306.6,309.6,311.9,313.5,311.6,309.0,306.4,303.9,301.9,306.2,307.3,308.4,308.9,308.5,307.3,306.2,305.7,337.6,338.6,341.4,344.2,345.5,344.5,341.7,338.7,335.0,336.6,338.9,342.0,345.0,347.5,349.1,347.5,345.2,342.5,339.6,336.9,340.3,341.6,342.8,343.2,342.7,341.4,340.2,339.8,111.6,108.9,107.7,108.7,111.3,114.2,115.1,114.1,113.3,111.5,110.2,109.5,110.0,111.3,113.2,114.0,114.3,114.5,114.5,114.2,112.7,113.2,112.7,111.5,110.4,110.0,110.5,111.6,110.5,107.7,106.5,107.6,110.3,113.1,114.3,113.5,112.6,110.6,109.1,108.4,109.0,110.2,111.9,112.9,113.4,113.5,113.5,113.3,111.8,112.3,111.7,110.5,109.3,108.8,109.4,110.6,10.4,12.2,16.3,20.3,21.9,20.5,16.1,12.0,5.6,7.7,10.9,15.2,19.8,23.5,26.1,23.1,19.0,14.8,11.0,7.8,14.5,16.3,18.1,18.8,18.1,16.4,14.6,13.8,60.3,62.0,66.1,70.4,72.2,70.5,66.4,61.9,56.5,58.8,62.2,66.8,71.4,75.3,78.1,75.4,71.6,67.4,63.2,59.3,64.5,66.3,68.1,68.9,68.1,66.2,64.4,63.7,-91.0,-95.3,-97.1,-95.4,-91.1,-86.5,-85.0,-86.8,-88.8,-91.4,-93.0,-93.9,-93.1,-91.1,-88.3,-86.8,-86.2,-85.9,-86.2,-87.1,-89.1,-88.3,-89.1,-91.0,-92.8,-93.6,-92.8,-90.9,-87.0,-91.3,-93.3,-91.6,-87.4,-83.0,-81.1,-82.4,-84.0,-86.8,-88.9,-89.9,-89.3,-87.9,-85.6,-83.7,-82.6,-82.2,-82.3,-82.7,-85.1,-84.4,-85.2,-87.1,-89.0,-89.7,-88.9,-87.0,646.5,647.3,647.0,645.8,644.4,643.8,643.9,645.1,651.2,648.6,645.9,644.1,643.8,644.3,645.2,643.8,642.9,643.3,645.1,648.0,646.1,645.6,645.4,645.8,646.4,646.9,647.0,646.7,606.5,607.7,608.5,608.5,607.6,606.3,605.5,605.8,607.6,606.6,605.7,605.6,607.0,609.4,611.8,608.8,606.2,604.7,604.7,606.0,607.2,607.2,607.5,608.0,608.4,608.5,608.1,607.6,44.4,-54.3,677.3,0.084,0.327,0.007,291.7,291.0,291.6,293.2,295.4,299.3,304.8,311.9,321.9,333.5,344.8,355.0,362.9,367.8,370.0,371.2,371.8,294.1,297.7,303.6,310.1,315.9,329.2,336.7,344.7,352.2,357.6,322.0,320.8,319.6,318.4,313.0,316.5,320.2,324.8,329.1,300.4,304.2,309.2,313.6,309.1,304.1,334.8,339.3,344.7,349.3,345.0,339.8,307.7,311.5,316.8,320.6,325.1,332.5,339.9,333.0,325.9,320.9,316.7,311.5,309.9,316.8,320.7,325.3,337.4,325.6,320.9,316.9,117.1,127.7,138.5,149.1,159.3,168.5,176.2,182.4,184.5,183.7,179.2,172.4,163.5,152.6,140.7,128.4,116.2,105.1,99.4,97.3,97.6,100.0,99.3,96.1,95.6,97.8,102.9,109.4,116.0,122.5,129.3,137.2,138.5,139.5,138.4,137.3,113.4,110.0,110.0,113.2,114.3,114.6,112.6,108.9,109.0,111.9,113.4,113.5,155.0,150.7,148.7,149.7,148.7,150.8,154.6,161.2,163.7,164.1,163.7,161.2,155.1,152.7,152.9,152.6,154.9,158.4,158.7,158.2,-9.6,-10.9,-9.7,-6.9,-2.9,4.1,13.5,25.2,41.5,60.7,80.4,98.6,112.6,121.3,125.0,126.9,128.3,-5.1,1.3,11.3,21.8,31.3,52.7,64.9,78.1,90.4,99.4,40.9,38.6,36.3,33.9,26.2,31.6,37.4,44.8,51.8,5.8,12.2,20.6,27.9,20.3,12.0,62.3,69.5,78.1,85.7,78.5,70.2,18.0,23.9,32.1,38.0,45.3,57.4,70.3,58.4,46.7,38.8,32.1,23.9,21.6,32.3,38.3,45.6,66.1,46.2,38.7,32.4,-93.5,-74.3,-54.9,-35.9,-17.4,-0.9,12.4,22.6,25.9,24.5,17.2,5.8,-9.4,-28.0,-48.5,-69.4,-90.5,-111.0,-119.6,-121.6,-119.3,-114.2,-114.1,-119.2,-120.1,-116.6,-108.4,-97.6,-85.9,-74.6,-62.9,-52.0,-49.5,-47.6,-49.3,-51.1,-95.3,-100.2,-99.6,-93.7,-92.2,-92.4,-92.9,-98.7,-98.4,-93.6,-90.9,-91.0,-23.5,-30.1,-33.0,-31.2,-32.6,-29.4,-23.6,-12.6,-8.5,-7.9,-8.6,-12.9,-23.3,-26.6,-26.0,-26.4,-23.1,-17.2,-16.7,-17.6,734.9,734.0,734.2,735.0,731.0,722.4,708.8,690.5,679.7,679.0,686.4,693.6,697.4,699.3,698.7,698.1,699.4,708.9,701.2,692.1,682.3,675.4,668.3,667.1,668.0,668.2,669.1,668.8,661.6,654.3,647.1,666.9,661.8,657.7,657.6,658.1,699.0,693.2,689.0,685.7,688.4,692.4,672.8,670.5,668.5,668.9,667.4,669.3,686.7,670.9,661.9,658.6,656.9,659.8,667.6,661.4,658.7,660.6,664.0,673.2,682.9,663.6,660.0,658.3,667.2,660.2,662.0,665.6,0.600,0.015,0.294,0.010,324.017,136.171,-29.662,-15.869,-3.989,11.927,-10.062,-4.831,5.077,1.413,2.654,8.407,-3.799,-0.801,-0.049,-3.699,-2.868,1.106,0.365,-0.954,-2.572,0.064,1.719,-0.338,-0.432,0.852,-0.028,-0.758,0.373,0.074,-0.015,0.005,-0.005,0.027,0.007,0.089,0.00,0.00,0.99,0.00,0.75,3.09,0.00,0.48,0.00,0.00,0.00,0.15,0.79,0.00,1.42,0.82,1.16,0.00,0.00,1.00,0.00,1.00,1.00,0.00,0.00,0.00,0.00,0.00,0.00,1.00,1.00,0.00,0.00,0.00,1.00
107,0,10.600,0.98,1,-0.156943,0.140414,-0.977575,-0.302312,0.143633,-0.942325,-0.235,0.147,303.6,304.7,307.3,309.9,310.9,310.0,307.2,304.7,300.6,301.9,304.0,306.7,309.6,311.9,313.6,311.7,309.1,306.4,304.0,301.9,306.2,307.4,308.5,309.0,308.5,307.4,306.3,305.8,337.6,338.7,341.4,344.2,345.5,344.5,341.8,338.7,335.0,336.6,339.0,342.0,345.1,347.5,349.2,347.6,345.2,342.5,339.7,337.0,340.4,341.6,342.8,343.3,342.7,341.5,340.3,339.8,111.5,108.9,107.7,108.7,111.2,114.1,115.1,114.1,113.3,111.5,110.2,109.5,110.0,111.3,113.1,113.9,114.2,114.5,114.4,114.1,112.7,113.1,112.6,111.5,110.3,109.9,110.4,111.6,110.5,107.7,106.5,107.6,110.3,113.1,114.4,113.5,112.6,110.6,109.1,108.5,109.0,110.2,112.0,112.9,113.4,113.6,113.5,113.3,111.8,112.3,111.8,110.5,109.3,108.8,109.4,110.6,10.5,12.2,16.4,20.4,22.0,20.6,16.1,12.1,5.7,7.8,11.0,15.3,19.9,23.5,26.2,23.1,19.0,14.8,11.0,7.9,14.6,16.4,18.2,18.9,18.2,16.5,14.7,13.9,60.3,61.9,66.1,70.4,72.2,70.5,66.3,61.8,56.5,58.8,62.2,66.8,71.4,75.3,78.1,75.3,71.6,67.4,63.2,59.3,64.4,66.3,68.1,68.8,68.0,66.2,64.4,63.6,-91.0,-95.3,-97.1,-95.4,-91.1,-86.5,-85.0,-86.8,-88.9,-91.4,-93.0,-93.9,-93.0,-91.1,-88.3,-86.8,-86.2,-85.9,-86.2,-87.1,-89.1,-88.3,-89.1,-91.0,-92.9,-93.6,-92.8,-90.9,-86.8,-91.2,-93.1,-91.5,-87.2,-82.9,-81.0,-82.3,-83.9,-86.7,-88.7,-89.7,-89.1,-87.7,-85.4,-83.5,-82.5,-82.0,-82.2,-82.6,-85.0,-84.3,-85.1,-87.0,-88.9,-89.6,-88.7,-86.8,646.0,646.7,646.4,645.3,643.9,643.3,643.4,644.6,650.7,648.1,645.4,643.6,643.3,643.8,644.6,643.3,642.4,642.8,644.6,647.5,645.6,645.1,644.9,645.3,645.9,646.4,646.5,646.2,605.7,606.9,607.7,607.6,606.7,605.5,604.7,604.9,606.8,605.7,604.8,604.8,606.2,608.6,611.0,608.0,605.4,603.9,603.9,605.2,606.4,606.3,606.7,607.2,607.6,607.6,607.3,606.8,44.4,-54.2,676.6,0.084,0.325,0.010,291.7,291.0,291.6,293.1,295.3,299.2,304.7,311.8,321.8,333.3,344.5,354.8,362.7,367.7,370.0,371.2,371.9,294.2,297.8,303.7,310.1,316.0,329.2,336.8,344.9,352.4,357.8,322.0,320.8,319.7,318.4,313.0,316.4,320.2,324.8,329.2,300.5,304.2,309.2,313.7,309.1,304.1,334.8,339.4,344.7,349.3,345.1,339.8,307.7,311.5,316.8,320.5,325.1,332.5,339.9,333.0,325.9,320.9,316.7,311.5,309.9,316.8,320.7,325.3,337.4,325.6,320.8,316.9,116.9,127.5,138.2,148.9,159.1,168.5,176.3,182.6,184.9,184.0,179.6,172.7,163.8,152.9,140.9,128.5,116.2,105.1,99.4,97.3,97.6,100.0,99.3,96.1,95.7,97.9,103.1,109.4,116.0,122.5,129.3,137.1,138.4,139.5,138.4,137.3,113.3,110.0,110.0,113.2,114.3,114.5,112.6,109.0,109.0,111.9,113.5,113.5,155.0,150.7,148.7,149.7,148.7,150.8,154.6,161.4,163.8,164.2,163.8,161.2,155.1,152.6,152.9,152.6,154.9,158.5,158.8,158.3,-9.5,-10.8,-9.8,-6.9,-3.1,3.9,13.3,25.1,41.3,60.3,79.9,98.1,112.2,121.1,125.0,126.9,128.3,-4.9,1.4,11.3,21.9,31.4,52.7,65.1,78.3,90.6,99.6,40.9,38.6,36.3,33.9,26.1,31.5,37.3,44.8,51.8,5.9,12.3,20.7,28.0,20.4,12.1,62.3,69.5,78.1,85.7,78.5,70.2,18.0,23.9,32.0,38.0,45.2,57.4,70.2,58.3,46.6,38.7,32.0,23.8,21.6,32.2,38.2,45.6,66.0,46.2,38.6,32.4,-93.7,-74.6,-55.3,-36.2,-17.6,-1.0,12.6,23.0,26.4,25.0,17.8,6.4,-8.8,-27.5,-48.1,-69.2,-90.4,-111.0,-119.5,-121.5,-119.2,-114.1,-114.0,-119.0,-119.9,-116.3,-108.0,-97.5,-85.8,-74.5,-62.9,-52.0,-49.5,-47.5,-49.2,-51.0,-95.3,-100.2,-99.6,-93.7,-92.2,-92.4,-92.8,-98.6,-98.2,-93.4,-90.8,-90.9,-23.6,-30.1,-32.9,-31.1,-32.6,-29.4,-23.5,-12.4,-8.3,-7.7,-8.5,-12.8,-23.3,-26.6,-26.0,-26.4,-23.0,-17.0,-16.5,-17.5,733.8,732.9,733.2,734.0,730.1,721.7,708.3,690.2,679.4,678.7,686.0,693.3,697.1,699.0,698.4,697.8,698.9,708.1,700.4,691.3,681.5,674.7,667.6,666.4,667.4,667.6,668.7,668.1,660.8,653.5,646.2,666.1,661.0,656.9,656.8,657.4,698.3,692.5,688.3,685.0,687.7,691.7,672.1,669.8,667.9,668.2,666.8,668.7,686.1,670.2,661.2,657.9,656.2,659.2,667.1,660.8,658.1,659.9,663.3,672.6,682.3,662.9,659.3,657.6,666.6,659.5,661.3,664.9,0.601,0.016,0.291,0.013,324.016,136.206,-29.636,-16.519,-3.315,12.906,-10.534,-4.805,5.242,1.461,2.879,7.762,-4.115,-0.663,-0.171,-3.878,-2.642,1.104,0.149,-0.971,-2.482,0.068,1.559,-0.393,-0.401,0.864,-0.078,-0.768,0.408,0.070,-0.019,-0.003,-0.003,0.024,0.006,0.089,0.00,0.00,1.04,0.00,0.77,3.11,0.00,0.39,0.00,0.04,0.00,0.12,0.54,0.07,1.61,1.53,1.12,0.00,0.00,1.00,0.00,1.00,1.00,0.00,0.00,0.00,0.00,0.00,0.00,1.00,1.00,0.00,0.00,0.00,1.00
108,0,10.700,0.98,1,-0.154106,0.162043,-0.974676,-0.293717,0.161832,-0.942094,-0.230,0.167,303.4,304.6,307.2,309.7,310.7,309.8,307.0,304.5,300.4,301.7,303.8,306.5,309.4,311.7,313.4,311.5,308.9,306.2,303.8,301.8,306.0,307.2,308.3,308.8,308.3,307.2,306.1,305.6,337.5,338.6,341.4,344.2,345.4,344.3,341.6,338.5,334.8,336.5,338.9,342.0,345.0,347.4,349.0,347.4,345.1,342.4,339.5,336.8,340.2,341.5,342.7,343.1,342.6,341.4,340.2,339.7,111.4,108.7,107.6,108.6,111.2,114.1,115.0,114.0,113.0,111.2,110.0,109.4,109.9,111.2,113.1,114.0,114.3,114.5,114.4,114.0,112.6,113.0,112.5,111.4,110.2,109.8,110.3,111.5,110.9,108.1,107.0,108.1,110.9,113.8,114.9,114.0,112.9,111.0,109.6,109.0,109.6,110.8,112.6,113.6,114.1,114.2,114.1,113.8,112.3,112.8,112.3,111.1,109.9,109.3,109.9,111.1,10.1,11.9,16.0,20.0,21.6,20.2,15.7,11.7,5.4,7.5,10.7,15.0,19.5,23.2,25.8,22.7,18.7,14.5,10.7,7.5,14.2,16.0,17.8,18.6,17.9,16.1,14.3,13.6,59.9,61.7,65.9,70.1,71.8,70.0,65.9,61.4,56.1,58.4,61.9,66.5,71.1,74.9,77.6,74.9,71.1,67.0,62.7,58.9,64.0,65.9,67.7,68.5,67.7,65.9,64.0,63.3,-90.9,-95.2,-97.0,-95.2,-90.9,-86.3,-84.8,-86.6,-89.0,-91.4,-93.0,-93.7,-92.8,-90.8,-88.0,-86.5,-85.9,-85.6,-86.0,-87.0,-88.9,-88.2,-88.9,-90.8,-92.7,-93.5,-92.7,-90.8,-85.9,-90.2,-92.1,-90.4,-86.1,-81.8,-79.9,-81.3,-83.1,-85.9,-87.8,-88.7,-88.0,-86.6,-84.2,-82.3,-81.3,-80.9,-81.1,-81.6,-84.0,-83.2,-84.0,-85.9,-87.8,-88.6,-87.7,-85.9,643.8,644.3,643.9,642.8,641.6,641.1,641.4,642.6,648.7,645.9,643.1,641.2,640.9,641.5,642.4,641.1,640.3,640.7,642.6,645.5,643.4,642.9,642.7,643.0,643.5,644.0,644.2,643.9,603.8,605.0,605.8,605.8,605.0,603.9,603.1,603.2,605.0,603.9,603.0,602.9,604.4,606.9,609.4,606.4,603.8,602.2,602.2,603.4,604.6,604.6,605.0,605.5,605.8,605.8,605.4,605.0,43.7,-53.4,674.9,0.109,0.315,0.015,291.4,290.5,291.0,292.6,294.6,298.5,303.9,311.1,321.1,332.7,344.0,354.2,362.1,367.1,369.5,370.7,371.5,294.0,297.5,303.5,310.1,316.1,329.0,336.7,344.9,352.5,357.9,321.8,320.6,319.3,318.0,312.7,316.1,319.8,324.4,328.7,300.3,304.0,309.1,313.4,308.9,303.9,334.7,339.3,344.6,349.2,344.9,339.7,307.6,311.7,316.8,320.3,324.5,331.5,338.9,331.9,325.1,320.5,316.5,311.5,309.8,316.8,320.3,324.6,336.3,324.8,320.4,316.7,116.2,126.8,137.6,148.2,158.6,168.0,175.9,182.5,184.9,184.2,179.7,172.7,163.8,152.9,140.9,128.7,116.4,104.7,99.0,97.0,97.6,100.1,99.7,96.5,96.1,98.5,103.9,109.7,116.4,123.1,130.1,137.8,139.3,140.4,139.4,138.3,113.1,109.8,109.9,113.1,114.3,114.5,113.0,109.4,109.5,112.6,114.1,114.1,155.5,152.1,150.4,151.5,150.6,152.5,155.6,161.6,163.7,164.0,163.5,161.1,155.6,154.1,154.5,154.2,155.9,158.6,158.8,158.3,-10.1,-11.6,-10.7,-8.0,-4.2,2.7,12.0,23.8,40.2,59.4,79.1,97.4,111.4,120.2,124.2,126.0,127.5,-5.2,0.9,11.0,21.8,31.3,52.1,64.6,78.0,90.5,99.5,40.5,38.0,35.6,33.0,25.5,30.8,36.6,43.9,50.9,5.6,11.9,20.3,27.5,20.0,11.7,61.8,69.1,77.7,85.2,78.1,69.7,17.7,24.1,32.0,37.5,44.2,55.8,68.4,56.4,45.3,37.9,31.7,23.8,21.3,32.1,37.7,44.5,64.1,44.8,37.8,32.0,-94.7,-75.6,-56.3,-37.3,-18.6,-1.8,12.0,22.8,26.5,25.3,18.0,6.4,-8.9,-27.6,-48.1,-68.9,-90.0,-111.2,-119.7,-121.4,-118.7,-113.2,-112.9,-117.8,-118.7,-114.9,-106.5,-96.7,-84.7,-73.1,-61.3,-50.7,-48.0,-46.0,-47.6,-49.4,-95.4,-100.1,-99.3,-93.4,-91.8,-92.1,-91.9,-97.5,-97.0,-92.2,-89.4,-89.7,-22.7,-27.8,-30.1,-28.2,-29.6,-26.7,-21.8,-11.9,-8.6,-8.2,-9.0,-12.9,-22.3,-24.1,-23.5,-23.8,-21.4,-16.8,-16.5,-17.5,731.7,731.4,732.0,733.0,729.1,720.8,707.7,690.2,679.8,679.5,687.1,694.4,698.3,699.9,699.1,697.6,698.1,705.6,697.3,687.8,677.9,671.0,664.2,663.0,664.4,665.2,667.2,665.3,657.9,650.4,643.1,663.7,658.9,654.9,655.0,655.9,695.6,689.7,685.5,682.6,685.2,689.1,669.9,667.6,665.8,666.6,665.0,666.7,683.8,668.5,660.2,657.4,655.9,658.9,666.8,660.1,657.5,659.0,662.0,670.5,679.9,661.8,658.7,657.4,665.9,658.7,660.1,663.3,0.602,0.039,0.280,0.019,323.656,136.541,-25.411,-15.282,-8.228,15.783,-8.823,-1.565,4.851,-0.270,3.586,8.748,-4.509,-0.841,-1.138,-5.953,-2.696,0.438,-0.713,-1.136,-2.633,0.500,1.933,-0.558,-0.427,1.073,0.126,-0.736,0.159,0.059,-0.065,0.010,-0.072,0.019,0.015,0.070,0.00,0.00,0.89,0.00,0.66,3.04,0.00,0.19,0.00,0.18,0.03,0.21,0.49,0.32,1.17,1.47,1.01,0.00,0.00,1.00,0.00,1.00,1.00,0.00,0.00,0.00,0.00,0.00,0.00,1.00,1.00,0.00,0.00,0.00,1.00
109,0,10.800,0.93,1,-0.146440,0.164204,-0.975496,-0.289237,0.161856,-0.943475,-0.223,0.168,304.7,305.8,308.4,310.9,311.9,311.0,308.2,305.7,301.7,303.0,305.0,307.7,310.6,312.9,314.5,312.6,310.1,307.4,305.0,303.0,307.3,308.4,309.5,310.0,309.5,308.4,307.3,306.8,338.3,339.5,342.2,345.0,346.1,345.0,342.2,339.3,335.7,337.4,339.7,342.8,345.7,348.1,349.7,348.0,345.7,343.1,340.2,337.6,341.0,342.2,343.4,343.9,343.4,342.2,341.0,340.5,112.2,109.5,108.4,109.4,112.0,114.9,115.8,114.7,113.7,112.0,110.9,110.4,110.8,112.1,113.8,114.7,115.0,115.2,115.1,114.6,113.4,113.8,113.3,112.2,111.0,110.6,111.1,112.2,112.1,109.3,108.2,109.4,112.2,115.0,116.1,115.1,113.9,112.1,110.9,110.4,111.0,112.1,113.7,114.7,115.2,115.3,115.1,114.8,113.4,114.0,113.5,112.3,111.0,110.5,111.0,112.2,12.4,14.2,18.3,22.3,23.9,22.5,18.1,14.0,7.6,9.7,12.9,17.2,21.8,25.5,28.1,25.1,20.9,16.7,12.9,9.8,16.5,18.3,20.1,20.9,20.2,18.4,16.6,15.8,62.5,64.3,68.6,72.7,74.4,72.5,68.3,63.9,58.6,61.0,64.5,69.1,73.7,77.6,80.3,77.4,73.7,69.5,65.2,61.4,66.6,68.4,70.3,71.1,70.3,68.5,66.7,65.9,-91.6,-95.9,-97.6,-95.8,-91.5,-86.9,-85.4,-87.2,-89.8,-92.0,-93.4,-94.1,-93.3,-91.4,-88.8,-87.2,-86.6,-86.3,-86.7,-87.8,-89.6,-88.8,-89.6,-91.4,-93.3,-94.1,-93.4,-91.5,-86.1,-90.4,-92.2,-90.4,-86.0,-81.7,-80.0,-81.5,-83.5,-86.0,-87.8,-88.5,-87.8,-86.4,-84.3,-82.4,-81.4,-81.0,-81.3,-81.9,-84.1,-83.3,-84.1,-86.0,-87.9,-88.7,-87.9,-86.0,657.3,657.7,657.3,656.3,655.2,654.9,655.1,656.2,662.2,659.4,656.6,654.7,654.4,655.1,656.1,654.9,654.0,654.4,656.2,659.1,657.0,656.5,656.4,656.6,657.0,657.5,657.7,657.5,617.0,617.9,618.6,618.6,617.9,617.0,616.3,616.5,618.3,617.0,616.0,615.8,617.3,619.7,622.4,619.4,616.9,615.4,615.4,616.7,617.8,617.8,618.1,618.5,618.8,618.7,618.5,618.1,45.7,-55.2,688.3,0.084,0.297,0.033,292.3,291.3,291.5,292.7,294.7,298.5,303.8,311.0,320.9,332.3,343.6,354.0,362.0,367.2,369.8,371.2,372.3,295.2,298.7,304.8,311.4,317.3,330.0,337.8,345.9,353.5,358.9,323.0,321.8,320.5,319.2,313.6,317.0,320.7,325.3,329.6,301.6,305.3,310.2,314.6,310.1,305.1,335.5,340.1,345.3,349.8,345.6,340.4,308.3,312.8,317.7,321.1,325.2,331.8,338.9,331.8,325.4,321.0,317.3,312.5,310.5,317.6,321.1,325.3,336.3,325.2,321.0,317.4,116.2,126.6,137.1,147.6,157.7,166.7,174.2,180.4,182.8,182.4,178.4,172.2,163.7,153.1,141.3,129.2,117.1,105.0,99.2,97.2,97.9,100.4,100.1,97.1,96.8,99.3,104.8,110.5,116.9,123.3,130.0,137.7,139.1,140.2,139.3,138.3,113.7,110.7,110.8,113.8,115.0,115.2,113.9,110.7,110.9,113.7,115.2,115.2,154.5,151.5,150.1,151.1,150.3,152.0,154.8,159.3,160.7,160.8,160.4,158.8,154.6,153.7,154.1,153.8,154.9,155.8,156.0,155.5,-8.7,-10.5,-10.1,-7.9,-4.3,2.7,12.0,24.1,40.7,60.1,80.2,99.3,114.0,123.3,127.9,130.1,132.2,-3.2,3.0,13.4,24.4,34.2,55.0,67.8,81.6,94.4,103.7,43.4,40.9,38.3,35.8,27.6,33.1,39.0,46.4,53.5,8.0,14.4,22.7,30.0,22.4,14.0,64.7,72.2,80.8,88.4,81.1,72.6,19.3,26.4,34.2,39.7,46.4,57.3,70.0,57.4,46.7,39.4,33.4,25.9,22.9,34.1,39.7,46.5,65.5,46.4,39.5,33.8,-96.7,-77.6,-58.3,-39.1,-20.6,-4.1,9.1,19.7,23.5,22.8,16.2,5.5,-9.2,-27.9,-48.7,-69.8,-91.0,-113.1,-121.9,-123.7,-120.9,-115.3,-114.7,-119.5,-120.3,-116.4,-107.6,-97.7,-85.9,-74.5,-62.8,-52.1,-49.4,-47.3,-48.8,-50.6,-96.3,-100.6,-99.8,-94.3,-92.6,-92.8,-92.6,-97.6,-97.0,-92.5,-89.7,-90.0,-24.8,-29.2,-31.3,-29.4,-30.7,-28.0,-23.7,-16.1,-13.7,-13.4,-14.1,-17.1,-24.4,-25.3,-24.6,-25.0,-23.4,-21.7,-21.4,-22.3,747.2,746.4,746.7,747.4,743.1,734.3,720.4,702.9,693.2,693.8,702.2,710.4,714.9,717.1,716.9,715.5,716.2,721.4,713.0,703.2,693.3,686.1,678.8,678.1,680.1,681.4,683.6,680.9,673.4,665.8,658.3,678.2,673.5,669.7,670.1,671.2,710.5,704.5,700.4,697.6,699.9,703.7,685.4,683.3,681.8,682.8,680.9,682.4,696.0,681.3,673.9,671.3,669.9,673.0,681.2,672.9,669.5,670.7,673.5,681.9,692.0,675.3,672.5,671.2,679.6,671.1,672.2,675.2,0.590,0.016,0.258,0.035,324.342,136.199,-15.721,-17.234,-14.174,11.749,-8.923,0.942,2.758,-1.209,0.044,7.387,-7.166,-0.770,-2.239,-5.911,-1.847,-0.361,-2.636,-2.911,-2.848,-0.016,2.396,-1.300,-0.479,0.429,0.070,-0.747,-0.199,-0.055,-0.222,0.013,-0.056,-0.001,0.018,0.023,0.00,0.00,0.74,0.00,0.48,2.73,0.00,0.00,0.01,0.34,0.26,0.36,0.41,0.52,0.69,1.23,1.03,0.00,0.00,1.00,0.00,1.00,1.00,0.00,0.00,0.00,0.00,0.00,0.00,1.00,1.00,0.00,0.00,0.00,1.00
110,0,10.900,0.93,1,-0.155761,0.156360,-0.975341,-0.300220,0.152140,-0.941659,-0.234,0.160,304.6,305.8,308.4,310.9,311.9,310.9,308.1,305.6,301.6,302.9,305.0,307.7,310.6,312.8,314.4,312.5,309.9,307.3,304.9,302.9,307.2,308.3,309.4,309.9,309.5,308.4,307.3,306.8,338.3,339.5,342.3,345.0,346.2,345.0,342.2,339.2,335.6,337.3,339.7,342.8,345.8,348.2,349.7,348.1,345.8,343.1,340.2,337.5,341.0,342.2,343.4,343.9,343.4,342.2,341.0,340.5,111.9,109.2,108.1,109.2,111.8,114.7,115.6,114.5,113.3,111.7,110.6,110.0,110.6,111.9,113.7,114.6,114.9,115.0,114.9,114.4,113.1,113.6,113.1,111.9,110.8,110.3,110.8,112.0,112.1,109.3,108.2,109.4,112.2,115.0,116.1,115.1,113.9,112.1,110.8,110.3,110.9,112.1,113.9,114.9,115.3,115.4,115.2,114.9,113.5,114.0,113.5,112.3,111.1,110.5,111.0,112.2,12.2,14.0,18.1,22.1,23.6,22.1,17.7,13.7,7.5,9.5,12.7,17.0,21.5,25.1,27.7,24.7,20.5,16.3,12.6,9.5,16.2,18.0,19.8,20.6,19.9,18.2,16.4,15.6,61.6,63.4,67.7,71.8,73.4,71.6,67.3,62.9,57.7,60.1,63.6,68.1,72.8,76.6,79.3,76.5,72.7,68.5,64.2,60.4,65.6,67.4,69.3,70.1,69.4,67.6,65.7,64.9,-91.1,-95.4,-97.1,-95.2,-90.9,-86.3,-84.9,-86.8,-89.5,-91.7,-93.1,-93.7,-92.8,-90.8,-88.0,-86.5,-85.9,-85.7,-86.2,-87.4,-89.1,-88.3,-89.0,-90.9,-92.8,-93.6,-92.9,-91.0,-84.9,-89.2,-90.9,-89.1,-84.7,-80.5,-78.7,-80.2,-82.3,-84.9,-86.6,-87.4,-86.6,-85.2,-82.9,-81.0,-80.0,-79.7,-80.0,-80.7,-82.9,-82.1,-82.8,-84.7,-86.6,-87.4,-86.7,-84.8,650.8,651.3,650.8,649.6,648.5,648.3,648.6,649.7,655.8,653.0,650.1,648.2,647.8,648.4,649.4,648.2,647.4,647.9,649.8,652.7,650.5,650.0,649.8,650.0,650.4,650.9,651.2,651.0,608.4,609.3,610.0,610.0,609.3,608.4,607.7,607.9,609.7,608.4,607.4,607.2,608.6,611.1,613.7,610.8,608.3,606.8,606.8,608.1,609.1,609.1,609.4,609.8,610.1,610.1,609.8,609.4,45.3,-55.8,690.0,0.080,0.312,0.044,292.5,291.4,291.5,292.5,294.4,298.0,303.2,310.3,320.2,331.7,343.3,354.0,362.1,367.3,369.9,371.4,372.6,295.3,298.9,304.9,311.4,317.3,330.1,337.9,346.1,353.7,359.1,322.9,321.6,320.2,318.7,313.2,316.6,320.2,324.7,329.0,301.5,305.3,310.2,314.5,310.0,305.0,335.4,340.1,345.4,349.9,345.6,340.4,307.8,312.2,317.0,320.3,324.4,330.9,338.1,330.7,324.3,319.9,316.3,311.8,309.9,316.8,320.3,324.4,335.4,324.1,320.0,316.6,116.1,126.3,136.7,147.0,156.9,165.9,173.2,179.3,181.6,181.4,177.7,171.7,163.5,153.0,141.3,129.4,117.4,104.8,99.1,97.1,97.8,100.4,100.1,97.2,97.0,99.6,105.1,110.4,117.0,123.4,130.2,137.6,139.0,140.2,139.3,138.4,113.4,110.4,110.5,113.7,114.9,115.0,113.9,110.6,110.9,113.8,115.4,115.3,154.0,151.1,149.7,150.8,150.0,151.8,154.7,158.6,159.6,159.7,159.3,157.8,154.1,153.4,153.8,153.6,154.7,154.8,154.9,154.4,-8.4,-10.3,-10.2,-8.2,-4.8,1.9,11.0,22.9,39.5,59.1,79.8,99.3,114.3,123.7,128.3,130.6,132.8,-3.0,3.3,13.7,24.6,34.2,55.1,68.0,81.9,94.7,104.0,43.3,40.6,37.9,35.1,27.0,32.4,38.3,45.7,52.7,7.9,14.3,22.8,30.0,22.3,13.8,64.7,72.2,81.0,88.6,81.2,72.6,18.4,25.5,33.1,38.5,45.0,55.9,68.7,55.6,44.8,37.7,31.9,24.7,21.9,32.9,38.4,45.1,64.0,44.7,37.9,32.4,-97.4,-78.4,-59.3,-40.3,-22.1,-5.7,7.3,17.7,21.5,21.0,14.9,4.7,-9.7,-28.1,-48.7,-69.6,-90.7,-114.0,-122.6,-124.3,-121.3,-115.6,-114.8,-119.4,-120.1,-116.0,-107.0,-97.9,-86.1,-74.5,-62.8,-52.4,-49.6,-47.5,-48.9,-50.5,-97.2,-101.6,-100.7,-94.8,-93.0,-93.4,-92.6,-97.9,-97.2,-92.4,-89.6,-89.9,-25.7,-30.0,-32.0,-30.0,-31.3,-28.4,-24.0,-17.2,-15.4,-15.2,-16.0,-18.8,-25.4,-25.9,-25.1,-25.4,-23.8,-23.3,-23.2,-24.2,750.7,749.7,749.5,749.9,745.9,736.9,722.5,704.2,694.0,694.4,703.0,711.2,716.0,718.1,718.0,716.3,716.9,724.0,715.4,705.5,695.3,687.7,679.8,679.0,680.6,681.7,683.8,682.4,675.1,667.6,660.4,680.1,675.5,671.7,671.8,672.6,713.0,706.8,702.4,699.5,701.9,706.0,686.6,684.3,682.6,683.5,681.8,683.4,697.6,683.0,675.5,672.8,671.2,674.2,681.8,673.4,670.0,671.4,674.4,683.0,693.5,676.9,673.9,672.5,680.2,671.7,673.0,676.2,0.588,0.010,0.275,0.046,324.005,135.893,-11.356,-17.717,-17.019,8.578,-8.496,1.606,0.986,-1.906,-0.842,7.614,-6.508,-1.259,-1.771,-5.269,-1.477,0.160,-1.255,-2.129,-2.358,0.463,1.928,-0.941,-0.262,0.572,0.006,-0.655,0.020,-0.096,-0.161,0.002,-0.020,0.013,0.010,0.038,0.05,0.13,0.67,0.00,0.33,2.66,0.00,0.00,0.07,0.33,0.38,0.41,0.47,0.67,0.26,0.53,0.87,0.00,0.00,1.00,0.00,1.00,1.00,0.00,0.00,0.00,0.00,1.00,0.00,1.00,1.00,0.00,0.00,0.00,1.00
111,0,11.000,0.93,1,-0.159489,0.141161,-0.977055,-0.301354,0.137690,-0.943519,-0.235,0.144,304.6,305.8,308.4,311.0,311.9,310.9,308.1,305.6,301.6,302.9,305.0,307.7,310.6,312.9,314.5,312.6,309.9,307.3,304.9,302.9,307.2,308.3,309.5,310.0,309.6,308.5,307.3,306.8,338.4,339.5,342.3,345.1,346.3,345.2,342.4,339.4,335.7,337.4,339.8,342.9,345.9,348.3,349.9,348.3,345.9,343.2,340.3,337.6,341.1,342.3,343.5,344.0,343.5,342.3,341.1,340.6,111.5,108.8,107.7,108.8,111.4,114.3,115.2,114.1,113.0,111.2,110.0,109.5,110.1,111.5,113.4,114.3,114.6,114.7,114.6,114.1,112.7,113.2,112.7,111.6,110.4,109.9,110.4,111.6,111.6,108.7,107.6,108.8,111.7,114.5,115.6,114.6,113.5,111.6,110.2,109.6,110.2,111.5,113.3,114.4,114.8,115.0,114.8,114.5,113.0,113.5,113.0,111.8,110.5,110.0,110.5,111.7,12.0,13.9,18.0,21.9,23.3,21.8,17.4,13.5,7.4,9.3,12.5,16.8,21.3,24.9,27.4,24.3,20.2,16.1,12.3,9.3,16.0,17.7,19.5,20.4,19.7,18.0,16.2,15.4,60.9,62.6,66.8,71.0,72.7,70.9,66.7,62.2,57.0,59.4,62.8,67.4,72.0,75.8,78.5,75.7,72.0,67.8,63.6,59.7,64.9,66.7,68.6,69.4,68.6,66.8,65.0,64.2,-90.4,-94.6,-96.3,-94.4,-90.1,-85.5,-84.2,-86.1,-88.6,-91.0,-92.5,-93.1,-92.1,-90.0,-87.1,-85.6,-85.0,-84.9,-85.4,-86.5,-88.3,-87.5,-88.2,-90.1,-92.0,-92.8,-92.1,-90.2,-84.5,-88.8,-90.6,-88.8,-84.5,-80.2,-78.4,-79.9,-81.8,-84.5,-86.4,-87.2,-86.5,-85.0,-82.7,-80.7,-79.7,-79.3,-79.5,-80.2,-82.5,-81.8,-82.5,-84.4,-86.3,-87.1,-86.3,-84.4,641.0,641.4,640.9,639.7,638.5,638.1,638.5,639.8,646.0,643.2,640.3,638.3,637.8,638.3,639.2,638.1,637.3,637.9,639.8,642.8,640.5,640.0,639.7,639.9,640.5,641.0,641.2,641.0,600.3,601.3,602.1,602.1,601.4,600.4,599.6,599.7,601.4,600.3,599.4,599.3,600.8,603.3,605.9,602.9,600.3,598.8,598.7,599.9,601.1,601.1,601.4,601.9,602.2,602.2,601.8,601.4,45.3,-56.0,689.7,0.075,0.315,0.048,292.7,291.5,291.5,292.6,294.4,298.1,303.2,310.2,319.9,331.3,342.8,353.4,361.8,367.1,369.9,371.4,372.5,295.5,299.2,305.2,311.5,317.2,330.4,338.1,346.2,353.6,358.9,323.0,321.6,320.2,318.7,313.2,316.6,320.2,324.8,329.0,301.5,305.3,310.3,314.5,310.0,304.9,335.5,340.1,345.5,350.0,345.8,340.5,307.6,312.2,317.0,320.4,324.5,331.1,338.4,330.9,324.3,319.9,316.2,311.7,309.7,316.8,320.3,324.4,335.8,324.2,320.0,316.5,116.1,126.3,136.7,147.1,156.9,165.8,173.0,179.0,181.4,181.2,177.8,172.2,164.1,153.7,142.0,129.8,117.6,104.2,98.6,96.7,97.3,99.8,99.5,96.5,96.3,98.8,104.4,110.0,116.7,123.4,130.4,137.7,139.1,140.3,139.4,138.5,113.0,109.8,110.0,113.4,114.6,114.7,113.6,110.0,110.2,113.3,114.9,114.9,153.9,151.1,149.7,150.8,150.0,151.8,154.6,158.5,159.6,159.7,159.2,157.7,154.1,153.4,153.8,153.6,154.7,154.8,154.9,154.3,-7.9,-10.1,-10.0,-8.0,-4.7,1.9,11.0,22.7,38.9,58.2,78.6,98.1,113.4,123.2,128.0,130.3,132.4,-2.6,3.9,14.1,24.7,34.1,55.7,68.4,81.9,94.4,103.5,43.4,40.7,38.0,35.2,27.0,32.4,38.2,45.7,52.8,7.9,14.3,22.9,30.0,22.3,13.7,64.7,72.2,81.1,88.7,81.4,72.7,18.2,25.4,33.0,38.5,45.1,56.3,69.2,55.9,44.8,37.6,31.7,24.5,21.6,32.8,38.4,45.2,64.6,44.7,37.9,32.3,-97.0,-78.1,-59.1,-40.2,-22.0,-5.8,7.1,17.3,21.0,20.8,15.2,5.5,-8.6,-26.9,-47.5,-68.7,-90.1,-114.9,-123.3,-125.0,-122.1,-116.6,-115.8,-120.6,-121.2,-117.0,-108.0,-98.7,-86.4,-74.5,-62.4,-52.2,-49.4,-47.2,-48.7,-50.3,-97.7,-102.5,-101.5,-95.2,-93.5,-93.9,-93.1,-98.8,-98.2,-93.1,-90.2,-90.5,-25.8,-29.9,-31.9,-30.0,-31.3,-28.4,-24.0,-17.2,-15.4,-15.3,-16.1,-18.9,-25.4,-25.8,-25.0,-25.4,-23.8,-23.4,-23.3,-24.3,748.9,747.7,747.6,748.2,744.4,735.5,721.2,702.8,692.3,692.4,701.0,709.6,714.6,716.9,716.8,715.0,715.5,723.0,714.9,705.4,695.3,688.0,679.7,678.6,679.9,680.5,682.1,682.3,674.9,667.5,660.2,679.9,675.1,671.2,671.3,672.1,712.8,706.6,702.0,698.9,701.5,705.7,685.6,683.4,681.6,682.4,680.6,682.3,697.8,683.0,675.3,672.5,670.8,673.7,681.2,672.8,669.3,670.7,673.9,682.9,693.5,676.6,673.5,672.0,679.6,671.2,672.6,675.9,0.589,0.005,0.278,0.050,324.021,135.752,-15.946,-20.396,-17.269,8.936,-7.446,4.150,0.850,-0.026,-1.921,8.587,-6.383,-0.542,-1.201,-5.199,-1.680,0.898,-0.807,-1.674,-1.780,0.744,1.579,-0.670,-0.337,0.916,0.128,-0.868,0.021,-0.113,-0.160,-0.012,-0.007,0.014,0.030,0.048,0.05,0.13,0.74,0.00,0.27,2.41,0.00,0.00,0.11,0.33,0.49,0.58,0.53,0.73,0.15,0.18,0.68,0.00,0.00,1.00,0.00,1.00,1.00,0.00,0.00,0.00,0.00,1.00,0.00,1.00,0.00,0.00,0.00,0.00,1.00
112,0,11.100,0.93,1,-0.148089,0.127325,-0.980744,-0.293077,0.125452,-0.947822,-0.225,0.130,304.6,305.7,308.3,310.8,311.8,310.9,308.1,305.5,301.6,302.8,304.9,307.6,310.5,312.8,314.4,312.5,309.9,307.2,304.8,302.9,307.1,308.2,309.4,309.9,309.4,308.3,307.2,306.7,338.3,339.4,342.2,345.0,346.2,345.1,342.4,339.3,335.7,337.3,339.7,342.8,345.8,348.2,349.7,348.2,345.9,343.2,340.3,337.6,341.0,342.3,343.5,343.9,343.4,342.2,341.0,340.5,112.0,109.4,108.3,109.3,111.9,114.8,115.7,114.6,113.7,111.9,110.6,110.0,110.6,111.9,113.8,114.7,115.0,115.2,115.1,114.6,113.3,113.7,113.2,112.1,110.9,110.5,111.0,112.1,111.6,108.8,107.6,108.8,111.6,114.4,115.5,114.6,113.6,111.6,110.2,109.6,110.2,111.4,113.2,114.2,114.7,114.9,114.7,114.4,112.9,113.4,112.9,111.7,110.5,110.0,110.5,111.7,12.0,13.8,17.9,21.8,23.4,21.9,17.5,13.5,7.3,9.3,12.4,16.7,21.3,24.9,27.5,24.4,20.3,16.1,12.4,9.3,16.0,17.8,19.6,20.3,19.7,17.9,16.1,15.3,61.3,63.1,67.2,71.4,73.2,71.4,67.3,62.8,57.5,59.8,63.3,67.8,72.5,76.3,79.0,76.3,72.5,68.4,64.1,60.3,65.4,67.3,69.1,69.8,69.1,67.3,65.4,64.7,-90.1,-94.4,-96.1,-94.3,-90.0,-85.5,-84.1,-85.9,-88.2,-90.7,-92.3,-93.0,-92.1,-90.0,-87.1,-85.6,-85.0,-84.8,-85.2,-86.3,-88.2,-87.4,-88.1,-90.0,-91.9,-92.7,-91.9,-90.0,-85.2,-89.6,-91.4,-89.7,-85.4,-81.1,-79.3,-80.6,-82.4,-85.2,-87.2,-88.1,-87.4,-86.0,-83.6,-81.7,-80.6,-80.2,-80.4,-80.9,-83.3,-82.6,-83.4,-85.3,-87.2,-87.9,-87.1,-85.2,645.8,646.3,645.9,644.7,643.5,643.0,643.3,644.5,650.7,648.0,645.2,643.2,642.8,643.4,644.2,643.0,642.2,642.7,644.6,647.5,645.4,644.8,644.6,644.9,645.4,646.0,646.1,645.9,605.6,606.7,607.5,607.5,606.8,605.7,604.9,605.1,606.7,605.6,604.8,604.7,606.2,608.7,611.3,608.3,605.6,604.1,604.0,605.3,606.4,606.4,606.8,607.3,607.6,607.6,607.2,606.7,45.8,-56.4,695.7,0.058,0.297,0.045,292.4,291.3,291.4,292.5,294.3,297.9,303.2,310.3,320.0,331.2,342.5,353.1,361.6,367.1,369.9,371.4,372.5,295.3,299.0,305.0,311.4,317.1,330.1,337.8,345.8,353.2,358.8,322.8,321.6,320.4,319.0,313.5,316.8,320.5,325.0,329.2,301.4,305.2,310.2,314.4,309.9,304.9,335.5,340.1,345.4,349.9,345.7,340.5,308.2,312.7,317.4,320.7,324.8,331.2,338.2,331.1,324.7,320.4,316.8,312.3,310.3,317.2,320.6,324.7,335.7,324.5,320.4,317.0,117.2,127.1,137.2,147.3,157.0,165.7,172.8,178.6,180.8,180.7,177.6,172.3,164.4,154.2,142.4,130.1,117.8,105.4,99.9,98.1,98.6,100.9,100.3,97.3,96.9,99.2,104.5,110.3,117.0,123.7,130.6,137.7,139.2,140.2,139.3,138.3,113.7,110.4,110.5,113.8,115.0,115.2,113.6,110.0,110.1,113.2,114.8,114.8,154.0,151.1,149.7,150.7,149.8,151.6,154.3,157.8,158.7,158.8,158.4,157.2,154.1,153.2,153.6,153.3,154.4,154.1,154.2,153.7,-8.6,-10.6,-10.3,-8.2,-4.9,1.7,11.0,23.1,39.3,58.6,78.9,98.6,114.4,124.7,129.9,132.2,134.3,-3.1,3.5,14.0,24.8,34.3,55.9,68.7,82.2,95.0,104.6,43.7,41.2,38.6,36.0,27.7,33.1,39.0,46.5,53.6,7.8,14.3,23.0,30.2,22.5,13.8,65.5,73.0,81.9,89.5,82.2,73.5,19.2,26.6,34.1,39.5,46.1,56.9,69.5,56.7,45.9,38.8,33.0,25.9,22.8,33.8,39.4,46.1,65.0,45.7,38.9,33.4,-95.9,-77.3,-58.6,-40.1,-22.1,-6.0,6.7,16.6,20.1,20.1,14.9,5.7,-8.1,-26.4,-47.3,-69.0,-91.0,-113.8,-122.3,-123.9,-121.2,-116.1,-115.8,-120.7,-121.6,-117.9,-109.2,-99.1,-86.9,-74.9,-62.8,-52.7,-49.9,-47.8,-49.4,-51.0,-97.6,-102.5,-101.7,-95.5,-93.7,-94.0,-94.1,-100.0,-99.5,-94.5,-91.5,-91.7,-25.8,-30.1,-32.3,-30.5,-31.9,-29.0,-24.7,-18.7,-17.1,-16.9,-17.6,-19.9,-25.5,-26.4,-25.7,-26.1,-24.5,-24.8,-24.6,-25.5,755.1,753.5,753.1,753.7,750.1,741.5,727.2,708.6,697.8,698.1,707.4,716.9,723.1,726.3,726.8,725.2,725.7,730.5,722.2,712.9,703.0,695.5,687.9,686.9,688.4,689.1,690.8,689.7,682.2,674.5,667.1,686.5,681.6,677.6,677.9,678.8,720.2,714.1,709.6,706.5,708.9,713.0,693.5,691.5,689.9,690.6,688.7,690.3,703.1,688.9,681.8,679.0,677.4,680.4,687.5,678.9,675.4,676.9,680.0,688.6,698.7,682.8,679.7,678.2,685.9,677.4,678.8,682.1,0.583,-0.010,0.257,0.046,324.077,135.862,-11.929,-24.412,-18.336,8.569,-7.942,5.435,1.911,-0.064,-0.097,7.803,-5.251,0.385,-0.950,-4.564,-1.061,0.779,-0.780,-1.398,-2.116,0.907,1.440,-0.299,-0.290,0.617,0.159,-0.717,0.074,-0.040,-0.126,-0.006,0.004,0.029,0.032,0.063,0.05,0.13,0.84,0.00,0.28,2.39,0.00,0.00,0.15,0.30,0.42,0.70,0.62,0.84,0.04,0.00,0.35,0.00,0.00,1.00,0.00,1.00,1.00,0.00,0.00,1.00,0.00,1.00,0.00,1.00,0.00,0.00,0.00,0.00,1.00
113,0,11.200,0.93,1,-0.148586,0.126152,-0.980820,-0.293544,0.123948,-0.947876,-0.225,0.129,304.6,305.7,308.3,310.8,311.8,310.9,308.1,305.6,301.6,302.9,304.9,307.6,310.5,312.8,314.4,312.5,309.9,307.3,304.9,302.9,307.2,308.3,309.4,309.9,309.5,308.4,307.2,306.7,338.4,339.4,342.2,345.0,346.2,345.1,342.4,339.4,335.7,337.3,339.7,342.8,345.8,348.2,349.8,348.2,345.9,343.2,340.4,337.7,341.0,342.3,343.5,344.0,343.4,342.2,341.0,340.5,112.0,109.4,108.3,109.3,111.9,114.7,115.7,114.6,113.7,111.9,110.6,110.0,110.6,111.9,113.8,114.7,115.0,115.1,115.0,114.6,113.3,113.7,113.2,112.1,110.9,110.5,111.0,112.1,111.6,108.8,107.6,108.8,111.6,114.4,115.5,114.6,113.6,111.6,110.2,109.6,110.2,111.4,113.2,114.2,114.7,114.9,114.7,114.4,112.9,113.4,112.9,111.7,110.5,110.0,110.5,111.7,12.0,13.9,18.0,21.9,23.4,22.0,17.6,13.6,7.3,9.3,12.5,16.8,21.4,25.0,27.6,24.5,20.4,16.2,12.5,9.4,16.1,17.9,19.6,20.4,19.8,18.0,16.2,15.4,61.5,63.2,67.4,71.6,73.3,71.6,67.4,63.0,57.7,60.0,63.4,68.0,72.7,76.5,79.2,76.4,72.7,68.6,64.3,60.4,65.6,67.4,69.3,70.0,69.3,67.4,65.6,64.8,-90.4,-94.6,-96.4,-94.5,-90.3,-85.7,-84.3,-86.1,-88.4,-90.9,-92.5,-93.2,-92.3,-90.2,-87.4,-85.8,-85.2,-85.0,-85.4,-86.5,-88.4,-87.6,-88.3,-90.2,-92.1,-92.9,-92.1,-90.2,-85.4,-89.7,-91.6,-89.9,-85.6,-81.3,-79.4,-80.8,-82.6,-85.4,-87.3,-88.2,-87.6,-86.1,-83.8,-81.8,-80.7,-80.3,-80.5,-81.1,-83.5,-82.7,-83.5,-85.4,-87.3,-88.1,-87.3,-85.4,647.2,647.8,647.3,646.1,644.9,644.4,644.7,645.9,652.1,649.4,646.6,644.7,644.3,644.8,645.6,644.4,643.6,644.1,646.0,648.9,646.8,646.2,646.1,646.3,646.9,647.4,647.6,647.3,606.9,608.0,608.8,608.8,608.1,607.0,606.2,606.4,608.1,606.9,606.1,606.0,607.5,610.0,612.6,609.6,606.9,605.4,605.3,606.6,607.7,607.7,608.1,608.6,608.9,608.9,608.5,608.0,45.8,-56.3,695.6,0.056,0.298,0.047,292.4,291.3,291.5,292.6,294.3,297.9,303.2,310.2,319.9,331.1,342.4,353.0,361.5,367.1,369.9,371.4,372.6,295.3,299.0,305.0,311.4,317.1,330.2,337.9,345.8,353.3,358.8,322.9,321.7,320.4,319.0,313.4,316.8,320.5,325.0,329.2,301.5,305.2,310.2,314.5,310.0,304.9,335.5,340.1,345.4,349.9,345.7,340.5,308.1,312.7,317.4,320.7,324.8,331.2,338.3,331.1,324.7,320.4,316.7,312.3,310.3,317.2,320.6,324.7,335.7,324.5,320.4,316.9,117.2,127.1,137.2,147.3,157.0,165.7,172.8,178.6,180.8,180.8,177.7,172.4,164.6,154.3,142.6,130.3,118.0,105.5,99.9,98.1,98.6,100.8,100.3,97.3,96.9,99.3,104.6,110.3,117.0,123.6,130.5,137.7,139.1,140.2,139.2,138.3,113.7,110.4,110.5,113.8,115.0,115.2,113.6,110.0,110.2,113.2,114.8,114.8,154.0,151.1,149.7,150.7,149.8,151.6,154.3,157.8,158.7,158.8,158.5,157.2,154.1,153.2,153.5,153.3,154.4,154.1,154.2,153.8,-8.4,-10.5,-10.2,-8.2,-4.9,1.7,11.0,23.0,39.2,58.3,78.7,98.4,114.2,124.6,129.8,132.2,134.4,-3.0,3.5,14.0,24.8,34.3,56.0,68.8,82.4,95.1,104.7,43.7,41.2,38.7,36.0,27.7,33.0,39.0,46.5,53.6,7.9,14.4,23.0,30.2,22.5,13.9,65.5,73.0,81.9,89.5,82.2,73.5,19.2,26.5,34.1,39.5,46.1,57.0,69.6,56.7,45.9,38.7,32.9,25.8,22.7,33.8,39.3,46.1,65.1,45.6,38.9,33.3,-95.8,-77.3,-58.6,-40.0,-22.0,-5.9,6.8,16.7,20.2,20.2,15.1,5.9,-7.9,-26.1,-47.1,-68.8,-90.7,-113.7,-122.3,-123.9,-121.3,-116.2,-115.8,-120.7,-121.6,-117.8,-109.0,-99.2,-86.9,-75.0,-62.9,-52.7,-49.9,-47.9,-49.4,-51.1,-97.6,-102.5,-101.7,-95.5,-93.8,-94.0,-94.1,-100.0,-99.5,-94.4,-91.5,-91.7,-25.8,-30.2,-32.3,-30.5,-31.8,-29.0,-24.7,-18.6,-17.0,-16.8,-17.6,-19.9,-25.5,-26.4,-25.7,-26.1,-24.5,-24.7,-24.6,-25.5,755.1,753.4,753.0,753.5,749.9,741.2,727.0,708.4,697.6,697.8,707.0,716.6,722.7,726.0,726.5,724.9,725.6,730.5,722.3,712.9,703.0,695.6,687.9,687.0,688.4,689.1,690.8,689.6,682.1,674.4,666.9,686.3,681.4,677.4,677.7,678.5,720.1,714.1,709.6,706.4,708.8,713.0,693.4,691.4,689.8,690.5,688.6,690.2,703.1,688.8,681.7,678.8,677.2,680.3,687.5,678.8,675.2,676.7,679.8,688.6,698.8,682.7,679.6,678.1,685.9,677.2,678.6,682.0,0.583,-0.012,0.258,0.047,324.081,135.883,-12.245,-24.368,-17.739,8.656,-7.846,5.584,1.870,0.008,0.082,7.870,-5.495,0.634,-0.904,-4.714,-1.111,0.780,-0.759,-1.447,-2.058,0.884,1.401,-0.345,-0.156,0.591,0.124,-0.722,0.068,-0.019,-0.135,-0.004,-0.001,0.031,0.034,0.066,0.00,0.00,0.84,0.00,0.32,2.32,0.00,0.00,0.17,0.41,0.37,0.87,0.74,0.97,0.00,0.00,0.25,0.00,0.00,1.00,0.00,1.00,1.00,0.00,0.00,1.00,0.00,1.00,0.00,1.00,0.00,0.00,0.00,0.00,1.00
114,0,11.300,0.93,1,-0.145096,0.124504,-0.981553,-0.287521,0.122604,-0.949895,-0.220,0.127,304.6,305.8,308.4,310.9,311.9,311.0,308.2,305.6,301.6,302.9,305.0,307.7,310.6,312.9,314.5,312.6,310.0,307.3,304.9,302.9,307.2,308.3,309.5,310.0,309.5,308.4,307.3,306.8,338.4,339.5,342.3,345.1,346.3,345.2,342.5,339.5,335.8,337.4,339.8,342.9,345.9,348.3,349.8,348.3,346.0,343.3,340.5,337.7,341.1,342.4,343.6,344.0,343.5,342.3,341.1,340.6,112.0,109.4,108.3,109.3,111.9,114.8,115.7,114.6,113.7,111.9,110.7,110.1,110.6,111.9,113.8,114.7,114.9,115.1,115.0,114.6,113.3,113.7,113.2,112.1,110.9,110.5,111.0,112.1,111.6,108.8,107.6,108.7,111.5,114.3,115.5,114.6,113.5,111.6,110.2,109.6,110.2,111.4,113.2,114.2,114.6,114.8,114.6,114.4,112.9,113.4,112.9,111.7,110.5,110.0,110.5,111.7,12.1,13.9,18.0,22.0,23.5,22.0,17.6,13.6,7.4,9.4,12.6,16.8,21.4,25.0,27.6,24.6,20.4,16.3,12.5,9.4,16.1,17.9,19.7,20.5,19.8,18.1,16.3,15.5,61.5,63.3,67.4,71.6,73.4,71.7,67.5,63.0,57.7,60.0,63.5,68.1,72.7,76.5,79.2,76.5,72.8,68.6,64.4,60.5,65.6,67.5,69.3,70.1,69.3,67.5,65.6,64.9,-90.1,-94.4,-96.1,-94.3,-90.0,-85.4,-84.0,-85.8,-88.2,-90.6,-92.2,-92.9,-92.0,-90.0,-87.1,-85.6,-85.0,-84.8,-85.2,-86.2,-88.1,-87.3,-88.1,-89.9,-91.8,-92.6,-91.8,-90.0,-85.3,-89.7,-91.5,-89.8,-85.5,-81.2,-79.4,-80.7,-82.5,-85.3,-87.2,-88.1,-87.5,-86.0,-83.7,-81.8,-80.8,-80.3,-80.5,-81.0,-83.4,-82.7,-83.5,-85.4,-87.2,-88.0,-87.2,-85.3,645.5,646.1,645.7,644.5,643.2,642.7,643.0,644.2,650.4,647.7,644.9,643.0,642.6,643.1,643.9,642.7,641.9,642.4,644.3,647.2,645.1,644.6,644.4,644.6,645.2,645.7,645.9,645.6,606.1,607.2,608.1,608.1,607.4,606.2,605.4,605.5,607.2,606.1,605.3,605.2,606.8,609.3,611.8,608.8,606.1,604.6,604.5,605.7,606.9,606.9,607.3,607.8,608.1,608.1,607.7,607.2,46.0,-56.2,694.5,0.056,0.291,0.044,292.4,291.3,291.4,292.4,294.3,297.9,303.2,310.4,320.2,331.4,342.7,353.2,361.7,367.2,370.0,371.4,372.5,295.3,299.0,305.0,311.4,317.2,330.2,337.9,345.9,353.4,359.0,322.9,321.8,320.5,319.2,313.5,316.9,320.6,325.2,329.6,301.5,305.3,310.3,314.6,310.0,305.0,335.6,340.2,345.5,350.0,345.8,340.6,308.0,312.8,317.6,321.0,325.2,331.8,339.2,331.7,325.2,320.7,317.0,312.3,310.1,317.4,320.9,325.2,336.6,325.0,320.7,317.2,117.3,127.2,137.3,147.4,157.1,165.9,172.9,178.8,181.0,181.0,177.8,172.5,164.6,154.4,142.6,130.3,118.0,105.6,100.1,98.2,98.7,100.9,100.3,97.3,97.0,99.4,104.8,110.3,117.0,123.7,130.6,137.7,139.2,140.2,139.3,138.3,113.7,110.5,110.6,113.8,115.0,115.2,113.6,110.0,110.1,113.2,114.7,114.7,153.7,151.0,149.7,150.7,149.8,151.5,154.0,157.6,158.6,158.7,158.3,157.1,153.9,153.1,153.5,153.2,154.1,154.1,154.2,153.7,-8.4,-10.5,-10.3,-8.4,-5.0,1.7,11.1,23.2,39.5,58.7,79.1,98.7,114.5,124.9,130.0,132.2,134.3,-3.1,3.5,13.9,24.8,34.4,55.9,68.8,82.5,95.3,104.9,43.8,41.3,38.8,36.2,27.7,33.1,39.2,46.8,54.1,7.9,14.4,23.0,30.3,22.6,13.9,65.5,73.1,82.0,89.6,82.3,73.7,18.9,26.6,34.4,39.9,46.8,58.0,71.1,57.7,46.5,39.2,33.2,25.9,22.5,34.1,39.8,46.8,66.6,46.3,39.3,33.6,-95.5,-77.0,-58.4,-39.8,-21.8,-5.7,7.0,17.0,20.5,20.4,15.3,6.1,-7.7,-26.0,-47.0,-68.7,-90.6,-113.3,-121.8,-123.6,-121.0,-115.9,-115.6,-120.5,-121.4,-117.5,-108.7,-99.0,-86.7,-74.7,-62.6,-52.6,-49.7,-47.7,-49.3,-51.0,-97.4,-102.2,-101.5,-95.4,-93.7,-93.9,-94.0,-99.9,-99.4,-94.4,-91.5,-91.7,-26.3,-30.3,-32.2,-30.4,-31.8,-29.2,-25.3,-19.0,-17.2,-17.0,-17.7,-20.1,-25.9,-26.5,-25.8,-26.3,-25.0,-24.7,-24.6,-25.5,754.1,752.3,751.8,752.3,748.7,740.2,725.9,707.1,696.4,696.9,706.5,716.3,722.6,725.9,726.4,725.0,725.8,729.5,721.1,711.8,701.9,694.5,686.9,686.2,687.9,688.8,690.7,688.6,680.8,672.9,665.2,685.1,680.0,675.9,676.4,677.4,718.8,712.9,708.5,705.5,707.7,711.7,692.7,690.8,689.2,690.0,688.0,689.5,703.0,688.2,680.8,677.9,676.3,679.7,687.5,678.2,674.0,675.4,678.5,687.8,698.8,681.7,678.6,677.2,685.8,676.2,677.5,680.9,0.584,-0.012,0.250,0.045,324.237,135.886,-11.054,-24.301,-14.975,8.104,-8.383,7.228,1.100,0.374,-0.208,8.390,-5.856,0.757,-1.276,-4.951,-1.253,0.823,-0.990,-1.564,-1.849,0.796,1.530,-0.353,-0.412,0.690,0.124,-0.772,0.010,-0.039,-0.138,-0.020,0.021,0.013,0.023,0.058,0.00,0.00,0.84,0.00,0.35,2.33,0.00,0.00,0.20,0.38,0.29,0.87,0.80,1.03,0.00,0.00,0.19,0.00,0.00,1.00,0.00,1.00,1.00,0.00,0.00,1.00,0.00,1.00,0.00,1.00,0.00,0.00,0.00,0.00,1.00
115,0,11.400,0.93,1,-0.144738,0.123879,-0.981685,-0.287079,0.122010,-0.950105,-0.220,0.127,304.6,305.8,308.4,310.9,311.9,311.0,308.2,305.6,301.6,302.9,304.9,307.7,310.6,312.9,314.5,312.6,310.0,307.3,304.9,302.9,307.2,308.3,309.5,310.0,309.5,308.4,307.3,306.8,338.4,339.5,342.3,345.1,346.3,345.2,342.5,339.5,335.8,337.4,339.8,342.9,345.9,348.3,349.8,348.3,346.0,343.3,340.5,337.7,341.1,342.4,343.6,344.0,343.5,342.3,341.1,340.6,112.1,109.4,108.3,109.3,111.9,114.8,115.7,114.7,113.7,111.9,110.7,110.1,110.6,111.9,113.8,114.7,115.0,115.1,115.1,114.7,113.3,113.7,113.2,112.1,110.9,110.5,111.0,112.1,111.5,108.7,107.6,108.7,111.5,114.3,115.5,114.6,113.5,111.6,110.2,109.6,110.2,111.4,113.2,114.2,114.6,114.8,114.6,114.4,112.9,113.4,112.9,111.7,110.4,109.9,110.5,111.7,12.1,13.9,18.0,22.0,23.5,22.0,17.6,13.6,7.3,9.4,12.6,16.8,21.4,25.0,27.6,24.5,20.4,16.2,12.5,9.4,16.1,17.9,19.7,20.5,19.8,18.0,16.2,15.5,61.5,63.2,67.4,71.6,73.4,71.6,67.5,63.0,57.7,60.0,63.5,68.0,72.7,76.5,79.2,76.4,72.7,68.6,64.3,60.5,65.6,67.5,69.3,70.0,69.3,67.4,65.6,64.8,-90.0,-94.3,-96.0,-94.2,-89.9,-85.4,-84.0,-85.7,-88.1,-90.5,-92.1,-92.8,-91.9,-89.9,-87.1,-85.5,-85.0,-84.7,-85.1,-86.1,-88.0,-87.2,-88.0,-89.9,-91.7,-92.5,-91.8,-89.9,-85.3,-89.6,-91.5,-89.8,-85.5,-81.2,-79.3,-80.7,-82.5,-85.2,-87.2,-88.1,-87.5,-86.0,-83.7,-81.8,-80.7,-80.3,-80.5,-81.0,-83.4,-82.6,-83.5,-85.4,-87.2,-88.0,-87.2,-85.3,645.2,645.8,645.4,644.2,642.9,642.4,642.7,643.9,650.1,647.4,644.6,642.7,642.3,642.8,643.6,642.4,641.5,642.0,643.9,646.9,644.7,644.2,644.0,644.3,644.9,645.4,645.6,645.3,605.8,607.0,607.8,607.9,607.1,606.0,605.1,605.2,606.9,605.8,605.0,605.0,606.5,609.0,611.6,608.5,605.9,604.3,604.2,605.4,606.6,606.7,607.0,607.5,607.9,607.9,607.5,607.0,46.0,-56.2,694.3,0.056,0.290,0.044,292.4,291.3,291.4,292.5,294.3,298.0,303.3,310.5,320.2,331.5,342.7,353.3,361.7,367.2,370.0,371.4,372.5,295.3,298.9,305.0,311.4,317.2,330.2,337.9,345.9,353.5,359.0,322.9,321.8,320.5,319.2,313.5,316.9,320.7,325.3,329.6,301.5,305.3,310.3,314.6,310.0,305.0,335.6,340.2,345.5,350.0,345.8,340.6,308.0,312.8,317.6,321.1,325.3,331.8,339.2,331.8,325.2,320.7,317.0,312.4,310.2,317.4,321.0,325.2,336.6,325.0,320.7,317.2,117.4,127.3,137.4,147.5,157.2,165.9,173.0,178.8,181.0,181.0,177.8,172.4,164.6,154.3,142.6,130.3,118.1,105.7,100.1,98.2,98.7,100.9,100.3,97.3,97.0,99.4,104.8,110.3,117.0,123.7,130.6,137.7,139.2,140.2,139.3,138.3,113.7,110.5,110.6,113.8,115.0,115.2,113.6,110.0,110.1,113.1,114.7,114.7,153.7,151.1,149.7,150.7,149.8,151.5,154.0,157.6,158.6,158.7,158.3,157.1,153.9,153.1,153.5,153.2,154.1,154.1,154.2,153.7,-8.4,-10.5,-10.3,-8.3,-4.9,1.8,11.2,23.3,39.6,58.9,79.2,98.8,114.6,124.9,130.0,132.2,134.3,-3.1,3.4,13.9,24.8,34.3,55.9,68.8,82.5,95.3,104.9,43.8,41.3,38.8,36.2,27.7,33.2,39.2,46.8,54.1,7.9,14.4,23.0,30.3,22.6,13.9,65.5,73.1,81.9,89.6,82.3,73.6,19.0,26.7,34.4,40.0,46.8,58.0,71.1,57.8,46.6,39.3,33.3,25.9,22.6,34.2,39.9,46.9,66.6,46.4,39.4,33.7,-95.4,-76.9,-58.2,-39.6,-21.7,-5.6,7.1,17.0,20.5,20.4,15.3,6.0,-7.8,-26.1,-47.0,-68.7,-90.6,-113.2,-121.7,-123.5,-120.9,-115.8,-115.6,-120.5,-121.3,-117.5,-108.6,-99.0,-86.7,-74.7,-62.6,-52.5,-49.7,-47.6,-49.3,-51.0,-97.3,-102.2,-101.4,-95.3,-93.6,-93.8,-94.0,-99.9,-99.4,-94.4,-91.6,-91.7,-26.3,-30.2,-32.2,-30.4,-31.7,-29.1,-25.3,-19.0,-17.2,-17.0,-17.7,-20.1,-25.9,-26.5,-25.8,-26.2,-25.0,-24.7,-24.6,-25.4,754.1,752.3,751.7,752.3,748.6,740.0,725.7,706.9,696.2,696.7,706.4,716.2,722.5,725.8,726.4,725.0,725.8,729.4,721.0,711.7,701.8,694.3,686.8,686.1,687.8,688.7,690.7,688.5,680.7,672.7,665.0,685.0,679.8,675.7,676.2,677.3,718.7,712.8,708.4,705.3,707.6,711.6,692.6,690.8,689.2,689.9,687.9,689.4,702.8,688.0,680.6,677.7,676.2,679.5,687.4,678.1,673.9,675.2,678.4,687.6,698.6,681.6,678.4,677.0,685.6,676.0,677.3,680.8,0.584,-0.012,0.249,0.044,324.261,135.900,-10.814,-24.023,-14.922,8.181,-8.278,7.317,1.136,0.369,-0.158,8.400,-5.882,0.755,-1.252,-4.972,-1.228,0.833,-1.012,-1.556,-1.802,0.786,1.564,-0.349,-0.434,0.699,0.144,-0.784,0.003,-0.043,-0.140,-0.022,0.020,0.012,0.023,0.059,0.00,0.00,0.87,0.00,0.37,2.57,0.00,0.00,0.18,0.26,0.20,0.87,0.67,0.95,0.00,0.03,0.26,0.00,0.00,1.00,0.00,1.00,1.00,0.00,0.00,1.00,0.00,1.00,0.00,1.00,0.00,0.00,0.00,0.00,1.00
116,0,11.500,0.93,1,-0.145037,0.120012,-0.982121,-0.284376,0.119451,-0.951242,-0.219,0.123,304.1,305.2,307.8,310.3,311.4,310.5,307.7,305.2,301.1,302.4,304.4,307.1,310.0,312.3,314.0,312.1,309.5,306.9,304.5,302.5,306.7,307.8,309.0,309.4,309.0,307.9,306.7,306.3,337.9,338.9,341.7,344.4,345.7,344.6,341.9,338.9,335.3,336.9,339.2,342.3,345.3,347.6,349.1,347.6,345.3,342.7,339.9,337.2,340.6,341.8,343.0,343.4,342.9,341.7,340.5,340.0,112.1,109.4,108.3,109.2,111.8,114.7,115.6,114.6,113.8,112.0,110.7,110.1,110.5,111.8,113.6,114.5,114.8,115.1,115.0,114.7,113.2,113.7,113.2,112.0,110.9,110.5,111.0,112.1,111.3,108.5,107.4,108.5,111.3,114.0,115.2,114.3,113.3,111.3,110.0,109.4,109.9,111.1,112.9,113.9,114.3,114.5,114.4,114.1,112.6,113.1,112.6,111.4,110.2,109.7,110.2,111.4,11.4,13.1,17.2,21.2,22.8,21.4,17.0,13.0,6.7,8.7,11.8,16.1,20.7,24.3,27.0,23.9,19.8,15.7,11.9,8.8,15.5,17.2,19.0,19.8,19.1,17.3,15.5,14.8,61.6,63.3,67.4,71.7,73.4,71.7,67.5,63.0,57.7,60.1,63.5,68.1,72.7,76.5,79.2,76.5,72.8,68.6,64.4,60.5,65.6,67.5,69.3,70.1,69.3,67.5,65.6,64.9,-90.8,-95.1,-96.9,-95.1,-90.9,-86.3,-84.8,-86.5,-88.8,-91.2,-92.8,-93.6,-92.8,-90.9,-88.1,-86.5,-85.9,-85.6,-85.9,-86.9,-88.9,-88.1,-88.9,-90.8,-92.6,-93.4,-92.6,-90.7,-86.9,-91.2,-93.1,-91.3,-87.1,-82.7,-80.9,-82.3,-84.0,-86.8,-88.8,-89.6,-89.0,-87.6,-85.2,-83.3,-82.3,-81.9,-82.0,-82.6,-85.0,-84.2,-85.0,-86.9,-88.8,-89.5,-88.7,-86.8,650.7,651.3,650.9,649.7,648.5,648.0,648.2,649.4,655.6,652.9,650.1,648.2,647.8,648.4,649.2,648.0,647.1,647.6,649.4,652.4,650.3,649.8,649.6,649.9,650.4,650.9,651.1,650.8,614.3,615.4,616.2,616.3,615.5,614.4,613.6,613.7,615.4,614.3,613.4,613.4,614.9,617.4,620.0,617.0,614.3,612.7,612.7,613.9,615.1,615.1,615.5,616.0,616.3,616.3,615.9,615.4,45.0,-55.9,691.9,0.042,0.289,0.041,291.8,290.7,291.0,292.1,293.9,297.5,302.7,309.9,319.8,331.2,342.6,353.1,361.4,366.6,369.3,370.6,371.6,294.8,298.5,304.5,310.9,316.6,329.7,337.2,345.1,352.4,357.9,322.4,321.2,320.0,318.7,313.2,316.5,320.2,324.7,329.0,301.0,304.7,309.7,314.0,309.5,304.5,335.1,339.6,344.9,349.3,345.2,340.0,307.9,312.5,317.3,320.6,324.7,331.2,338.3,331.1,324.8,320.4,316.7,312.1,310.0,317.1,320.5,324.7,335.7,324.5,320.3,316.9,117.4,127.4,137.6,147.8,157.7,166.6,173.8,179.7,181.9,181.8,178.6,173.0,164.9,154.5,142.6,130.2,117.8,105.7,100.2,98.3,98.8,101.0,100.3,97.3,96.9,99.1,104.3,110.1,116.7,123.3,130.1,137.6,139.0,140.0,139.0,138.0,113.8,110.5,110.5,113.7,114.9,115.2,113.3,109.8,109.9,112.9,114.4,114.4,154.3,151.3,149.7,150.7,149.8,151.6,154.3,157.9,158.8,159.0,158.7,157.5,154.4,153.3,153.6,153.3,154.4,154.2,154.4,153.9,-9.5,-11.5,-11.1,-9.0,-5.6,0.9,10.1,22.2,38.7,58.1,78.5,98.0,113.5,123.4,128.2,130.2,132.0,-3.8,2.6,13.0,23.9,33.3,55.0,67.6,80.9,93.4,102.8,42.7,40.3,37.8,35.3,27.0,32.4,38.3,45.8,53.0,7.1,13.5,22.0,29.3,21.6,13.1,64.6,72.0,80.7,88.2,81.1,72.5,18.6,26.0,33.7,39.1,45.8,56.7,69.3,56.5,45.7,38.5,32.6,25.4,22.2,33.4,39.0,45.8,64.8,45.4,38.6,33.0,-95.0,-76.5,-57.6,-38.9,-20.7,-4.4,8.5,18.4,21.9,21.8,16.6,7.0,-7.2,-25.7,-46.9,-68.7,-90.6,-112.7,-121.3,-123.1,-120.6,-115.7,-115.5,-120.5,-121.4,-117.8,-109.3,-99.3,-87.1,-75.2,-63.2,-52.6,-49.8,-47.9,-49.5,-51.3,-97.0,-101.9,-101.3,-95.4,-93.6,-93.7,-94.3,-100.0,-99.6,-94.7,-91.8,-92.0,-25.2,-29.8,-32.0,-30.2,-31.6,-28.9,-24.6,-18.4,-16.7,-16.5,-17.1,-19.3,-24.9,-26.1,-25.5,-25.9,-24.4,-24.4,-24.2,-25.0,751.7,750.0,749.6,750.0,746.0,737.1,722.9,704.1,693.4,693.8,703.4,713.4,719.8,723.1,723.5,721.8,722.6,727.1,719.1,710.2,700.7,693.6,686.3,685.4,686.9,687.4,688.7,687.3,679.3,671.2,663.3,682.9,677.8,673.8,674.3,675.4,716.8,711.1,706.8,703.7,706.0,709.9,691.4,689.4,687.8,688.4,686.5,688.1,699.3,684.8,677.9,675.1,673.7,676.7,684.1,675.1,671.3,672.6,675.6,684.3,694.9,678.8,675.8,674.5,682.4,673.5,674.7,678.0,0.586,-0.024,0.250,0.041,323.742,135.990,-13.240,-22.946,-17.215,10.471,-11.670,6.270,2.618,0.737,0.886,7.083,-5.701,0.834,-1.608,-5.560,-1.341,0.101,-1.004,-1.296,-1.817,0.470,1.820,-0.346,-0.203,0.615,0.242,-0.805,-0.148,-0.019,-0.178,-0.039,-0.003,-0.011,0.012,0.076,0.00,0.00,1.09,0.00,0.45,2.82,0.00,0.26,0.10,0.30,0.12,1.01,0.53,0.59,0.37,0.85,0.32,0.00,0.00,1.00,0.00,1.00,1.00,0.00,0.00,0.00,0.00,1.00,0.00,1.00,0.00,0.00,0.00,0.00,1.00
117,0,11.600,0.93,1,-0.164219,0.121573,-0.978904,-0.305354,0.124376,-0.944081,-0.240,0.127,303.9,305.0,307.6,310.2,311.2,310.3,307.4,304.9,300.8,302.1,304.2,306.9,309.8,312.1,313.8,311.9,309.3,306.6,304.2,302.2,306.5,307.6,308.7,309.2,308.8,307.7,306.5,306.0,337.7,338.8,341.6,344.4,345.6,344.5,341.7,338.7,335.1,336.7,339.1,342.2,345.2,347.5,349.1,347.5,345.2,342.5,339.7,337.0,340.4,341.6,342.8,343.3,342.8,341.6,340.4,339.9,112.0,109.3,108.1,109.2,111.8,114.6,115.6,114.5,113.7,111.9,110.7,110.0,110.5,111.8,113.6,114.5,114.7,115.0,114.9,114.6,113.2,113.6,113.1,111.9,110.8,110.4,110.9,112.0,111.3,108.6,107.4,108.6,111.3,114.1,115.3,114.4,113.3,111.4,110.1,109.5,110.1,111.2,113.0,113.9,114.4,114.5,114.4,114.1,112.7,113.2,112.7,111.5,110.3,109.8,110.3,111.5,10.9,12.7,16.8,20.8,22.3,20.9,16.5,12.4,6.1,8.2,11.4,15.6,20.2,23.9,26.5,23.4,19.3,15.1,11.3,8.2,15.0,16.7,18.5,19.3,18.6,16.9,15.1,14.3,61.0,62.8,67.0,71.2,72.9,71.1,66.9,62.5,57.2,59.5,63.0,67.5,72.2,76.1,78.8,76.0,72.2,68.0,63.8,59.9,65.1,67.0,68.8,69.6,68.8,67.0,65.1,64.4,-90.2,-94.5,-96.3,-94.5,-90.2,-85.6,-84.2,-85.9,-88.2,-90.6,-92.2,-93.0,-92.1,-90.2,-87.4,-85.9,-85.3,-85.1,-85.4,-86.3,-88.2,-87.5,-88.2,-90.1,-92.0,-92.8,-92.0,-90.1,-86.4,-90.7,-92.6,-90.8,-86.5,-82.2,-80.4,-81.8,-83.6,-86.3,-88.2,-89.0,-88.4,-86.9,-84.7,-82.8,-81.8,-81.4,-81.6,-82.2,-84.5,-83.7,-84.5,-86.4,-88.3,-89.0,-88.2,-86.3,645.4,646.1,645.7,644.5,643.2,642.6,642.9,644.1,650.3,647.6,644.8,642.9,642.6,643.1,643.9,642.6,641.8,642.2,644.1,647.0,645.0,644.4,644.3,644.6,645.2,645.7,645.9,645.6,611.4,612.6,613.3,613.3,612.4,611.3,610.6,610.8,612.6,611.5,610.5,610.4,611.8,614.3,616.8,613.8,611.2,609.7,609.7,611.0,612.2,612.1,612.5,613.0,613.3,613.3,613.0,612.5,43.7,-53.2,676.8,0.040,0.327,0.037,291.9,291.1,291.7,293.1,295.0,298.5,303.3,310.2,320.1,331.7,343.3,353.8,361.8,366.8,369.2,370.6,371.4,294.6,298.6,304.5,310.8,316.4,329.6,337.0,344.8,352.1,357.5,322.2,321.0,319.7,318.3,312.7,316.1,319.8,324.5,328.9,300.7,304.5,309.5,313.9,309.3,304.3,334.9,339.5,344.8,349.3,345.1,339.8,307.3,311.0,316.1,319.9,324.4,331.4,338.3,331.5,324.8,319.8,315.6,310.7,309.6,316.1,319.9,324.5,335.6,324.5,319.8,315.9,116.9,127.6,138.6,149.5,160.0,169.5,177.4,183.7,186.0,185.6,181.7,175.1,166.2,155.1,142.8,130.1,117.6,105.0,99.5,97.8,98.3,100.7,100.2,97.2,96.8,98.8,103.8,110.0,116.6,123.2,130.1,137.7,139.1,140.1,139.1,138.1,113.7,110.4,110.5,113.6,114.8,115.0,113.4,109.9,110.0,112.9,114.4,114.4,156.0,151.0,148.7,149.8,148.9,151.3,155.8,161.2,163.1,163.4,163.0,161.0,155.9,153.2,153.4,153.2,155.9,157.4,157.6,157.1,-9.1,-10.6,-9.6,-7.0,-3.6,2.6,11.0,22.3,38.4,57.6,77.7,96.6,110.9,119.8,123.8,125.8,127.5,-4.2,2.7,12.7,23.1,32.3,53.5,65.7,78.4,90.5,99.4,41.5,39.0,36.5,33.9,25.8,31.1,36.9,44.4,51.6,6.4,12.8,21.2,28.4,20.8,12.4,62.7,70.0,78.5,86.0,78.8,70.4,17.3,22.9,30.9,36.8,44.1,55.4,67.3,55.7,44.6,36.8,30.2,22.6,20.9,31.0,37.0,44.3,62.8,44.4,36.9,30.7,-94.0,-74.5,-54.7,-35.2,-16.2,0.9,14.6,24.8,28.2,27.6,21.3,10.3,-4.9,-23.9,-45.0,-66.6,-88.1,-111.4,-119.7,-121.2,-118.6,-113.6,-113.1,-117.8,-118.6,-115.3,-107.1,-97.1,-85.3,-73.8,-62.0,-51.2,-48.6,-46.6,-48.3,-50.0,-95.0,-99.7,-99.1,-93.3,-91.7,-91.9,-92.0,-97.4,-96.9,-92.1,-89.5,-89.8,-21.8,-29.5,-32.8,-30.9,-32.4,-28.5,-21.5,-12.6,-9.5,-9.1,-9.8,-13.2,-21.8,-25.7,-25.2,-25.4,-21.4,-18.8,-18.4,-19.3,735.8,734.8,734.9,735.2,731.1,722.0,708.2,689.4,678.3,677.7,685.4,693.8,698.3,700.1,699.3,698.0,698.9,710.0,702.7,693.9,685.0,678.6,671.0,669.7,670.2,670.0,670.1,671.7,664.3,656.9,649.6,668.5,663.1,658.8,658.8,659.5,700.9,695.1,690.9,687.3,690.2,694.2,674.9,672.5,670.5,670.6,669.2,671.2,684.0,668.7,661.1,657.7,656.0,658.4,665.5,658.5,655.8,657.7,661.2,669.8,679.8,662.7,659.0,657.3,664.7,657.8,659.6,663.2,0.600,-0.023,0.295,0.037,323.601,136.839,-27.217,-16.432,-11.002,14.131,-17.193,-3.207,5.711,2.849,0.329,2.746,-4.476,0.080,-1.385,-1.946,-1.241,0.200,0.252,-1.603,-1.063,-0.914,1.706,-0.233,0.051,-0.014,-0.292,-0.758,0.295,0.127,-0.003,-0.003,0.088,-0.040,-0.019,0.002,0.00,0.00,1.39,0.00,0.59,3.21,0.00,0.56,0.02,0.29,0.06,0.84,0.42,0.23,1.19,1.68,0.52,0.00,0.00,1.00,0.00,1.00,1.00,0.00,0.00,0.00,0.00,0.00,0.00,1.00,0.00,1.00,1.00,0.00,1.00
118,0,11.700,0.98,1,-0.167758,0.150329,-0.974299,-0.321427,0.152942,-0.934502,-0.251,0.158,303.8,305.0,307.6,310.2,311.1,310.1,307.3,304.7,300.7,302.1,304.2,307.0,309.9,312.1,313.7,311.8,309.2,306.5,304.1,302.0,306.4,307.5,308.6,309.1,308.7,307.6,306.5,305.9,337.6,338.7,341.5,344.3,345.5,344.4,341.6,338.6,335.0,336.6,339.0,342.0,345.1,347.5,349.1,347.5,345.1,342.4,339.6,336.9,340.3,341.6,342.8,343.2,342.7,341.5,340.3,339.8,111.6,109.0,108.0,109.0,111.7,114.5,115.3,114.3,113.3,111.5,110.3,109.7,110.3,111.7,113.6,114.4,114.6,114.7,114.6,114.2,112.9,113.4,112.9,111.8,110.7,110.2,110.7,111.8,111.7,109.0,107.8,109.0,111.7,114.5,115.7,114.8,113.8,111.8,110.4,109.8,110.4,111.6,113.4,114.4,114.8,114.9,114.8,114.6,113.1,113.6,113.1,111.9,110.7,110.2,110.7,111.9,10.8,12.7,16.8,20.8,22.3,20.7,16.2,12.2,5.9,8.0,11.4,15.7,20.3,23.8,26.3,23.3,19.2,15.0,11.2,8.0,14.8,16.5,18.4,19.2,18.6,16.8,15.0,14.2,60.5,62.3,66.5,70.7,72.4,70.6,66.4,62.0,56.7,59.0,62.4,67.0,71.7,75.6,78.3,75.5,71.7,67.5,63.3,59.5,64.6,66.5,68.3,69.1,68.3,66.5,64.7,63.9,-90.8,-95.0,-96.7,-94.8,-90.5,-85.9,-84.6,-86.4,-88.8,-91.3,-92.8,-93.5,-92.5,-90.4,-87.4,-86.0,-85.6,-85.4,-85.9,-86.9,-88.7,-87.8,-88.6,-90.4,-92.3,-93.1,-92.4,-90.5,-85.3,-89.7,-91.5,-89.8,-85.5,-81.2,-79.4,-80.7,-82.5,-85.3,-87.3,-88.1,-87.4,-85.9,-83.5,-81.7,-80.7,-80.3,-80.5,-81.0,-83.4,-82.6,-83.4,-85.3,-87.2,-88.0,-87.2,-85.3,645.7,646.5,646.2,645.0,643.7,643.1,643.2,644.4,650.4,647.8,645.1,643.4,643.1,643.6,644.5,643.1,642.2,642.5,644.3,647.2,645.3,644.8,644.7,645.0,645.6,646.1,646.2,645.9,608.2,609.3,610.1,609.9,609.0,607.8,607.1,607.4,609.3,608.2,607.3,607.1,608.5,610.8,613.2,610.3,607.7,606.3,606.3,607.7,608.8,608.7,609.0,609.6,610.0,610.0,609.7,609.2,43.4,-51.6,672.5,0.103,0.352,0.027,291.7,290.9,291.5,293.2,295.2,298.9,303.9,310.7,320.5,331.8,343.0,353.4,361.4,366.6,369.2,370.7,371.6,294.5,298.6,304.4,310.7,316.3,329.7,337.1,344.9,352.1,357.3,322.1,320.8,319.6,318.2,312.6,316.0,319.7,324.4,328.7,300.6,304.4,309.5,313.8,309.2,304.2,334.8,339.3,344.7,349.3,345.0,339.7,307.2,310.5,315.8,319.6,324.3,332.0,339.0,332.6,325.3,320.2,315.7,310.4,309.6,315.9,319.7,324.4,336.5,325.0,320.2,316.0,116.6,127.6,138.7,149.5,160.1,169.7,178.1,185.1,187.8,187.3,182.8,175.8,166.6,155.4,143.0,130.2,117.6,103.7,98.3,96.8,97.5,100.3,100.1,96.9,96.5,98.6,103.7,110.4,117.0,123.5,130.3,137.8,139.2,140.4,139.4,138.4,113.4,110.1,110.3,113.7,114.7,114.7,113.8,110.2,110.3,113.4,114.9,114.9,156.5,151.0,148.7,149.9,149.1,151.8,156.9,165.2,168.3,168.6,168.0,164.4,156.5,153.1,153.4,153.3,157.1,162.4,162.7,162.0,-9.4,-10.9,-9.9,-6.9,-3.1,3.3,11.9,23.2,38.9,57.5,76.7,94.8,108.6,117.4,121.5,123.8,125.5,-4.2,2.7,12.5,22.7,31.6,53.1,64.8,77.3,89.0,97.4,40.8,38.3,36.0,33.4,25.3,30.6,36.4,43.8,50.7,6.1,12.5,20.9,27.9,20.4,12.1,61.7,68.7,77.2,84.6,77.6,69.2,17.1,22.0,30.2,36.2,43.6,56.0,68.0,57.3,45.4,37.3,30.4,22.0,20.9,30.4,36.5,43.8,64.0,45.1,37.4,30.9,-93.2,-73.7,-54.0,-34.8,-15.9,1.3,15.7,27.1,31.2,30.3,23.0,11.4,-4.1,-23.0,-43.8,-65.2,-86.5,-112.0,-120.0,-121.1,-118.3,-112.7,-111.7,-116.5,-117.2,-113.7,-105.5,-95.2,-83.6,-72.5,-61.0,-50.7,-47.9,-45.7,-47.3,-48.9,-94.4,-99.2,-98.2,-92.0,-90.8,-91.4,-89.9,-95.4,-94.9,-89.9,-87.4,-87.7,-21.0,-29.4,-32.6,-30.6,-31.8,-27.6,-19.6,-6.1,-1.1,-0.7,-1.7,-7.5,-20.8,-25.7,-25.0,-25.1,-19.3,-10.6,-10.2,-11.4,726.1,726.0,726.8,728.1,724.8,716.9,704.7,687.6,676.6,674.7,680.1,685.9,688.1,688.6,686.8,685.9,686.5,700.0,693.0,684.3,675.2,669.3,661.4,659.4,659.4,658.9,658.8,662.5,656.1,649.9,643.6,662.2,657.2,653.2,652.6,652.8,692.5,686.6,682.3,678.8,682.1,686.2,665.0,662.3,660.1,660.2,659.2,661.3,682.4,666.3,656.8,653.0,651.1,653.7,661.2,657.1,655.7,658.2,661.8,670.6,678.9,658.8,654.7,652.7,661.5,656.9,659.2,663.1,0.606,0.035,0.323,0.031,323.620,137.556,-47.676,-16.187,0.288,14.685,-11.366,-11.917,9.351,3.981,2.079,5.303,-2.796,-1.907,-0.395,-2.608,-2.610,0.678,1.864,-2.214,-2.767,0.461,1.147,0.345,-0.358,0.259,0.164,-0.499,0.468,0.129,0.059,0.015,0.032,0.001,0.001,0.051,0.00,0.00,1.60,0.00,0.70,3.35,0.00,0.75,0.00,0.29,0.00,0.57,0.32,0.00,1.90,2.46,0.65,1.00,0.00,1.00,0.00,1.00,1.00,0.00,0.00,0.00,0.00,0.00,0.00,0.00,0.00,1.00,1.00,0.00,1.00
119,0,11.800,0.98,1,-0.172687,0.150409,-0.973425,-0.323988,0.152268,-0.933727,-0.255,0.157,304.3,305.4,308.1,310.6,311.6,310.6,307.7,305.2,301.1,302.5,304.6,307.4,310.4,312.6,314.2,312.2,309.7,307.0,304.5,302.5,306.8,307.9,309.1,309.6,309.2,308.1,306.9,306.4,338.2,339.3,342.1,344.9,346.1,345.0,342.2,339.2,335.5,337.2,339.5,342.7,345.7,348.1,349.7,348.1,345.8,343.0,340.2,337.5,340.9,342.1,343.4,343.9,343.3,342.1,340.9,340.4,110.1,107.4,106.4,107.4,110.1,112.9,113.8,112.7,111.7,109.9,108.6,108.0,108.7,110.1,112.1,112.9,113.1,113.2,113.1,112.7,111.3,111.8,111.3,110.2,109.1,108.6,109.1,110.2,110.3,107.5,106.3,107.5,110.4,113.2,114.3,113.4,112.3,110.3,108.9,108.3,108.9,110.2,112.1,113.1,113.5,113.6,113.5,113.2,111.7,112.2,111.7,110.5,109.3,108.7,109.2,110.5,11.4,13.3,17.5,21.4,22.9,21.3,16.9,12.9,6.5,8.7,12.0,16.4,21.0,24.5,27.0,23.9,19.8,15.6,11.8,8.7,15.5,17.2,19.0,19.8,19.2,17.5,15.6,14.8,60.6,62.4,66.6,70.8,72.4,70.7,66.5,62.0,56.8,59.1,62.5,67.1,71.8,75.6,78.3,75.5,71.7,67.6,63.3,59.5,64.7,66.5,68.4,69.1,68.4,66.6,64.7,64.0,-92.9,-97.1,-98.7,-96.9,-92.6,-88.0,-86.7,-88.5,-90.9,-93.4,-95.0,-95.7,-94.7,-92.5,-89.5,-88.1,-87.6,-87.4,-87.9,-89.0,-90.8,-90.0,-90.7,-92.5,-94.4,-95.2,-94.5,-92.7,-86.4,-90.7,-92.5,-90.7,-86.5,-82.2,-80.4,-81.8,-83.6,-86.4,-88.4,-89.2,-88.5,-86.9,-84.5,-82.6,-81.6,-81.3,-81.5,-82.1,-84.5,-83.7,-84.5,-86.3,-88.2,-89.0,-88.2,-86.3,642.8,643.5,643.3,642.1,640.8,640.2,640.4,641.5,647.5,644.9,642.2,640.5,640.2,640.8,641.6,640.3,639.3,639.7,641.5,644.3,642.4,642.0,641.8,642.2,642.7,643.2,643.3,643.0,600.7,601.9,602.6,602.5,601.7,600.5,599.8,600.0,601.8,600.8,599.9,599.7,601.1,603.5,606.0,603.0,600.4,598.9,599.0,600.3,601.4,601.4,601.7,602.2,602.6,602.6,602.3,601.8,43.6,-53.4,670.1,0.103,0.358,0.037,292.3,291.4,292.0,293.8,295.8,299.3,304.1,310.8,320.3,331.4,342.5,352.9,361.1,366.5,369.3,371.1,372.2,295.1,298.9,304.8,311.1,316.7,330.4,337.8,345.6,352.9,358.0,322.6,321.2,319.8,318.3,312.9,316.2,319.9,324.5,328.8,301.0,304.9,310.0,314.2,309.7,304.7,335.4,339.9,345.4,349.9,345.6,340.3,307.6,310.7,315.9,319.7,324.3,331.8,338.6,332.4,325.2,320.2,315.8,310.6,309.9,316.0,319.8,324.3,336.1,324.9,320.2,316.1,115.0,126.0,137.1,147.9,158.6,168.3,176.8,183.9,186.7,186.4,182.0,175.1,166.0,154.8,142.4,129.5,116.7,102.4,96.7,95.0,95.7,98.4,98.3,95.2,94.9,97.2,102.5,108.7,115.4,122.0,128.9,136.4,137.9,139.1,138.1,137.2,111.8,108.4,108.6,112.2,113.2,113.1,112.4,108.7,108.9,112.1,113.6,113.5,155.5,150.0,147.7,149.0,148.2,151.0,156.3,164.5,167.5,167.8,167.1,163.5,155.6,152.1,152.5,152.5,156.5,161.6,161.7,161.0,-8.3,-9.9,-8.8,-5.7,-2.2,4.0,12.2,23.2,38.6,56.7,75.6,93.5,107.5,116.8,121.3,124.0,126.0,-3.3,3.3,13.0,23.2,32.2,54.0,65.7,78.2,89.8,98.0,41.3,38.7,36.2,33.5,25.6,30.8,36.4,43.8,50.7,6.8,13.2,21.6,28.5,21.2,12.8,62.2,69.3,77.9,85.2,78.2,69.8,17.7,22.3,30.3,36.2,43.3,55.5,67.1,56.7,45.1,37.2,30.4,22.2,21.4,30.5,36.4,43.5,63.1,44.8,37.3,30.9,-95.7,-76.2,-56.6,-37.4,-18.4,-1.2,13.4,25.0,29.3,28.6,21.6,10.2,-5.1,-23.8,-44.6,-66.1,-87.6,-113.9,-122.4,-123.7,-120.9,-115.3,-114.1,-118.8,-119.3,-115.5,-106.9,-97.5,-85.8,-74.6,-63.0,-52.6,-49.9,-47.7,-49.1,-50.7,-96.8,-101.6,-100.6,-94.2,-93.0,-93.6,-91.9,-97.4,-96.8,-91.7,-89.1,-89.5,-22.4,-30.8,-34.1,-31.9,-33.1,-28.7,-20.5,-7.2,-2.4,-2.0,-3.1,-9.1,-22.2,-27.1,-26.3,-26.3,-20.2,-11.9,-11.7,-13.0,723.0,722.8,723.7,724.9,721.3,713.4,701.5,685.0,674.2,672.2,677.3,682.9,685.0,685.6,683.9,683.0,683.5,698.1,691.2,682.3,672.9,666.8,659.0,656.8,656.6,655.9,655.8,659.9,653.4,647.1,640.7,659.4,654.5,650.5,649.9,649.9,690.2,684.3,679.9,676.2,679.8,683.9,662.0,659.5,657.2,657.2,656.3,658.4,679.0,663.4,654.1,650.4,648.4,650.8,657.9,654.4,653.5,656.0,659.6,667.8,675.3,656.2,652.2,650.0,658.2,654.5,656.8,660.6,0.608,0.031,0.328,0.040,323.872,136.343,-49.237,-17.371,-1.292,18.242,-9.461,-12.125,9.848,4.303,3.331,4.909,-3.672,-2.078,0.865,-2.720,-3.189,0.329,1.607,-1.735,-2.755,0.529,1.026,0.022,-0.084,0.175,0.366,-0.705,0.441,0.118,0.071,0.031,0.017,-0.008,-0.002,0.037,0.00,0.00,1.60,0.00,0.71,3.57,0.00,0.74,0.00,0.12,0.00,0.22,0.23,0.00,2.32,2.44,0.75,1.00,0.00,1.00,0.00,1.00,1.00,0.00,0.00,0.00,0.00,0.00,0.00,0.00,1.00,1.00,1.00,0.00,1.00
120,0,11.900,0.98,1,-0.171445,0.157003,-0.972603,-0.323829,0.158768,-0.932699,-0.254,0.164,304.6,305.9,308.5,311.0,312.0,311.0,308.1,305.6,301.5,302.9,305.1,307.9,310.8,313.0,314.6,312.7,310.1,307.4,304.9,302.9,307.2,308.3,309.5,310.0,309.6,308.5,307.3,306.8,338.6,339.7,342.5,345.3,346.5,345.4,342.6,339.6,335.9,337.5,339.9,343.1,346.1,348.5,350.2,348.5,346.2,343.4,340.6,337.9,341.3,342.5,343.8,344.2,343.7,342.5,341.3,340.8,109.7,107.1,106.0,107.1,109.8,112.6,113.5,112.4,111.4,109.6,108.3,107.7,108.4,109.8,111.8,112.6,112.8,112.9,112.8,112.3,111.0,111.5,111.0,109.9,108.7,108.3,108.7,109.9,110.1,107.3,106.1,107.3,110.1,112.9,114.1,113.1,112.1,110.1,108.6,108.1,108.7,110.0,111.9,112.9,113.3,113.4,113.2,113.0,111.5,112.0,111.5,110.3,109.0,108.5,109.0,110.2,12.0,13.9,18.1,22.1,23.5,21.9,17.5,13.5,7.1,9.3,12.6,17.0,21.6,25.1,27.6,24.5,20.4,16.2,12.4,9.3,16.1,17.8,19.6,20.4,19.8,18.1,16.2,15.4,61.1,62.9,67.1,71.3,73.0,71.2,67.0,62.5,57.3,59.6,63.0,67.6,72.3,76.1,78.8,76.0,72.3,68.1,63.9,60.0,65.2,67.0,68.9,69.7,68.9,67.1,65.3,64.5,-93.2,-97.4,-99.1,-97.2,-92.8,-88.3,-87.0,-88.9,-91.3,-93.8,-95.3,-96.0,-94.9,-92.8,-89.8,-88.3,-87.9,-87.7,-88.2,-89.3,-91.1,-90.3,-91.0,-92.8,-94.7,-95.5,-94.8,-93.0,-86.7,-91.0,-92.8,-91.0,-86.7,-82.4,-80.6,-82.1,-83.9,-86.6,-88.6,-89.5,-88.7,-87.2,-84.8,-82.9,-81.9,-81.5,-81.8,-82.3,-84.7,-83.9,-84.7,-86.6,-88.5,-89.2,-88.5,-86.6,641.6,642.3,642.0,640.9,639.6,639.1,639.2,640.3,646.3,643.7,641.0,639.3,639.0,639.6,640.4,639.1,638.2,638.5,640.3,643.1,641.3,640.8,640.6,641.0,641.5,642.0,642.1,641.8,600.1,601.2,602.0,601.9,601.1,599.9,599.2,599.4,601.2,600.1,599.2,599.1,600.5,602.9,605.4,602.4,599.8,598.3,598.3,599.6,600.8,600.7,601.1,601.6,601.9,602.0,601.6,601.1,44.5,-54.1,671.3,0.113,0.355,0.036,292.6,291.7,292.3,294.0,296.0,299.5,304.5,311.3,320.8,331.9,342.9,353.3,361.5,367.0,369.9,371.6,372.7,295.5,299.4,305.2,311.5,317.2,330.9,338.3,346.2,353.4,358.5,323.0,321.6,320.3,318.8,313.4,316.7,320.4,324.9,329.2,301.4,305.3,310.4,314.6,310.1,305.1,335.8,340.3,345.8,350.3,346.0,340.7,308.0,311.2,316.4,320.2,324.8,332.3,339.1,332.8,325.7,320.6,316.3,311.0,310.3,316.4,320.3,324.8,336.7,325.4,320.7,316.6,114.3,125.3,136.3,147.2,157.8,167.5,176.0,183.2,186.1,185.8,181.5,174.6,165.5,154.4,141.9,128.9,116.1,102.0,96.4,94.7,95.4,98.1,98.0,94.9,94.6,97.0,102.3,108.5,115.2,121.7,128.6,136.1,137.6,138.8,137.8,136.9,111.4,108.1,108.3,111.9,112.9,112.8,112.1,108.5,108.7,111.9,113.4,113.3,154.9,149.6,147.4,148.6,147.8,150.7,155.8,164.0,167.0,167.2,166.5,162.9,155.0,151.7,152.2,152.1,156.0,161.1,161.3,160.5,-7.8,-9.4,-8.4,-5.4,-1.8,4.4,12.9,24.0,39.4,57.6,76.4,94.5,108.7,118.0,122.5,125.2,127.1,-2.6,4.1,13.8,24.0,33.0,54.8,66.6,79.2,90.8,98.9,42.1,39.5,37.0,34.3,26.5,31.7,37.3,44.6,51.4,7.5,13.9,22.3,29.2,21.9,13.5,63.0,70.0,78.6,86.0,79.0,70.6,18.4,23.1,31.2,37.0,44.2,56.5,68.1,57.6,46.0,38.1,31.2,23.0,22.1,31.3,37.3,44.4,64.1,45.6,38.2,31.8,-97.0,-77.5,-58.0,-38.8,-19.9,-2.6,12.1,23.8,28.3,27.7,20.8,9.4,-5.8,-24.7,-45.6,-67.2,-88.8,-114.7,-123.1,-124.3,-121.5,-116.0,-114.7,-119.4,-119.8,-115.9,-107.3,-98.0,-86.3,-75.1,-63.5,-53.3,-50.5,-48.3,-49.7,-51.2,-97.5,-102.3,-101.2,-94.8,-93.6,-94.2,-92.4,-97.9,-97.3,-92.2,-89.6,-90.0,-23.4,-31.6,-34.7,-32.6,-33.7,-29.3,-21.3,-8.0,-3.2,-2.8,-4.0,-10.1,-23.2,-27.8,-27.0,-26.9,-21.1,-12.7,-12.5,-13.9,723.7,723.7,724.7,726.1,722.7,714.9,703.2,686.9,676.2,674.4,679.5,685.0,687.0,687.5,685.8,684.6,684.9,698.8,691.8,682.9,673.6,667.5,659.5,657.4,657.3,656.7,656.7,660.7,654.3,648.1,641.8,660.5,655.7,651.8,651.2,651.2,691.0,685.1,680.7,677.1,680.6,684.8,662.9,660.3,658.0,658.2,657.2,659.3,680.6,664.8,655.5,651.8,649.8,652.3,659.6,656.1,655.1,657.6,661.2,669.5,676.9,657.6,653.6,651.5,659.9,656.1,658.4,662.2,0.607,0.040,0.324,0.040,324.312,135.919,-48.518,-18.220,-1.135,17.358,-9.343,-12.184,9.658,3.938,3.095,4.717,-4.011,-2.206,0.919,-3.033,-3.242,0.549,1.412,-1.819,-2.820,0.411,0.916,0.174,-0.146,0.520,0.347,-0.831,0.416,0.099,0.073,0.018,0.023,-0.022,0.001,0.040,0.00,0.00,1.43,0.00,0.67,3.64,0.00,0.74,0.00,0.11,0.00,0.16,0.10,0.00,2.15,2.31,0.77,1.00,0.00,1.00,0.00,1.00,1.00,0.00,1.00,0.00,0.00,0.00,0.00,0.00,1.00,1.00,1.00,0.00,1.00
121,0,12.000,0.98,1,-0.158967,0.165005,-0.973398,-0.310605,0.165870,-0.935955,-0.241,0.172,304.3,305.5,308.1,310.6,311.6,310.6,307.8,305.3,301.2,302.6,304.7,307.4,310.3,312.6,314.2,312.3,309.7,307.1,304.6,302.6,306.9,308.0,309.1,309.6,309.2,308.1,307.0,306.5,337.9,339.0,341.7,344.5,345.7,344.7,341.9,338.9,335.2,336.9,339.2,342.3,345.3,347.7,349.4,347.7,345.4,342.7,339.9,337.2,340.6,341.8,343.0,343.5,343.0,341.7,340.5,340.0,111.2,108.6,107.5,108.6,111.2,114.0,114.9,113.8,112.8,111.1,109.9,109.4,109.9,111.3,113.1,113.9,114.2,114.3,114.2,113.8,112.5,113.0,112.5,111.3,110.2,109.7,110.2,111.4,111.2,108.4,107.2,108.4,111.2,114.0,115.2,114.2,113.2,111.3,109.9,109.3,109.9,111.1,112.8,113.8,114.3,114.4,114.3,114.0,112.6,113.1,112.6,111.3,110.1,109.6,110.1,111.3,11.7,13.5,17.7,21.7,23.2,21.7,17.2,13.2,6.8,9.0,12.3,16.6,21.2,24.8,27.3,24.3,20.2,16.0,12.1,9.0,15.7,17.5,19.3,20.1,19.5,17.7,15.9,15.1,60.9,62.6,66.8,71.0,72.7,71.0,66.8,62.3,57.1,59.4,62.8,67.4,72.0,75.9,78.7,75.9,72.1,67.9,63.7,59.8,65.0,66.8,68.7,69.4,68.7,66.8,65.0,64.2,-92.1,-96.4,-98.1,-96.2,-91.9,-87.3,-86.0,-87.8,-90.2,-92.6,-94.1,-94.8,-93.8,-91.8,-89.0,-87.5,-87.0,-86.8,-87.2,-88.3,-90.1,-89.3,-90.0,-91.9,-93.8,-94.6,-93.8,-92.0,-86.1,-90.4,-92.3,-90.5,-86.2,-81.9,-80.1,-81.5,-83.3,-86.0,-87.9,-88.8,-88.1,-86.7,-84.4,-82.5,-81.5,-81.1,-81.3,-81.8,-84.2,-83.4,-84.2,-86.1,-88.0,-88.7,-87.9,-86.0,650.9,651.5,651.2,650.1,648.9,648.4,648.6,649.7,655.6,653.0,650.3,648.5,648.2,648.9,649.8,648.5,647.5,647.9,649.6,652.5,650.6,650.1,650.0,650.2,650.8,651.3,651.4,651.1,607.9,609.0,609.7,609.7,608.8,607.7,607.0,607.3,609.1,607.9,607.0,606.9,608.2,610.7,613.2,610.2,607.6,606.2,606.2,607.5,608.6,608.6,608.9,609.4,609.7,609.8,609.4,609.0,44.8,-54.1,679.7,0.114,0.332,0.024,292.1,291.1,291.6,293.2,295.4,299.3,304.5,311.7,321.4,332.5,343.5,353.7,361.7,367.0,369.7,371.1,372.1,295.0,298.7,304.5,310.9,316.5,329.9,337.3,345.2,352.5,357.8,322.4,321.2,320.0,318.7,313.2,316.6,320.4,324.9,329.2,301.1,304.9,309.9,314.2,309.8,304.8,335.1,339.6,345.0,349.5,345.3,340.0,308.1,311.7,316.9,320.5,324.9,332.3,339.5,332.8,325.8,321.0,316.8,311.6,310.4,316.9,320.6,325.0,337.0,325.4,320.9,317.0,115.7,126.3,137.1,147.7,158.0,167.5,175.6,182.5,185.2,184.7,180.5,173.9,165.0,154.1,141.9,129.2,116.7,103.5,97.9,96.2,96.9,99.6,99.3,96.1,95.7,98.0,103.2,109.8,116.4,122.8,129.6,136.9,138.4,139.6,138.5,137.5,112.9,109.7,109.9,113.2,114.2,114.3,113.2,109.7,109.9,112.8,114.3,114.3,154.8,150.2,148.2,149.4,148.5,150.9,155.2,162.8,165.5,165.8,165.2,162.1,154.9,152.3,152.6,152.5,155.4,160.1,160.3,159.6,-8.9,-10.6,-9.7,-6.8,-2.8,4.0,13.2,25.0,41.0,59.5,78.6,96.7,111.0,120.2,124.5,126.8,128.5,-3.5,3.0,12.8,23.2,32.4,53.8,65.8,78.7,90.8,99.5,41.8,39.4,37.1,34.6,26.6,32.0,37.8,45.2,52.2,7.1,13.5,21.9,29.0,21.6,13.2,62.8,70.0,78.5,86.1,79.0,70.5,18.8,24.2,32.4,38.1,45.1,57.3,69.8,58.4,46.7,39.0,32.4,24.2,22.5,32.5,38.3,45.3,65.7,46.3,39.1,32.8,-95.9,-76.7,-57.5,-38.5,-19.8,-2.7,11.6,23.1,27.3,26.4,19.5,8.3,-6.8,-25.5,-46.5,-68.0,-89.6,-113.6,-122.1,-123.5,-120.6,-115.0,-114.1,-119.1,-119.8,-116.1,-107.7,-97.1,-85.5,-74.3,-62.7,-52.5,-49.8,-47.6,-49.3,-50.9,-96.3,-100.8,-99.9,-93.9,-92.5,-93.0,-91.9,-97.4,-96.9,-92.1,-89.4,-89.7,-24.0,-31.0,-33.8,-31.8,-33.1,-29.4,-22.7,-10.1,-5.7,-5.2,-6.2,-11.5,-23.7,-27.3,-26.6,-26.8,-22.3,-14.5,-14.3,-15.4,734.1,733.7,734.4,735.7,732.4,724.6,712.2,695.4,685.2,684.1,690.3,696.7,699.5,700.4,699.1,697.9,698.3,708.0,700.8,691.7,682.3,676.0,667.9,666.4,667.0,667.2,667.9,669.7,663.1,656.6,650.0,669.0,664.3,660.4,660.2,660.6,699.8,693.9,689.7,686.3,689.5,693.4,672.7,670.3,668.4,668.8,667.5,669.3,689.6,673.5,664.3,661.0,659.3,662.2,670.4,665.1,663.0,665.0,668.3,677.0,686.0,666.2,662.6,660.8,670.2,664.3,666.2,669.7,0.599,0.043,0.298,0.028,324.134,136.354,-38.182,-18.538,-1.945,14.211,-9.388,-8.910,8.655,3.970,0.966,5.676,-5.203,-2.048,-0.605,-4.736,-2.806,0.368,0.689,-2.018,-3.154,0.983,1.368,-0.258,-0.332,0.306,0.130,-0.386,0.296,0.028,0.008,0.012,-0.008,0.004,-0.005,0.046,0.01,0.00,1.28,0.00,0.68,3.59,0.00,0.89,0.00,0.24,0.09,0.19,0.16,0.00,2.14,2.14,0.69,1.00,0.00,1.00,0.00,1.00,1.00,0.00,1.00,0.00,0.00,0.00,0.00,0.00,1.00,1.00,1.00,0.00,1.00
122,0,12.100,0.98,1,-0.156512,0.151324,-0.976015,-0.304346,0.154035,-0.940025,-0.236,0.158,303.8,305.0,307.6,310.1,311.1,310.2,307.3,304.8,300.7,302.1,304.2,306.9,309.9,312.1,313.7,311.8,309.2,306.6,304.1,302.1,306.4,307.5,308.6,309.1,308.7,307.6,306.5,305.9,337.4,338.5,341.2,344.1,345.3,344.3,341.6,338.5,334.8,336.4,338.8,341.9,344.9,347.3,348.9,347.4,345.1,342.4,339.5,336.8,340.2,341.4,342.6,343.1,342.5,341.3,340.1,339.6,111.2,108.5,107.4,108.5,111.1,113.9,114.8,113.8,112.8,111.0,109.8,109.1,109.7,111.1,113.0,113.9,114.1,114.3,114.2,113.8,112.4,112.9,112.4,111.2,110.1,109.6,110.1,111.3,110.8,108.0,106.8,107.9,110.7,113.5,114.7,113.8,112.9,110.9,109.4,108.7,109.3,110.5,112.3,113.4,113.8,114.0,113.9,113.7,112.1,112.6,112.1,110.9,109.7,109.2,109.7,110.9,10.7,12.6,16.7,20.7,22.2,20.7,16.2,12.3,6.0,8.0,11.3,15.6,20.2,23.8,26.3,23.3,19.2,15.0,11.2,8.1,14.8,16.5,18.3,19.1,18.5,16.7,14.9,14.1,59.8,61.4,65.6,69.8,71.6,69.9,65.8,61.3,56.0,58.3,61.7,66.2,70.9,74.8,77.5,74.8,71.1,66.9,62.7,58.8,63.9,65.8,67.6,68.3,67.5,65.7,63.9,63.1,-91.3,-95.5,-97.3,-95.4,-91.1,-86.6,-85.2,-87.0,-89.3,-91.8,-93.4,-94.1,-93.2,-91.1,-88.1,-86.7,-86.1,-85.9,-86.3,-87.4,-89.3,-88.5,-89.2,-91.1,-92.9,-93.7,-93.0,-91.1,-86.0,-90.4,-92.3,-90.6,-86.4,-82.0,-80.2,-81.5,-83.1,-86.0,-88.0,-89.0,-88.4,-86.9,-84.5,-82.6,-81.6,-81.1,-81.2,-81.7,-84.2,-83.4,-84.3,-86.2,-88.0,-88.7,-87.9,-86.0,644.1,644.8,644.4,643.2,642.0,641.5,641.7,642.8,648.9,646.2,643.5,641.7,641.4,641.9,642.8,641.5,640.6,641.0,642.8,645.7,643.7,643.2,643.1,643.3,643.9,644.4,644.6,644.3,603.3,604.5,605.4,605.4,604.5,603.3,602.5,602.7,604.4,603.4,602.5,602.5,604.0,606.4,608.9,605.9,603.2,601.7,601.6,602.9,604.1,604.1,604.4,605.0,605.3,605.3,605.0,604.5,44.4,-54.7,682.3,0.110,0.324,0.019,291.6,290.7,291.2,292.9,295.0,298.9,304.2,311.4,321.2,332.4,343.3,353.5,361.5,366.8,369.3,370.7,371.5,294.6,298.3,304.1,310.4,316.0,329.4,336.8,344.6,351.8,357.1,322.0,320.9,319.7,318.5,313.0,316.4,320.2,324.7,329.0,300.7,304.4,309.5,313.8,309.3,304.3,334.7,339.1,344.5,349.1,344.9,339.6,307.8,311.5,316.7,320.4,324.9,332.2,339.4,332.8,325.8,320.9,316.7,311.5,310.1,316.7,320.5,325.0,336.9,325.4,320.8,316.8,116.2,126.6,137.2,147.6,157.8,167.1,175.1,181.8,184.4,183.9,179.7,173.3,164.6,153.8,141.6,129.1,116.6,103.7,98.1,96.4,96.9,99.5,99.1,95.8,95.4,97.6,102.8,109.7,116.4,123.0,129.9,137.2,138.6,139.7,138.7,137.6,112.9,109.5,109.7,113.1,114.2,114.3,113.0,109.2,109.3,112.3,113.9,114.0,154.8,150.3,148.3,149.4,148.5,150.8,154.9,162.0,164.6,164.9,164.4,161.5,154.9,152.4,152.7,152.5,155.1,159.3,159.5,158.9,-9.7,-11.3,-10.4,-7.5,-3.5,3.3,12.6,24.7,40.8,59.5,78.6,96.9,111.2,120.5,124.7,126.7,128.2,-4.2,2.2,12.0,22.5,31.6,53.4,65.3,78.1,90.1,98.8,41.2,39.0,36.7,34.4,26.3,31.8,37.7,45.1,52.1,6.3,12.6,21.1,28.3,20.9,12.4,62.4,69.5,78.2,85.8,78.8,70.2,18.3,24.0,32.1,38.1,45.2,57.4,69.9,58.6,46.9,39.0,32.3,24.0,22.1,32.3,38.3,45.5,65.7,46.4,39.0,32.6,-95.3,-76.4,-57.5,-38.7,-20.3,-3.4,10.7,21.9,25.8,25.0,18.2,7.3,-7.6,-26.3,-47.2,-68.7,-90.2,-113.7,-122.1,-123.7,-121.0,-115.6,-115.0,-120.1,-120.9,-117.3,-108.9,-97.8,-85.9,-74.4,-62.6,-52.4,-49.7,-47.6,-49.3,-51.0,-96.6,-101.5,-100.7,-94.3,-92.9,-93.4,-92.8,-98.7,-98.3,-93.3,-90.5,-90.6,-24.1,-31.0,-33.8,-31.8,-33.2,-29.7,-23.2,-11.4,-7.1,-6.6,-7.6,-12.5,-23.8,-27.3,-26.6,-26.9,-22.8,-15.9,-15.5,-16.6,736.4,735.8,736.4,737.9,734.9,727.1,714.5,697.3,686.8,685.8,692.5,699.6,703.0,704.5,703.2,702.0,702.3,710.7,703.5,694.7,685.3,679.1,671.2,669.6,670.2,670.2,670.8,672.8,666.1,659.5,652.8,672.0,667.1,663.2,663.0,663.4,702.6,696.7,692.5,689.2,692.2,696.2,675.7,673.3,671.4,671.9,670.5,672.3,691.8,675.9,667.1,663.7,661.9,664.9,672.9,667.4,665.1,667.1,670.4,679.1,688.1,668.9,665.2,663.4,672.5,666.5,668.4,672.0,0.596,0.039,0.289,0.023,323.826,136.137,-36.572,-20.294,-4.132,13.489,-9.427,-6.638,7.918,4.751,0.618,7.382,-4.698,-1.682,0.058,-4.016,-2.588,0.772,0.848,-1.416,-2.325,0.921,1.219,0.176,-0.684,0.354,0.380,-0.679,0.123,0.039,0.018,0.003,0.031,-0.011,0.003,0.047,0.03,0.02,1.15,0.00,0.70,3.50,0.00,0.99,0.00,0.35,0.19,0.17,0.21,0.00,2.03,1.97,0.61,1.00,0.00,1.00,0.00,1.00,1.00,0.00,0.00,0.00,0.00,0.00,0.00,0.00,1.00,1.00,1.00,0.00,1.00
123,0,12.200,0.98,1,-0.155968,0.151580,-0.976062,-0.303439,0.154781,-0.940196,-0.235,0.159,303.8,304.9,307.6,310.1,311.1,310.1,307.3,304.8,300.7,302.1,304.2,306.9,309.9,312.1,313.7,311.8,309.2,306.6,304.1,302.1,306.4,307.5,308.6,309.1,308.7,307.6,306.4,305.9,337.4,338.4,341.2,344.0,345.3,344.2,341.5,338.5,334.8,336.4,338.7,341.8,344.8,347.2,348.9,347.3,345.0,342.3,339.5,336.7,340.1,341.4,342.6,343.0,342.4,341.2,340.0,339.6,111.2,108.5,107.4,108.5,111.1,113.9,114.8,113.8,112.8,111.0,109.8,109.1,109.7,111.1,113.0,113.9,114.1,114.3,114.2,113.8,112.4,112.9,112.4,111.2,110.1,109.6,110.1,111.3,110.8,108.0,106.7,107.9,110.6,113.4,114.6,113.8,112.8,110.8,109.3,108.7,109.2,110.4,112.3,113.3,113.8,113.9,113.8,113.7,112.1,112.6,112.0,110.8,109.6,109.1,109.6,110.9,10.7,12.6,16.7,20.7,22.2,20.7,16.3,12.3,6.0,8.1,11.3,15.6,20.2,23.8,26.4,23.3,19.2,15.0,11.2,8.1,14.8,16.6,18.4,19.2,18.5,16.7,14.9,14.1,59.8,61.5,65.6,69.8,71.6,70.0,65.8,61.3,56.0,58.3,61.7,66.3,70.9,74.8,77.5,74.8,71.1,66.9,62.7,58.8,63.9,65.8,67.6,68.3,67.5,65.7,63.9,63.1,-91.4,-95.7,-97.4,-95.6,-91.3,-86.7,-85.3,-87.1,-89.4,-92.0,-93.6,-94.3,-93.3,-91.2,-88.3,-86.8,-86.3,-86.1,-86.5,-87.5,-89.4,-88.6,-89.4,-91.2,-93.1,-93.9,-93.2,-91.3,-86.3,-90.6,-92.5,-90.9,-86.6,-82.3,-80.4,-81.7,-83.3,-86.2,-88.3,-89.3,-88.6,-87.2,-84.8,-82.9,-81.8,-81.3,-81.5,-81.9,-84.4,-83.7,-84.5,-86.4,-88.3,-89.0,-88.2,-86.3,645.2,645.9,645.5,644.4,643.1,642.5,642.7,643.9,650.0,647.3,644.6,642.8,642.5,643.0,643.9,642.6,641.7,642.1,643.9,646.8,644.8,644.3,644.1,644.4,645.0,645.5,645.7,645.4,604.4,605.6,606.5,606.5,605.6,604.4,603.6,603.8,605.5,604.5,603.6,603.6,605.1,607.5,610.0,607.0,604.3,602.8,602.7,604.0,605.2,605.2,605.5,606.1,606.4,606.4,606.1,605.6,44.4,-54.7,682.7,0.111,0.323,0.018,291.6,290.7,291.2,292.9,295.0,298.8,304.2,311.4,321.2,332.4,343.3,353.5,361.6,366.8,369.4,370.7,371.5,294.6,298.2,304.0,310.3,316.0,329.4,336.7,344.5,351.8,357.0,322.0,320.8,319.7,318.5,313.0,316.4,320.2,324.7,329.0,300.7,304.4,309.4,313.8,309.3,304.3,334.6,339.1,344.5,349.0,344.9,339.6,307.8,311.5,316.7,320.4,324.9,332.3,339.4,332.8,325.8,320.9,316.7,311.5,310.1,316.7,320.5,325.0,336.9,325.4,320.8,316.8,116.2,126.6,137.1,147.5,157.6,167.0,175.0,181.7,184.3,183.8,179.7,173.2,164.5,153.7,141.5,129.0,116.4,103.8,98.3,96.5,97.0,99.6,99.1,95.8,95.4,97.6,102.8,109.7,116.4,123.0,129.9,137.2,138.6,139.7,138.6,137.6,112.9,109.5,109.7,113.1,114.2,114.3,112.9,109.1,109.2,112.3,113.8,113.9,154.7,150.3,148.3,149.4,148.5,150.8,154.9,162.0,164.6,164.9,164.4,161.5,154.8,152.3,152.7,152.5,155.1,159.3,159.5,158.9,-9.7,-11.4,-10.4,-7.5,-3.6,3.2,12.5,24.6,40.8,59.5,78.7,97.0,111.4,120.7,124.9,126.9,128.3,-4.2,2.1,12.0,22.4,31.6,53.3,65.2,78.0,90.0,98.7,41.2,39.0,36.7,34.4,26.4,31.8,37.7,45.1,52.1,6.3,12.6,21.1,28.3,20.9,12.4,62.3,69.5,78.1,85.7,78.7,70.2,18.4,24.0,32.2,38.1,45.3,57.5,70.0,58.7,47.0,39.1,32.4,24.1,22.2,32.3,38.3,45.5,65.8,46.5,39.0,32.7,-95.2,-76.4,-57.6,-38.9,-20.5,-3.6,10.6,21.8,25.8,24.9,18.2,7.3,-7.7,-26.4,-47.4,-68.9,-90.6,-113.6,-122.0,-123.6,-120.9,-115.6,-115.0,-120.1,-121.0,-117.3,-108.9,-97.9,-86.0,-74.4,-62.6,-52.5,-49.7,-47.6,-49.3,-51.1,-96.7,-101.6,-100.7,-94.4,-93.0,-93.5,-92.9,-98.8,-98.5,-93.5,-90.7,-90.8,-24.2,-31.0,-33.8,-31.9,-33.2,-29.7,-23.3,-11.4,-7.1,-6.7,-7.6,-12.5,-23.9,-27.3,-26.6,-26.9,-22.9,-15.9,-15.5,-16.7,736.6,736.1,736.7,738.2,735.3,727.6,715.1,697.8,687.3,686.3,693.1,700.2,703.7,705.3,704.0,702.7,703.0,711.1,703.9,695.1,685.7,679.5,671.7,670.0,670.6,670.6,671.2,673.2,666.5,659.9,653.2,672.4,667.6,663.6,663.4,663.9,703.0,697.1,692.9,689.6,692.7,696.6,676.1,673.7,671.8,672.3,670.9,672.7,692.3,676.4,667.5,664.2,662.4,665.4,673.3,667.9,665.6,667.6,671.0,679.6,688.6,669.4,665.7,663.8,673.0,667.0,668.9,672.5,0.596,0.041,0.288,0.022,323.815,136.119,-36.341,-20.950,-4.018,13.613,-9.757,-6.536,8.005,4.529,0.857,7.575,-4.656,-1.771,0.252,-3.968,-2.610,0.760,0.994,-1.372,-2.284,0.878,1.174,0.196,-0.686,0.369,0.351,-0.699,0.115,0.045,0.021,0.010,0.031,-0.011,0.003,0.047,0.09,0.02,1.12,0.00,0.62,3.34,0.00,0.80,0.05,0.27,0.35,0.10,0.25,0.05,1.37,1.26,0.34,1.00,0.00,1.00,0.00,1.00,1.00,0.00,0.00,0.00,0.00,0.00,0.00,0.00,0.00,1.00,1.00,0.00,1.00
124,0,12.300,0.98,1,-0.145170,0.114367,-0.982775,-0.283054,0.117257,-0.951909,-0.218,0.119,303.8,304.8,307.4,309.9,311.0,310.2,307.4,304.8,300.8,302.1,304.1,306.8,309.7,312.0,313.6,311.8,309.2,306.6,304.2,302.2,306.4,307.5,308.6,309.1,308.6,307.5,306.4,305.9,337.2,338.2,340.9,343.7,345.0,344.0,341.3,338.3,334.6,336.2,338.5,341.6,344.6,346.9,348.5,347.0,344.7,342.1,339.3,336.6,339.9,341.1,342.3,342.7,342.2,341.0,339.8,339.3,111.4,108.7,107.5,108.5,111.0,113.9,114.9,113.9,113.1,111.3,110.0,109.3,109.8,111.0,112.9,113.8,114.1,114.4,114.4,114.0,112.5,113.0,112.4,111.3,110.2,109.7,110.3,111.4,110.1,107.3,106.1,107.2,109.9,112.7,113.9,113.1,112.1,110.2,108.7,108.1,108.6,109.8,111.5,112.5,113.0,113.2,113.1,112.9,111.4,111.9,111.3,110.1,108.9,108.5,109.0,110.2,10.8,12.5,16.6,20.6,22.2,20.9,16.5,12.5,6.2,8.1,11.3,15.5,20.1,23.8,26.5,23.4,19.3,15.2,11.4,8.3,15.0,16.7,18.5,19.2,18.5,16.8,15.0,14.2,60.5,62.1,66.2,70.5,72.3,70.7,66.5,62.0,56.7,59.0,62.4,66.9,71.6,75.4,78.1,75.5,71.8,67.6,63.4,59.5,64.6,66.5,68.3,69.0,68.2,66.3,64.5,63.8,-91.9,-96.2,-98.0,-96.3,-92.1,-87.5,-85.9,-87.6,-89.8,-92.3,-94.0,-94.8,-94.0,-92.1,-89.3,-87.7,-87.0,-86.7,-86.9,-87.9,-90.0,-89.2,-90.0,-91.9,-93.8,-94.5,-93.7,-91.8,-88.5,-92.9,-94.9,-93.2,-89.0,-84.6,-82.7,-84.0,-85.6,-88.4,-90.5,-91.5,-90.9,-89.6,-87.3,-85.3,-84.2,-83.7,-83.8,-84.2,-86.7,-86.0,-86.9,-88.8,-90.6,-91.3,-90.5,-88.6,650.7,651.4,651.0,649.7,648.5,648.0,648.2,649.4,655.6,652.9,650.1,648.2,647.9,648.4,649.2,648.0,647.1,647.6,649.5,652.4,650.3,649.8,649.6,649.9,650.4,651.0,651.1,650.9,613.5,614.7,615.6,615.6,614.9,613.7,612.9,612.9,614.6,613.5,612.7,612.7,614.3,616.8,619.4,616.3,613.6,612.0,611.9,613.1,614.4,614.4,614.8,615.3,615.6,615.6,615.2,614.7,45.0,-58.0,694.7,0.040,0.290,0.025,291.6,290.7,291.2,292.5,294.5,298.1,303.5,310.7,320.7,332.0,343.2,353.5,361.5,366.6,369.1,370.2,370.9,294.5,298.0,304.0,310.5,316.2,328.8,336.2,344.0,351.4,356.9,321.9,320.9,319.8,318.6,313.2,316.6,320.3,324.8,329.0,300.7,304.4,309.3,313.7,309.2,304.2,334.5,338.9,344.2,348.7,344.6,339.4,308.3,312.5,317.3,320.7,324.9,331.2,338.2,331.4,325.2,320.7,317.0,312.4,310.5,317.2,320.7,324.9,335.5,324.8,320.6,317.0,117.1,127.0,137.2,147.3,157.1,166.0,173.2,178.9,180.9,180.6,177.1,171.4,163.3,152.9,141.0,128.7,116.4,105.2,99.5,97.4,97.9,100.1,99.3,96.0,95.4,97.5,102.8,109.2,115.8,122.4,129.2,136.6,137.9,138.9,137.8,136.8,113.2,109.8,109.7,112.9,114.2,114.5,112.2,108.5,108.6,111.5,113.1,113.2,153.5,149.8,148.0,148.9,147.9,149.8,152.9,156.7,157.9,158.2,157.9,156.7,153.4,151.8,152.0,151.7,153.0,153.1,153.3,153.0,-10.0,-11.6,-10.7,-8.2,-4.6,2.1,11.5,23.8,40.4,59.7,79.9,99.1,114.3,123.8,128.3,130.0,131.4,-4.5,1.8,12.3,23.2,32.8,53.7,66.1,79.5,92.1,101.6,42.1,40.0,37.7,35.4,27.2,32.7,38.6,46.1,53.3,6.6,12.9,21.5,28.9,21.2,12.7,63.8,71.2,79.9,87.6,80.4,71.8,19.4,26.2,33.8,39.4,46.1,56.9,69.2,57.1,46.5,39.2,33.2,25.9,23.0,33.7,39.4,46.3,64.6,46.1,39.2,33.4,-95.9,-77.4,-58.7,-40.0,-21.8,-5.5,7.4,17.1,20.3,19.8,14.1,4.2,-10.1,-28.7,-49.8,-71.6,-93.5,-114.1,-123.1,-125.1,-122.7,-117.7,-117.9,-123.2,-124.4,-121.0,-112.3,-101.2,-89.0,-77.2,-65.1,-54.5,-51.9,-50.0,-51.8,-53.6,-98.5,-103.6,-103.1,-97.2,-95.3,-95.3,-96.6,-102.6,-102.3,-97.5,-94.5,-94.5,-26.6,-32.3,-35.1,-33.4,-34.9,-32.0,-27.0,-20.4,-18.4,-17.9,-18.5,-20.6,-26.6,-28.7,-28.2,-28.8,-26.8,-26.4,-26.0,-26.8,754.7,753.1,752.7,753.1,749.3,740.3,725.9,706.9,696.2,696.6,706.0,716.0,722.6,726.2,726.5,725.1,725.8,729.9,722.3,713.3,703.9,697.1,689.8,688.8,690.2,690.8,692.0,690.8,682.9,674.9,667.1,686.3,681.2,677.2,677.6,678.7,720.0,714.2,709.9,706.7,709.2,713.1,694.6,692.7,691.1,691.7,689.8,691.3,701.1,686.6,680.0,677.1,675.7,678.6,685.9,677.4,673.8,675.2,678.2,686.5,696.8,681.1,678.0,676.6,684.3,676.0,677.4,680.7,0.583,-0.028,0.250,0.025,323.658,134.889,-12.843,-22.669,-17.370,11.566,-13.273,3.623,4.704,2.116,-0.593,6.387,-5.290,0.197,-1.181,-3.783,-0.532,-0.148,-0.827,-1.440,-1.069,0.653,1.407,-0.193,-0.209,0.196,0.241,-0.756,0.075,-0.013,-0.115,-0.062,0.050,-0.010,-0.026,0.042,0.11,0.02,1.11,0.00,0.48,3.25,0.00,0.50,0.05,0.14,0.41,0.06,0.18,0.14,0.71,0.73,0.17,1.00,0.00,1.00,0.00,1.00,1.00,0.00,0.00,0.00,0.00,0.00,0.00,0.00,0.00,1.00,1.00,0.00,1.00
125,0,12.400,0.98,1,-0.142250,0.119639,-0.982574,-0.279051,0.124134,-0.952219,-0.214,0.125,303.8,304.8,307.3,309.9,311.0,310.2,307.4,304.9,300.8,302.0,304.0,306.7,309.7,312.0,313.7,311.8,309.3,306.6,304.2,302.2,306.4,307.5,308.6,309.1,308.6,307.5,306.4,305.9,337.3,338.3,341.0,343.8,345.1,344.1,341.4,338.4,334.7,336.3,338.6,341.7,344.7,347.1,348.7,347.2,344.9,342.3,339.4,336.7,340.0,341.3,342.4,342.9,342.3,341.1,339.9,339.4,111.6,108.9,107.7,108.6,111.2,114.1,115.1,114.2,113.4,111.5,110.2,109.4,109.9,111.1,113.0,113.9,114.4,114.7,114.6,114.3,112.7,113.1,112.6,111.4,110.3,109.9,110.4,111.6,110.0,107.2,106.0,107.0,109.8,112.6,113.9,113.0,112.1,110.1,108.6,107.9,108.4,109.6,111.3,112.4,112.9,113.2,113.1,112.9,111.3,111.8,111.2,110.0,108.8,108.3,108.9,110.1,10.6,12.3,16.3,20.3,22.0,20.7,16.4,12.4,6.1,8.0,11.1,15.3,19.9,23.6,26.3,23.3,19.2,15.1,11.3,8.2,14.8,16.6,18.3,19.0,18.3,16.5,14.8,14.0,60.0,61.6,65.7,69.9,71.8,70.2,66.1,61.6,56.2,58.5,61.9,66.4,71.1,74.9,77.7,75.0,71.3,67.2,63.0,59.1,64.1,66.0,67.8,68.5,67.7,65.8,64.0,63.3,-90.5,-94.8,-96.7,-95.1,-90.8,-86.2,-84.6,-86.2,-88.4,-90.9,-92.6,-93.5,-92.8,-90.9,-88.1,-86.4,-85.6,-85.2,-85.5,-86.5,-88.6,-87.9,-88.8,-90.6,-92.5,-93.2,-92.4,-90.5,-87.8,-92.2,-94.1,-92.5,-88.3,-84.0,-82.0,-83.2,-84.8,-87.7,-89.8,-90.8,-90.3,-88.9,-86.7,-84.6,-83.5,-82.9,-83.0,-83.4,-86.0,-85.3,-86.2,-88.1,-89.9,-90.6,-89.8,-87.8,643.2,643.7,643.3,642.1,640.8,640.4,640.7,641.9,648.1,645.4,642.5,640.6,640.2,640.8,641.6,640.4,639.6,640.1,642.0,644.9,642.7,642.2,642.0,642.3,642.8,643.3,643.5,643.3,607.4,608.5,609.4,609.5,608.7,607.6,606.8,606.9,608.5,607.4,606.6,606.6,608.1,610.7,613.2,610.2,607.5,606.0,605.9,607.0,608.3,608.3,608.7,609.2,609.5,609.4,609.1,608.6,45.6,-57.4,692.4,0.051,0.282,0.010,291.5,290.9,291.6,293.1,295.2,298.9,304.3,311.8,321.8,333.1,344.2,354.3,362.2,367.0,369.3,370.3,370.9,294.2,297.6,303.6,310.2,316.1,328.6,336.1,344.0,351.5,357.1,322.0,321.1,320.1,319.1,313.8,317.2,320.8,325.2,329.4,300.7,304.3,309.3,313.8,309.3,304.3,334.6,339.0,344.3,348.8,344.8,339.5,309.3,313.4,318.0,321.4,325.4,331.7,338.4,332.0,326.0,321.7,318.0,313.4,311.5,318.0,321.5,325.6,335.8,325.5,321.4,317.9,117.3,127.3,137.4,147.5,157.3,166.1,173.3,179.1,181.0,180.6,177.0,171.1,162.9,152.4,140.5,128.2,115.8,105.6,99.7,97.5,97.9,100.2,99.3,95.9,95.3,97.3,102.6,109.3,115.9,122.4,129.3,136.9,138.2,139.1,138.0,136.9,113.4,109.9,109.8,113.0,114.4,114.8,112.2,108.4,108.4,111.3,113.0,113.2,154.3,150.5,148.6,149.5,148.5,150.3,153.4,157.2,158.5,158.8,158.6,157.4,154.1,152.4,152.6,152.2,153.5,153.6,153.9,153.6,-10.1,-11.3,-10.0,-7.2,-3.4,3.4,13.0,25.6,42.2,61.5,81.5,100.5,115.3,124.5,128.6,130.0,131.1,-5.0,1.0,11.5,22.6,32.4,53.3,65.7,79.2,92.1,101.7,42.1,40.1,38.0,35.9,28.1,33.5,39.4,46.7,53.7,6.5,12.7,21.4,28.9,21.3,12.7,63.7,71.0,79.9,87.7,80.6,71.8,21.0,27.5,34.9,40.4,46.9,57.5,69.4,57.9,47.7,40.7,34.8,27.6,24.7,35.0,40.6,47.2,64.8,47.1,40.4,34.8,-95.3,-76.8,-58.1,-39.5,-21.3,-5.2,7.7,17.4,20.5,19.8,13.9,3.8,-10.8,-29.4,-50.6,-72.4,-94.4,-113.1,-122.2,-124.4,-122.0,-117.0,-117.4,-122.9,-124.3,-121.0,-112.4,-100.6,-88.5,-76.7,-64.7,-53.7,-51.2,-49.5,-51.3,-53.2,-97.7,-102.9,-102.5,-96.6,-94.5,-94.4,-96.4,-102.6,-102.4,-97.6,-94.4,-94.3,-25.2,-31.0,-33.9,-32.2,-33.9,-30.9,-26.1,-19.5,-17.3,-16.9,-17.3,-19.4,-25.3,-27.6,-27.2,-27.7,-25.9,-25.4,-25.0,-25.7,752.0,750.7,750.3,750.8,746.9,738.0,723.7,705.2,694.7,695.4,705.0,715.2,721.8,725.3,725.6,723.8,724.2,727.2,719.3,710.1,700.6,693.8,686.9,686.1,687.9,688.8,690.6,688.1,680.1,672.1,664.2,683.6,678.8,674.9,675.3,676.4,717.1,711.4,707.1,704.1,706.5,710.4,692.4,690.6,689.2,690.2,688.1,689.4,697.8,683.8,677.5,674.9,673.5,676.5,683.8,675.5,672.2,673.5,676.3,684.0,693.5,678.8,675.8,674.6,682.1,674.2,675.4,678.5,0.585,-0.015,0.240,0.011,324.068,135.085,-11.533,-21.702,-19.198,14.423,-12.264,2.705,5.459,2.816,1.194,6.567,-5.556,-0.464,-1.041,-4.105,-0.611,-0.128,-0.574,-1.855,-1.590,0.590,1.482,-0.204,-0.376,0.276,0.287,-0.843,0.053,-0.022,-0.112,-0.049,0.026,-0.001,-0.033,0.042,0.08,0.00,1.17,0.00,0.47,3.21,0.00,0.30,0.05,0.00,0.31,0.06,0.15,0.14,0.61,0.82,0.00,0.00,0.00,1.00,0.00,1.00,1.00,0.00,0.00,0.00,0.00,0.00,0.00,0.00,0.00,1.00,0.00,0.00,1.00
126,0,12.500,0.93,1,-0.162390,0.135651,-0.977358,-0.306529,0.144488,-0.940831,-0.240,0.145,302.9,304.0,306.6,309.2,310.3,309.5,306.7,304.0,300.0,301.2,303.2,306.0,309.0,311.3,313.0,311.1,308.5,305.8,303.4,301.3,305.6,306.7,307.9,308.3,307.9,306.7,305.6,305.1,336.7,337.7,340.4,343.3,344.7,343.7,341.0,337.9,334.1,335.7,338.0,341.1,344.2,346.6,348.3,346.8,344.5,341.8,338.9,336.1,339.5,340.8,342.0,342.4,341.8,340.5,339.3,338.9,112.3,109.6,108.3,109.3,111.9,114.8,115.8,114.9,114.1,112.2,110.8,110.1,110.5,111.8,113.7,114.7,115.1,115.4,115.4,115.0,113.4,113.9,113.3,112.1,111.0,110.6,111.1,112.3,110.5,107.6,106.3,107.3,110.1,113.0,114.3,113.5,112.7,110.5,108.9,108.2,108.6,109.8,111.6,112.7,113.3,113.6,113.6,113.5,111.7,112.2,111.6,110.3,109.1,108.7,109.2,110.5,9.2,10.9,14.9,19.0,20.6,19.3,15.0,10.9,4.6,6.6,9.7,13.9,18.6,22.2,24.9,21.9,17.8,13.7,9.9,6.8,13.4,15.1,16.9,17.6,16.9,15.1,13.4,12.6,58.1,59.6,63.7,68.0,69.9,68.4,64.3,59.8,54.4,56.6,59.9,64.4,69.1,73.0,75.8,73.2,69.5,65.4,61.1,57.3,62.3,64.1,65.9,66.6,65.8,63.9,62.1,61.4,-88.3,-92.6,-94.5,-92.9,-88.7,-84.0,-82.5,-84.1,-86.1,-88.8,-90.5,-91.4,-90.7,-88.7,-85.8,-84.2,-83.5,-83.1,-83.3,-84.2,-86.5,-85.8,-86.6,-88.5,-90.3,-91.0,-90.2,-88.3,-85.7,-90.1,-92.1,-90.6,-86.4,-82.0,-80.0,-81.2,-82.6,-85.6,-87.8,-88.9,-88.4,-87.1,-84.8,-82.7,-81.5,-80.9,-80.9,-81.2,-83.9,-83.3,-84.2,-86.1,-87.9,-88.6,-87.7,-85.8,635.5,636.1,635.7,634.5,633.2,632.7,633.0,634.2,640.3,637.7,634.9,633.0,632.6,633.2,633.9,632.7,631.9,632.3,634.2,637.1,635.0,634.5,634.3,634.6,635.2,635.7,635.9,635.6,597.3,598.4,599.2,599.3,598.5,597.3,596.5,596.6,598.4,597.3,596.5,596.4,597.9,600.4,602.9,599.9,597.2,595.7,595.6,596.8,598.0,598.1,598.4,598.9,599.3,599.3,598.9,598.4,43.8,-53.3,679.0,0.092,0.330,-0.006,291.2,290.6,291.6,293.6,295.9,299.6,304.9,312.2,321.9,333.1,344.1,354.3,362.2,367.1,369.3,370.3,370.8,293.5,297.1,302.9,309.2,314.9,328.3,335.5,343.3,350.6,356.2,321.0,320.1,319.1,318.0,312.9,316.3,320.0,324.5,328.8,299.9,303.5,308.6,313.1,308.6,303.5,334.0,338.3,343.8,348.5,344.4,339.0,308.3,311.6,316.6,320.3,324.7,332.0,339.1,332.8,326.0,321.1,317.0,311.9,310.6,316.8,320.5,324.9,336.5,325.4,320.8,316.9,117.7,128.1,138.8,149.2,159.5,169.0,177.1,183.5,185.7,185.0,180.6,173.6,164.5,153.3,140.9,128.1,115.4,105.4,99.9,98.0,98.3,100.5,99.5,96.0,95.2,97.0,101.9,109.9,116.6,123.2,130.2,138.1,139.4,140.3,139.2,138.0,114.2,110.6,110.5,113.8,115.2,115.5,112.8,108.7,108.6,111.6,113.4,113.6,156.9,151.8,149.4,150.4,149.3,151.6,155.9,162.5,165.0,165.5,165.1,162.7,156.9,153.8,154.0,153.7,156.1,159.2,159.6,159.1,-10.4,-11.4,-9.7,-6.2,-2.0,4.7,13.8,25.8,41.7,60.2,79.4,97.6,111.6,120.3,124.0,125.4,126.2,-6.1,0.3,10.0,20.4,29.7,51.4,63.1,75.8,87.8,96.9,39.5,37.6,35.6,33.5,26.2,31.5,37.3,44.6,51.5,4.9,11.0,19.7,27.0,19.6,11.0,61.1,68.0,76.8,84.4,77.5,69.0,19.0,24.0,31.8,37.7,44.7,56.7,68.9,58.1,46.9,39.2,32.6,24.6,22.7,32.2,38.1,45.2,64.6,46.0,38.8,32.5,-92.2,-73.3,-54.3,-35.6,-17.0,0.0,14.1,24.7,28.0,26.7,19.6,7.9,-7.8,-26.9,-48.1,-69.9,-91.7,-110.5,-118.9,-120.6,-118.5,-113.8,-114.1,-119.5,-120.9,-117.9,-109.9,-97.2,-85.3,-73.8,-61.9,-50.7,-48.2,-46.5,-48.3,-50.2,-94.2,-99.6,-99.1,-93.0,-91.1,-91.2,-92.9,-99.1,-99.0,-94.2,-91.0,-90.9,-20.3,-28.3,-31.9,-30.2,-31.8,-28.2,-21.4,-10.5,-6.4,-5.8,-6.4,-10.4,-20.3,-24.7,-24.3,-24.8,-21.0,-15.8,-15.3,-16.2,733.0,732.4,732.9,734.2,731.2,723.5,711.4,693.9,682.5,681.0,687.6,695.2,699.1,700.7,699.6,698.0,698.3,709.0,701.8,693.1,684.1,678.1,670.2,668.4,668.7,668.4,668.4,671.1,664.2,657.5,650.7,669.6,664.7,660.7,660.5,660.9,701.3,695.3,690.9,687.3,690.5,694.8,673.9,671.4,669.3,669.5,668.2,670.3,687.4,671.8,663.4,660.0,658.1,660.6,667.7,662.2,660.3,662.6,666.1,674.7,683.2,665.5,661.6,659.6,667.4,661.6,663.7,667.5,0.599,0.026,0.297,-0.004,323.584,136.821,-37.019,-21.807,-9.100,17.018,-12.765,-6.609,6.353,3.556,2.269,5.468,-3.816,-0.080,-0.707,-2.723,-2.483,1.383,1.445,-0.677,-1.200,-0.395,1.217,-0.518,0.030,0.413,0.194,-1.140,0.273,0.105,-0.002,-0.015,0.067,-0.026,-0.005,0.033,0.02,0.00,1.26,0.00,0.39,3.08,0.00,0.20,0.00,0.00,0.15,0.06,0.12,0.10,1.16,1.19,0.31,0.00,0.00,1.00,0.00,1.00,1.00,0.00,0.00,0.00,0.00,0.00,0.00,0.00,0.00,0.00,0.00,0.00,1.00
127,0,12.600,0.98,1,-0.164708,0.143137,-0.975901,-0.313432,0.149374,-0.937789,-0.245,0.152,301.8,302.8,305.4,308.0,309.0,308.2,305.5,302.9,298.8,300.1,302.1,304.8,307.7,310.0,311.7,309.8,307.3,304.6,302.2,300.2,304.4,305.5,306.7,307.1,306.6,305.5,304.4,303.9,335.5,336.5,339.3,342.2,343.5,342.4,339.7,336.6,332.9,334.5,336.8,339.9,343.0,345.5,347.2,345.6,343.2,340.5,337.6,334.9,338.3,339.5,340.7,341.2,340.6,339.4,338.1,337.7,113.9,111.2,110.0,110.9,113.5,116.4,117.4,116.4,115.6,113.8,112.5,111.8,112.2,113.5,115.3,116.2,116.6,116.9,116.9,116.5,115.0,115.4,114.9,113.7,112.6,112.2,112.7,113.9,112.4,109.5,108.2,109.3,112.1,115.0,116.3,115.4,114.4,112.4,111.0,110.3,110.8,111.9,113.6,114.7,115.3,115.6,115.5,115.3,113.7,114.2,113.6,112.3,111.1,110.6,111.2,112.4,7.6,9.2,13.3,17.3,19.0,17.7,13.3,9.3,2.9,4.9,8.0,12.3,16.9,20.6,23.3,20.3,16.2,12.0,8.2,5.1,11.7,13.5,15.3,16.0,15.2,13.5,11.7,11.0,56.4,58.0,62.1,66.4,68.2,66.6,62.5,58.0,52.7,54.9,58.2,62.8,67.5,71.4,74.2,71.5,67.7,63.5,59.3,55.5,60.5,62.4,64.2,64.9,64.1,62.3,60.5,59.7,-87.3,-91.7,-93.5,-91.9,-87.6,-83.0,-81.5,-83.1,-85.3,-87.8,-89.5,-90.3,-89.6,-87.7,-84.9,-83.2,-82.5,-82.1,-82.4,-83.4,-85.5,-84.8,-85.6,-87.5,-89.3,-90.1,-89.2,-87.3,-83.0,-87.4,-89.3,-87.7,-83.5,-79.1,-77.2,-78.4,-80.1,-82.9,-84.9,-85.9,-85.4,-84.1,-81.8,-79.8,-78.7,-78.1,-78.2,-78.7,-81.2,-80.5,-81.3,-83.2,-85.1,-85.8,-84.9,-83.0,646.4,647.0,646.6,645.4,644.2,643.8,644.1,645.2,651.3,648.6,645.8,643.9,643.6,644.1,645.0,643.8,643.0,643.4,645.3,648.2,646.1,645.6,645.4,645.6,646.1,646.6,646.8,646.6,598.1,599.1,599.7,599.7,598.9,597.9,597.3,597.5,599.3,598.1,597.1,596.9,598.3,600.7,603.3,600.4,597.8,596.4,596.4,597.8,598.8,598.8,599.1,599.5,599.8,599.8,599.5,599.1,41.8,-52.4,682.7,0.084,0.338,-0.001,290.3,289.7,290.5,292.3,294.6,298.5,303.8,310.9,320.6,331.8,342.9,353.3,361.1,366.0,368.2,369.3,370.1,292.4,295.6,301.2,307.6,313.4,327.1,334.6,342.7,350.2,355.6,319.8,318.8,317.7,316.5,311.3,314.8,318.5,323.1,327.3,298.7,302.3,307.4,311.8,307.3,302.3,332.7,337.2,342.6,347.4,343.1,337.7,306.8,310.1,314.9,318.6,323.0,330.2,337.4,330.8,324.0,319.2,315.1,310.3,309.0,315.1,318.8,323.2,334.8,323.6,319.1,315.2,118.9,129.4,139.8,150.1,160.1,169.1,176.7,182.9,185.0,184.2,179.9,173.4,164.6,153.8,141.7,129.3,117.0,106.6,100.6,98.3,98.6,101.0,100.1,96.7,96.1,98.3,103.7,111.4,117.9,124.2,130.9,138.9,140.2,141.1,140.0,139.0,115.6,112.2,112.2,115.3,116.7,117.0,114.5,110.8,110.8,113.6,115.4,115.6,157.2,152.4,150.1,151.1,150.1,152.4,156.5,162.7,164.9,165.3,164.9,162.6,157.1,154.4,154.6,154.4,156.7,159.4,159.7,159.3,-12.1,-13.2,-11.8,-8.5,-4.2,2.7,11.8,23.7,39.6,58.4,77.8,96.3,110.3,118.9,122.6,124.4,125.9,-8.1,-2.4,7.2,17.8,27.4,49.6,61.9,75.2,87.6,96.6,37.7,35.6,33.5,31.2,23.6,29.2,35.1,42.4,49.3,3.0,9.1,17.7,25.0,17.6,9.1,59.3,66.4,75.3,83.1,75.9,67.2,16.5,21.7,29.3,35.2,42.1,54.0,66.6,55.2,43.9,36.3,29.7,22.1,20.2,29.6,35.6,42.5,62.1,43.3,36.1,29.9,-90.8,-71.8,-52.9,-34.2,-16.1,0.3,13.5,23.7,26.9,25.6,18.5,7.5,-7.5,-26.2,-46.9,-68.3,-89.6,-109.3,-118.6,-121.0,-118.7,-113.5,-113.5,-118.9,-120.1,-116.4,-107.7,-95.2,-83.6,-72.5,-61.0,-49.7,-47.3,-45.5,-47.2,-48.9,-92.3,-97.3,-96.8,-90.9,-89.0,-89.1,-90.4,-96.2,-96.0,-91.4,-88.3,-88.2,-19.9,-27.4,-30.9,-29.0,-30.6,-27.0,-20.5,-10.3,-6.7,-6.1,-6.8,-10.6,-20.0,-23.9,-23.4,-23.8,-20.3,-15.6,-15.1,-16.0,739.9,738.8,738.9,739.6,735.9,727.4,714.2,696.7,685.6,684.5,691.1,698.4,701.9,703.2,702.5,701.7,702.7,715.0,707.7,698.0,688.1,681.2,672.4,670.9,671.6,671.9,672.8,674.5,667.8,661.0,654.2,673.1,668.5,664.5,664.1,664.4,705.6,699.4,694.9,691.3,694.5,698.8,677.1,674.8,672.8,673.2,671.8,673.7,690.6,675.3,666.9,663.5,661.5,664.2,671.7,665.6,663.3,665.4,668.9,677.6,686.6,668.7,665.0,662.9,671.0,664.7,666.8,670.5,0.596,0.019,0.309,0.001,322.235,137.576,-30.197,-19.591,-10.627,13.245,-7.893,-8.267,3.222,2.980,0.143,7.080,-6.588,-2.019,-0.075,-3.359,-2.291,1.483,0.492,-1.993,-2.483,-0.101,0.978,-0.591,0.280,-0.529,0.561,-0.849,0.240,0.061,0.019,0.025,0.060,-0.016,0.002,0.036,0.01,0.08,1.22,0.00,0.33,2.85,0.00,0.33,0.05,0.00,0.00,0.06,0.11,0.00,1.46,1.08,0.45,0.00,0.00,1.00,0.00,1.00,1.00,0.00,0.00,0.00,0.00,0.00,0.00,0.00,0.00,0.00,0.00,0.00,0.00
128,0,12.700,0.98,1,-0.149734,0.132615,-0.979792,-0.302452,0.139360,-0.942922,-0.231,0.141,301.7,302.8,305.3,307.9,309.0,308.2,305.4,302.9,298.8,300.0,302.0,304.7,307.6,309.9,311.6,309.8,307.2,304.6,302.2,300.2,304.4,305.5,306.6,307.0,306.5,305.4,304.3,303.9,335.3,336.3,339.0,341.9,343.2,342.2,339.5,336.4,332.7,334.3,336.6,339.7,342.7,345.2,346.9,345.3,343.0,340.2,337.4,334.7,338.0,339.3,340.5,340.9,340.4,339.1,337.9,337.5,114.6,112.0,110.7,111.6,114.2,117.1,118.1,117.2,116.4,114.6,113.3,112.6,113.0,114.2,115.9,116.8,117.2,117.5,117.6,117.2,115.7,116.1,115.6,114.4,113.3,112.9,113.5,114.6,112.8,109.9,108.6,109.7,112.5,115.3,116.6,115.8,114.8,112.9,111.5,110.8,111.2,112.3,113.9,115.0,115.5,115.8,115.8,115.6,114.0,114.5,113.9,112.7,111.5,111.0,111.6,112.8,7.6,9.2,13.3,17.3,19.1,17.8,13.5,9.4,2.9,4.9,8.0,12.3,16.9,20.6,23.3,20.4,16.3,12.1,8.3,5.1,11.8,13.6,15.3,16.0,15.3,13.5,11.7,11.0,56.9,58.4,62.6,66.8,68.7,67.1,63.0,58.5,53.2,55.4,58.7,63.3,67.9,71.9,74.8,72.0,68.2,64.1,59.8,55.9,61.0,62.9,64.7,65.4,64.6,62.7,60.9,60.2,-87.0,-91.4,-93.3,-91.7,-87.5,-82.8,-81.2,-82.8,-84.9,-87.4,-89.0,-89.9,-89.3,-87.5,-84.8,-83.2,-82.4,-82.0,-82.2,-83.1,-85.2,-84.5,-85.4,-87.3,-89.1,-89.8,-89.0,-87.1,-83.5,-87.9,-89.9,-88.3,-84.1,-79.7,-77.7,-79.0,-80.7,-83.4,-85.4,-86.3,-85.9,-84.6,-82.5,-80.5,-79.4,-78.8,-78.9,-79.3,-81.7,-81.0,-81.9,-83.8,-85.7,-86.4,-85.5,-83.6,653.3,653.8,653.5,652.4,651.1,650.7,650.9,652.1,658.1,655.4,652.6,650.8,650.5,651.1,652.0,650.7,649.8,650.2,652.1,655.0,652.9,652.4,652.3,652.5,653.0,653.5,653.7,653.4,606.2,607.2,607.8,607.8,607.0,606.0,605.4,605.6,607.5,606.2,605.2,605.0,606.4,608.8,611.3,608.4,605.9,604.5,604.5,605.9,606.9,606.9,607.1,607.6,607.9,607.9,607.7,607.2,42.8,-53.9,695.7,0.064,0.313,-0.004,290.0,289.6,290.4,292.2,294.6,298.7,304.1,311.2,320.9,331.8,342.8,353.0,360.9,365.7,367.9,369.0,369.8,292.1,295.4,301.1,307.4,313.3,326.8,334.4,342.4,349.9,355.5,319.8,318.9,318.0,317.0,311.6,315.2,318.9,323.3,327.5,298.7,302.3,307.3,311.7,307.2,302.3,332.5,337.0,342.4,347.1,342.8,337.5,307.3,310.9,315.6,319.2,323.4,330.3,337.4,330.9,324.4,319.8,315.8,311.1,309.5,315.7,319.4,323.7,334.7,323.9,319.6,315.8,119.8,130.0,140.2,150.3,159.9,168.5,175.5,181.2,183.1,182.4,178.5,172.4,164.1,153.7,141.8,129.6,117.5,107.8,101.9,99.6,99.8,102.0,101.0,97.7,97.0,99.1,104.3,112.1,118.4,124.7,131.2,138.8,140.0,140.9,139.7,138.6,116.4,113.1,113.0,115.9,117.3,117.6,114.9,111.3,111.2,113.9,115.6,115.8,156.2,151.7,149.5,150.4,149.3,151.4,155.1,160.4,162.4,162.8,162.5,160.7,156.0,153.5,153.7,153.3,155.2,157.2,157.6,157.2,-12.9,-13.7,-12.2,-8.8,-4.3,3.0,12.6,24.7,40.8,59.6,79.2,98.0,112.5,121.4,125.3,127.2,128.7,-8.8,-2.9,7.1,18.0,27.7,50.2,62.9,76.5,89.4,99.0,38.6,36.7,34.7,32.7,24.6,30.4,36.4,43.7,50.7,3.0,9.3,17.9,25.4,17.8,9.2,60.3,67.6,76.6,84.6,77.2,68.4,17.7,23.4,31.0,36.8,43.7,55.3,67.8,56.3,45.4,37.8,31.3,23.8,21.4,31.3,37.2,44.2,63.3,44.7,37.6,31.5,-91.0,-72.0,-53.1,-34.5,-16.6,-0.9,11.6,21.2,24.1,22.9,16.4,6.0,-8.5,-27.1,-48.0,-69.5,-91.1,-109.4,-118.8,-121.3,-119.2,-114.2,-114.5,-120.0,-121.4,-118.0,-109.4,-96.1,-84.6,-73.4,-61.9,-50.9,-48.5,-46.8,-48.6,-50.5,-92.8,-97.7,-97.4,-91.8,-89.8,-89.7,-91.9,-97.7,-97.6,-93.2,-90.0,-89.8,-22.1,-29.2,-32.6,-30.9,-32.6,-29.3,-23.4,-14.3,-11.0,-10.3,-10.8,-14.0,-22.2,-25.8,-25.5,-26.0,-23.1,-19.6,-19.0,-19.7,755.2,753.6,753.3,753.6,749.7,740.8,726.9,709.1,698.4,698.2,706.0,714.3,718.9,721.0,721.0,720.5,721.8,730.1,722.5,712.9,702.9,695.5,687.0,686.3,687.6,688.6,690.2,689.3,682.3,675.2,668.1,686.7,682.0,678.0,677.9,678.4,720.0,713.9,709.5,706.0,708.9,713.0,692.6,690.7,689.1,689.7,687.9,689.5,703.0,688.1,680.2,677.0,675.2,678.2,686.0,678.8,675.8,677.7,681.0,689.6,698.9,681.8,678.4,676.5,685.0,677.6,679.5,683.0,0.584,-0.000,0.281,-0.003,322.326,137.283,-20.030,-20.903,-11.703,10.084,-7.184,-5.607,3.217,3.642,-0.667,5.309,-6.673,-1.539,0.193,-2.818,-0.653,0.907,-0.407,-2.561,-2.885,0.032,1.251,-0.347,0.338,-0.444,0.453,-0.645,0.172,-0.031,-0.051,-0.001,0.061,-0.005,-0.019,0.030,0.01,0.08,1.12,0.00,0.25,2.81,0.00,0.36,0.12,0.00,0.00,0.00,0.04,0.00,1.11,0.37,0.45,0.00,0.00,1.00,0.00,1.00,1.00,0.00,0.00,0.00,0.00,0.00,0.00,0.00,0.00,0.00,0.00,0.00,0.00
129,0,12.800,0.98,1,-0.146967,0.124086,-0.981327,-0.295028,0.129540,-0.946667,-0.225,0.131,302.0,303.0,305.6,308.2,309.3,308.5,305.7,303.1,299.0,300.2,302.3,305.0,308.0,310.3,312.0,310.1,307.5,304.8,302.4,300.4,304.6,305.8,306.9,307.3,306.9,305.7,304.6,304.1,335.7,336.7,339.4,342.3,343.6,342.6,339.9,336.8,333.1,334.7,337.0,340.1,343.2,345.6,347.3,345.7,343.4,340.7,337.8,335.1,338.5,339.7,340.9,341.4,340.8,339.5,338.3,337.9,112.4,109.7,108.5,109.4,112.0,114.9,115.9,115.0,114.2,112.3,111.0,110.3,110.7,112.0,113.8,114.8,115.1,115.4,115.4,115.1,113.5,114.0,113.4,112.2,111.1,110.7,111.2,112.4,110.8,107.9,106.7,107.7,110.5,113.3,114.6,113.8,112.9,110.9,109.4,108.6,109.1,110.3,112.0,113.1,113.6,113.9,113.8,113.7,112.1,112.5,112.0,110.7,109.5,109.0,109.6,110.8,7.8,9.5,13.5,17.6,19.3,18.0,13.6,9.5,3.2,5.1,8.3,12.5,17.2,20.8,23.5,20.5,16.4,12.3,8.5,5.3,12.0,13.8,15.5,16.2,15.5,13.7,12.0,11.2,57.1,58.7,62.9,67.1,69.0,67.4,63.2,58.7,53.4,55.6,59.0,63.5,68.2,72.1,74.9,72.2,68.5,64.3,60.1,56.2,61.3,63.2,65.0,65.7,64.8,63.0,61.2,60.5,-89.1,-93.4,-95.3,-93.7,-89.4,-84.8,-83.2,-84.9,-86.9,-89.5,-91.2,-92.1,-91.4,-89.4,-86.7,-85.0,-84.3,-83.9,-84.2,-85.1,-87.2,-86.5,-87.3,-89.2,-91.1,-91.8,-91.0,-89.1,-85.9,-90.3,-92.3,-90.7,-86.5,-82.1,-80.2,-81.4,-83.0,-85.8,-87.9,-89.0,-88.4,-87.1,-84.8,-82.8,-81.7,-81.2,-81.2,-81.6,-84.2,-83.5,-84.3,-86.3,-88.1,-88.8,-87.9,-86.0,642.4,643.0,642.6,641.4,640.1,639.6,639.9,641.1,647.2,644.5,641.8,639.9,639.5,640.1,640.9,639.7,638.8,639.2,641.1,644.0,642.0,641.4,641.3,641.5,642.1,642.6,642.8,642.5,602.4,603.5,604.3,604.2,603.4,602.2,601.5,601.7,603.6,602.5,601.5,601.4,602.8,605.2,607.7,604.7,602.1,600.7,600.7,602.0,603.1,603.1,603.4,603.9,604.3,604.3,604.0,603.5,43.1,-55.9,691.4,0.067,0.304,-0.002,290.1,289.8,290.7,292.5,294.9,298.8,304.2,311.4,321.1,332.2,343.2,353.3,361.2,366.0,368.2,369.3,369.9,292.1,295.4,301.3,307.8,313.8,327.1,334.7,342.7,350.4,356.0,320.2,319.3,318.3,317.2,312.0,315.4,319.2,323.6,327.8,298.9,302.5,307.6,312.0,307.6,302.5,333.0,337.4,342.8,347.5,343.3,337.9,307.7,311.3,316.1,319.7,323.9,330.7,337.6,331.2,324.9,320.2,316.3,311.5,309.9,316.2,319.9,324.2,334.9,324.4,320.0,316.3,118.2,128.4,138.7,148.8,158.6,167.3,174.5,180.2,182.1,181.4,177.4,171.3,162.9,152.5,140.7,128.6,116.4,106.7,100.7,98.5,98.8,101.0,100.2,96.9,96.2,98.3,103.6,110.3,116.8,123.2,130.0,137.5,138.7,139.6,138.4,137.3,114.2,110.8,110.7,113.9,115.2,115.5,113.0,109.2,109.1,112.0,113.7,113.9,155.0,150.6,148.5,149.4,148.3,150.3,153.9,159.0,160.9,161.3,161.0,159.3,154.8,152.5,152.6,152.2,154.1,155.7,156.0,155.7,-12.6,-13.2,-11.5,-8.3,-3.9,3.3,12.8,24.9,41.0,59.8,79.5,98.2,112.7,121.6,125.6,127.2,128.5,-8.7,-2.8,7.5,18.5,28.4,50.4,63.1,76.7,89.7,99.3,38.9,37.0,34.9,32.9,25.0,30.6,36.6,43.9,50.9,3.3,9.6,18.3,25.8,18.2,9.6,60.8,68.0,77.0,84.9,77.6,68.8,18.3,24.0,31.6,37.4,44.3,55.6,67.8,56.6,45.9,38.3,32.0,24.4,22.0,31.9,37.8,44.8,63.3,45.2,38.1,32.1,-93.7,-74.7,-55.7,-37.1,-19.1,-3.1,9.7,19.3,22.3,21.1,14.4,3.9,-10.7,-29.1,-49.8,-71.2,-92.6,-110.9,-120.1,-122.4,-120.2,-115.1,-115.3,-120.7,-122.1,-118.7,-110.2,-98.5,-86.6,-75.1,-63.4,-52.7,-50.3,-48.6,-50.4,-52.4,-96.0,-101.2,-100.8,-94.8,-92.9,-92.9,-94.6,-100.8,-100.6,-95.9,-92.8,-92.7,-24.0,-30.8,-34.0,-32.4,-34.0,-30.8,-25.2,-16.6,-13.4,-12.7,-13.2,-16.3,-24.2,-27.5,-27.1,-27.6,-24.9,-22.0,-21.4,-22.1,751.7,750.4,750.0,750.1,746.0,737.1,723.1,704.8,694.0,694.1,702.7,711.6,716.9,719.4,719.3,718.2,719.2,725.7,717.6,708.0,698.1,691.0,683.7,683.0,684.4,685.4,687.2,685.0,677.6,670.1,662.7,682.1,677.2,673.1,673.1,673.9,715.4,709.4,705.1,701.9,704.5,708.6,689.4,687.5,685.9,686.7,684.7,686.3,698.4,683.6,676.0,673.0,671.3,674.5,682.2,674.9,671.8,673.6,676.8,685.0,694.3,677.7,674.3,672.7,681.0,673.5,675.2,678.6,0.587,0.000,0.269,-0.001,322.660,135.920,-16.129,-18.732,-11.524,12.320,-8.661,-2.249,4.771,3.839,2.877,5.393,-5.008,-0.832,0.633,-2.631,-0.294,0.554,0.457,-1.979,-1.497,0.134,1.315,-0.430,-0.162,-0.169,0.456,-0.772,0.242,-0.014,-0.041,-0.004,0.048,0.022,-0.016,0.023,0.03,0.08,1.09,0.00,0.29,3.03,0.00,0.54,0.12,0.00,0.06,0.00,0.00,0.00,0.88,0.12,0.15,0.00,0.00,1.00,0.00,1.00,1.00,0.00,0.00,0.00,0.00,0.00,0.00,0.00,0.00,0.00,0.00,0.00,0.00
130,0,12.900,0.98,1,-0.151618,0.135121,-0.979160,-0.298803,0.139328,-0.944089,-0.230,0.142,302.1,303.2,305.8,308.4,309.5,308.6,305.8,303.2,299.1,300.4,302.4,305.2,308.2,310.5,312.2,310.3,307.6,305.0,302.5,300.5,304.8,305.9,307.0,307.5,307.0,305.9,304.8,304.3,336.1,337.1,339.9,342.8,344.1,343.0,340.3,337.2,333.4,335.0,337.4,340.5,343.6,346.1,347.8,346.1,343.8,341.1,338.2,335.4,338.8,340.1,341.3,341.8,341.2,339.9,338.7,338.3,111.9,109.2,108.0,109.0,111.6,114.5,115.5,114.6,113.7,111.8,110.5,109.8,110.3,111.6,113.5,114.4,114.8,115.1,115.0,114.6,113.1,113.6,113.0,111.8,110.7,110.3,110.8,112.0,110.7,107.9,106.6,107.7,110.5,113.4,114.6,113.8,112.8,110.8,109.3,108.6,109.1,110.3,112.1,113.2,113.7,113.9,113.8,113.7,112.0,112.5,112.0,110.7,109.5,109.0,109.6,110.8,8.0,9.7,13.7,17.8,19.4,18.0,13.7,9.7,3.4,5.3,8.5,12.7,17.3,21.0,23.6,20.6,16.5,12.4,8.6,5.5,12.1,13.9,15.6,16.4,15.7,13.9,12.1,11.4,57.2,58.8,63.0,67.2,69.0,67.4,63.2,58.8,53.5,55.7,59.1,63.6,68.3,72.2,75.0,72.2,68.5,64.3,60.1,56.2,61.4,63.2,65.0,65.7,64.9,63.1,61.3,60.6,-89.2,-93.5,-95.3,-93.6,-89.3,-84.7,-83.2,-84.9,-87.1,-89.7,-91.3,-92.1,-91.3,-89.4,-86.5,-84.9,-84.2,-83.9,-84.2,-85.2,-87.3,-86.5,-87.3,-89.2,-91.1,-91.8,-91.0,-89.1,-85.3,-89.7,-91.6,-90.0,-85.8,-81.4,-79.5,-80.8,-82.4,-85.3,-87.3,-88.3,-87.8,-86.4,-84.1,-82.1,-81.0,-80.4,-80.5,-81.0,-83.5,-82.8,-83.7,-85.6,-87.4,-88.1,-87.3,-85.4,637.7,638.3,637.8,636.7,635.4,635.0,635.3,636.5,642.6,639.9,637.1,635.2,634.8,635.3,636.2,635.0,634.2,634.6,636.5,639.5,637.3,636.8,636.6,636.8,637.4,637.9,638.1,637.9,597.7,598.7,599.5,599.4,598.6,597.5,596.8,597.0,598.8,597.7,596.8,596.6,598.0,600.4,602.9,599.9,597.4,595.9,595.9,597.3,598.3,598.3,598.6,599.1,599.5,599.5,599.2,598.7,43.0,-55.2,685.6,0.084,0.311,-0.000,290.3,290.0,290.9,292.7,295.0,298.9,304.3,311.4,321.2,332.4,343.4,353.6,361.4,366.2,368.4,369.5,370.2,292.3,295.6,301.6,308.1,314.1,327.4,335.1,343.3,350.9,356.4,320.5,319.5,318.5,317.4,312.0,315.5,319.3,323.8,328.0,299.0,302.7,307.8,312.2,307.7,302.6,333.3,337.7,343.2,347.9,343.7,338.3,307.7,311.3,316.0,319.7,323.9,330.7,337.7,331.3,324.8,320.2,316.2,311.4,309.9,316.2,319.8,324.1,335.0,324.4,320.0,316.3,117.5,127.9,138.3,148.6,158.5,167.4,174.8,180.7,182.8,182.0,177.7,171.4,162.8,152.3,140.5,128.4,116.3,105.8,99.8,97.5,97.9,100.4,99.7,96.4,95.8,98.1,103.5,110.1,116.7,123.2,130.0,137.5,138.8,139.8,138.7,137.5,113.7,110.3,110.2,113.6,114.9,115.1,112.9,109.1,109.1,112.1,113.8,113.9,155.5,151.0,148.8,149.8,148.8,150.9,154.8,160.1,162.1,162.5,162.2,160.2,155.3,152.9,153.1,152.8,154.9,156.8,157.1,156.7,-12.2,-12.8,-11.1,-7.9,-3.6,3.4,12.8,24.8,40.9,59.7,79.3,97.8,112.0,120.6,124.5,126.2,127.4,-8.2,-2.4,7.8,18.8,28.7,50.5,63.1,76.7,89.6,98.9,39.1,37.0,34.9,32.7,24.9,30.5,36.4,43.8,50.7,3.5,9.8,18.4,25.9,18.3,9.7,60.7,67.9,76.9,84.8,77.5,68.7,18.1,23.7,31.3,37.0,43.8,55.3,67.4,56.3,45.5,38.0,31.6,24.0,21.8,31.6,37.4,44.4,62.9,44.8,37.8,31.8,-94.0,-74.9,-55.9,-37.2,-19.1,-2.9,10.2,20.1,23.2,21.9,14.9,4.1,-10.7,-29.1,-49.6,-70.7,-91.8,-111.3,-120.5,-122.7,-120.3,-114.9,-114.8,-120.1,-121.4,-117.8,-109.1,-97.8,-86.0,-74.5,-62.8,-52.1,-49.6,-47.8,-49.6,-51.5,-96.0,-101.1,-100.5,-94.3,-92.5,-92.6,-93.8,-99.9,-99.6,-94.8,-91.7,-91.7,-22.9,-29.9,-33.1,-31.4,-33.0,-29.6,-23.6,-14.5,-11.2,-10.6,-11.2,-14.6,-23.0,-26.4,-26.0,-26.5,-23.4,-20.0,-19.5,-20.3,744.7,743.8,743.8,744.2,740.2,731.4,717.6,699.7,688.9,688.7,696.7,705.1,709.8,711.7,711.2,709.9,710.7,718.3,710.3,700.6,690.7,683.7,676.6,675.7,677.0,677.9,679.8,678.0,670.7,663.5,656.3,675.9,671.0,667.1,667.0,667.6,708.3,702.3,697.9,694.8,697.6,701.7,682.2,680.2,678.6,679.5,677.6,679.2,692.6,677.7,670.0,667.0,665.3,668.5,676.3,669.5,666.6,668.4,671.6,679.7,688.6,671.8,668.5,666.9,675.3,668.1,669.7,673.1,0.592,0.016,0.278,0.002,322.825,136.035,-20.341,-16.529,-11.632,13.975,-8.023,-4.107,4.736,3.628,2.966,6.614,-4.881,-1.106,0.544,-2.841,-0.856,0.902,0.768,-2.362,-1.397,0.365,1.155,-0.399,-0.092,-0.299,0.343,-0.776,0.296,0.043,-0.014,0.007,0.079,0.005,-0.012,0.034,0.08,0.12,1.04,0.00,0.28,3.29,0.00,0.44,0.08,0.00,0.18,0.00,0.00,0.00,0.85,0.12,0.06,0.00,0.00,1.00,0.00,1.00,1.00,0.00,0.00,0.00,0.00,0.00,0.00,0.00,0.00,0.00,0.00,0.00,0.00
131,0,13.000,0.98,1,-0.156590,0.149796,-0.976238,-0.303018,0.155968,-0.940135,-0.235,0.158,301.0,302.0,304.6,307.1,308.2,307.4,304.6,302.0,298.1,299.3,301.2,304.0,306.9,309.3,311.0,309.1,306.5,303.8,301.4,299.4,303.6,304.7,305.8,306.3,305.8,304.7,303.6,303.1,334.8,335.8,338.6,341.5,342.8,341.8,339.0,335.9,332.2,333.8,336.1,339.2,342.3,344.8,346.5,344.9,342.5,339.8,336.9,334.2,337.6,338.9,340.1,340.5,339.9,338.7,337.5,337.0,115.0,112.2,111.0,112.0,114.6,117.5,118.5,117.6,116.6,114.8,113.5,112.8,113.3,114.6,116.4,117.4,117.8,118.1,118.1,117.6,116.1,116.5,116.0,114.8,113.7,113.2,113.8,115.0,113.6,110.8,109.5,110.6,113.4,116.2,117.5,116.7,115.7,113.7,112.2,111.5,112.0,113.1,114.8,116.0,116.6,116.8,116.8,116.6,114.9,115.4,114.8,113.6,112.3,111.9,112.4,113.7,6.2,7.9,11.9,15.9,17.6,16.3,11.9,7.9,1.7,3.6,6.7,10.9,15.5,19.2,21.8,18.8,14.8,10.6,6.9,3.8,10.3,12.1,13.9,14.6,13.8,12.1,10.3,9.6,55.6,57.2,61.4,65.6,67.4,65.8,61.7,57.2,51.9,54.1,57.5,62.0,66.7,70.6,73.4,70.7,67.0,62.8,58.6,54.7,59.8,61.6,63.4,64.1,63.3,61.5,59.7,59.0,-84.8,-89.1,-91.0,-89.3,-85.0,-80.4,-78.9,-80.6,-82.9,-85.4,-87.0,-87.8,-87.0,-85.0,-82.2,-80.6,-79.8,-79.5,-79.8,-80.9,-83.0,-82.2,-83.0,-84.9,-86.8,-87.5,-86.7,-84.8,-81.5,-85.8,-87.8,-86.2,-82.0,-77.6,-75.7,-76.9,-78.6,-81.4,-83.5,-84.5,-84.0,-82.6,-80.4,-78.3,-77.1,-76.5,-76.6,-77.1,-79.7,-79.0,-79.8,-81.7,-83.6,-84.3,-83.4,-81.5,640.4,640.8,640.2,639.0,637.8,637.6,638.1,639.3,645.5,642.6,639.7,637.6,637.2,637.7,638.6,637.6,636.8,637.4,639.3,642.3,640.0,639.4,639.2,639.3,639.8,640.4,640.6,640.5,600.3,601.3,601.9,601.9,601.1,600.2,599.5,599.8,601.6,600.4,599.4,599.2,600.5,602.9,605.4,602.6,600.0,598.6,598.7,600.1,601.0,601.0,601.3,601.7,602.0,602.1,601.8,601.4,41.6,-51.5,690.6,0.103,0.316,-0.012,289.5,289.2,290.1,291.9,294.2,298.1,303.5,310.7,320.5,331.8,343.0,353.3,361.1,365.7,367.8,368.7,369.2,291.4,294.6,300.4,306.9,312.8,326.0,333.5,341.6,349.2,354.8,319.2,318.3,317.3,316.3,311.2,314.7,318.4,322.8,326.9,298.0,301.5,306.5,311.0,306.5,301.5,332.1,336.5,341.9,346.7,342.4,337.1,306.9,310.5,315.2,318.8,323.0,329.7,336.6,330.2,323.9,319.3,315.3,310.7,309.1,315.3,319.0,323.2,333.9,323.4,319.0,315.3,120.0,130.2,140.3,150.4,160.1,168.8,176.0,182.0,184.0,183.2,179.0,172.6,164.2,153.7,142.0,130.0,118.1,107.9,102.2,100.0,100.5,103.0,102.3,98.8,98.1,100.2,105.3,113.1,119.8,126.3,133.1,140.6,141.9,142.9,141.8,140.6,116.6,113.3,113.2,116.5,117.9,118.2,115.8,112.0,111.9,114.8,116.7,116.9,158.1,154.1,152.0,153.0,151.9,153.9,157.3,162.1,163.9,164.2,163.9,162.3,158.0,156.1,156.3,156.0,157.4,158.6,159.0,158.6,-13.7,-14.4,-12.6,-9.3,-5.1,2.0,11.5,23.6,39.9,59.2,79.2,98.1,112.3,120.7,124.2,125.5,126.4,-10.0,-4.2,5.9,16.8,26.7,48.3,60.7,74.3,87.1,96.6,37.2,35.3,33.3,31.3,23.7,29.3,35.3,42.5,49.4,1.7,7.8,16.4,23.9,16.4,7.8,59.0,66.1,75.1,83.1,75.8,67.1,16.9,22.7,30.1,35.9,42.7,53.9,66.2,54.9,44.2,36.8,30.4,23.1,20.5,30.4,36.3,43.2,61.6,43.5,36.4,30.4,-89.9,-71.2,-52.6,-34.3,-16.4,-0.4,12.4,22.4,25.5,24.2,17.2,6.3,-8.4,-26.9,-47.3,-68.2,-89.2,-108.1,-117.0,-119.1,-116.5,-111.2,-111.2,-116.7,-118.1,-114.8,-106.4,-93.4,-81.5,-69.9,-58.2,-47.4,-44.9,-43.1,-44.9,-46.8,-91.5,-96.5,-95.9,-89.9,-87.9,-88.0,-89.5,-95.5,-95.4,-90.7,-87.4,-87.3,-18.6,-25.0,-28.1,-26.4,-28.0,-24.9,-19.5,-11.4,-8.4,-7.9,-8.4,-11.3,-18.7,-21.3,-20.9,-21.4,-19.3,-17.1,-16.6,-17.4,749.1,748.6,749.1,750.2,746.6,737.8,723.8,705.8,695.0,694.8,702.7,711.0,715.5,717.1,716.2,714.5,714.7,722.7,714.4,704.5,694.4,687.5,679.8,678.6,679.7,680.5,682.2,682.3,675.5,668.6,661.8,681.4,676.8,673.0,672.6,673.0,713.2,706.8,702.2,699.2,702.1,706.4,686.0,683.7,682.1,683.1,681.4,683.0,697.6,683.0,675.6,672.6,670.9,673.9,681.3,674.6,671.9,673.6,676.8,684.8,693.4,677.5,674.2,672.5,680.1,673.1,674.8,678.2,0.588,0.040,0.284,-0.009,321.828,138.437,-17.874,-18.728,-17.180,11.395,-7.341,-3.334,2.837,3.795,0.876,8.704,-5.118,-1.417,0.133,-2.762,-1.437,0.756,0.038,-2.868,-1.683,-0.050,1.140,-0.285,-0.149,-0.360,0.313,-0.883,0.172,0.030,-0.002,-0.014,0.073,0.004,-0.018,0.047,0.18,0.23,0.98,0.00,0.15,3.09,0.00,0.34,0.02,0.00,0.69,0.15,0.00,0.01,0.63,0.12,0.11,0.00,0.00,1.00,0.00,1.00,1.00,0.00,0.00,0.00,0.00,0.00,0.00,0.00,0.00,0.00,0.00,0.00,0.00
132,0,13.100,0.93,1,-0.158633,0.118029,-0.980258,-0.304110,0.120568,-0.944976,-0.236,0.123,300.6,301.7,304.2,306.8,307.8,307.0,304.2,301.7,297.7,298.9,300.9,303.6,306.5,308.8,310.5,308.6,306.0,303.3,301.0,299.0,303.2,304.3,305.4,305.9,305.5,304.3,303.2,302.8,334.4,335.4,338.2,341.0,342.3,341.2,338.5,335.4,331.8,333.4,335.7,338.8,341.9,344.3,346.0,344.3,342.0,339.3,336.4,333.7,337.1,338.4,339.6,340.0,339.5,338.2,337.0,336.6,114.6,111.9,110.7,111.7,114.2,117.1,118.1,117.2,116.3,114.5,113.2,112.5,113.0,114.2,116.1,117.0,117.4,117.7,117.6,117.2,115.7,116.2,115.6,114.5,113.3,112.9,113.4,114.6,113.3,110.5,109.2,110.4,113.2,116.0,117.2,116.4,115.3,113.4,111.9,111.3,111.8,112.9,114.7,115.8,116.3,116.5,116.4,116.2,114.6,115.1,114.6,113.3,112.1,111.6,112.2,113.4,5.7,7.4,11.4,15.4,17.1,15.7,11.4,7.4,1.2,3.1,6.1,10.3,14.9,18.6,21.3,18.2,14.1,10.0,6.3,3.2,9.8,11.6,13.3,14.1,13.4,11.6,9.9,9.1,55.3,57.0,61.1,65.3,67.1,65.5,61.3,56.8,51.6,53.8,57.2,61.7,66.4,70.3,73.1,70.3,66.6,62.4,58.2,54.3,59.4,61.3,63.1,63.8,63.1,61.2,59.4,58.7,-86.2,-90.5,-92.3,-90.6,-86.3,-81.7,-80.2,-81.9,-84.1,-86.6,-88.3,-89.1,-88.3,-86.4,-83.6,-81.9,-81.2,-80.9,-81.2,-82.2,-84.3,-83.5,-84.3,-86.2,-88.1,-88.8,-88.0,-86.1,-82.4,-86.8,-88.7,-87.0,-82.7,-78.4,-76.5,-77.8,-79.6,-82.3,-84.3,-85.3,-84.7,-83.3,-81.1,-79.1,-77.9,-77.5,-77.6,-78.1,-80.6,-79.8,-80.7,-82.6,-84.4,-85.2,-84.3,-82.4,646.1,646.6,646.0,644.7,643.5,643.2,643.6,644.9,651.2,648.4,645.5,643.4,642.9,643.4,644.2,643.1,642.4,643.0,645.0,648.0,645.6,645.1,644.8,645.0,645.6,646.1,646.4,646.2,603.9,604.9,605.5,605.4,604.7,603.7,603.1,603.3,605.2,603.9,602.9,602.7,604.1,606.5,609.0,606.1,603.6,602.2,602.2,603.6,604.6,604.5,604.8,605.2,605.6,605.6,605.3,604.9,40.5,-53.7,696.1,0.044,0.318,0.013,289.2,288.8,289.5,291.0,293.1,296.9,302.2,309.2,318.9,330.3,341.8,352.3,360.3,365.0,367.2,368.3,369.0,291.1,294.5,300.4,306.8,312.6,325.6,333.2,341.3,348.9,354.7,318.8,317.7,316.6,315.4,310.2,313.7,317.3,321.7,325.8,297.6,301.2,306.2,310.5,306.0,301.0,331.6,336.1,341.5,346.2,341.9,336.5,305.8,309.8,314.2,317.5,321.6,327.8,334.8,327.9,321.8,317.5,313.8,309.6,307.9,314.2,317.6,321.7,332.0,321.5,317.4,314.0,120.1,130.2,140.3,150.3,159.8,168.3,174.9,180.2,182.0,181.5,178.0,172.4,164.5,154.3,142.7,130.8,118.9,108.2,102.5,100.4,100.9,103.1,102.3,99.2,98.6,100.6,105.8,112.6,119.1,125.6,132.3,139.6,140.8,141.7,140.7,139.6,116.3,113.0,112.9,116.1,117.5,117.8,115.4,111.7,111.8,114.7,116.4,116.5,156.1,152.4,150.5,151.5,150.5,152.4,155.5,158.6,159.6,159.8,159.6,158.7,155.9,154.4,154.6,154.2,155.5,154.7,155.0,154.7,-14.5,-15.3,-13.9,-11.2,-7.1,-0.2,9.3,21.2,37.5,57.0,77.7,97.1,112.0,120.8,124.7,126.4,127.8,-10.7,-4.4,6.0,16.9,26.6,48.3,61.1,74.8,87.8,97.8,36.9,34.7,32.5,30.2,22.3,27.9,33.8,41.0,47.9,1.1,7.3,16.0,23.4,15.7,7.1,58.9,66.3,75.4,83.4,75.9,67.0,15.2,21.5,28.6,34.1,40.7,51.3,63.6,51.3,41.0,33.9,28.0,21.3,18.7,28.7,34.3,41.1,58.7,40.7,33.9,28.4,-91.2,-72.3,-53.4,-34.8,-16.9,-1.3,10.6,19.5,22.2,21.3,15.6,6.0,-8.0,-26.2,-46.7,-67.7,-88.9,-109.2,-118.2,-120.2,-117.7,-112.5,-112.5,-117.6,-118.9,-115.7,-107.2,-95.6,-83.6,-72.0,-60.2,-49.6,-47.1,-45.3,-47.1,-48.9,-93.3,-98.3,-97.8,-91.8,-89.8,-89.8,-91.3,-97.2,-96.9,-92.2,-89.0,-89.0,-22.1,-28.0,-30.8,-29.2,-30.8,-27.7,-22.7,-17.3,-15.6,-15.2,-15.6,-17.3,-22.3,-24.4,-24.0,-24.5,-22.7,-23.7,-23.3,-23.9,761.4,759.7,758.9,758.4,753.9,743.9,728.2,708.6,697.6,697.9,707.2,716.6,722.4,724.9,725.0,723.7,724.4,733.4,724.9,715.0,704.7,696.8,688.6,687.9,689.2,690.0,691.8,691.1,683.6,676.0,668.6,687.9,683.0,678.8,678.6,679.1,722.5,716.3,711.6,708.2,710.8,715.3,695.1,693.0,691.3,692.1,690.2,691.8,702.0,687.9,681.2,678.3,676.7,679.3,686.2,677.9,674.6,676.2,679.3,687.6,697.6,682.4,679.2,677.7,684.5,676.8,678.2,681.6,0.582,-0.019,0.288,0.012,320.945,137.455,-3.440,-17.735,-20.961,6.260,-8.859,2.005,1.745,2.765,-0.304,5.174,-5.270,-0.801,-0.745,-2.621,0.309,-0.002,-0.362,-1.694,-1.884,0.478,0.798,0.252,0.139,-0.260,0.013,-0.639,0.034,0.018,-0.040,-0.027,0.092,-0.004,-0.025,0.025,0.26,0.32,0.90,0.00,0.03,2.81,0.00,0.23,0.03,0.04,1.01,0.23,0.05,0.06,0.31,0.00,0.16,0.00,0.00,1.00,0.00,1.00,1.00,0.00,0.00,0.00,0.00,0.00,1.00,0.00,0.00,0.00,0.00,0.00,0.00
133,0,13.200,0.93,1,-0.158236,0.127191,-0.979175,-0.303796,0.129705,-0.943867,-0.236,0.133,300.4,301.4,304.0,306.5,307.6,306.8,304.0,301.4,297.5,298.7,300.7,303.3,306.3,308.6,310.3,308.4,305.8,303.1,300.8,298.8,303.0,304.1,305.2,305.7,305.2,304.1,303.0,302.5,334.1,335.1,337.9,340.7,342.0,341.0,338.2,335.2,331.5,333.1,335.4,338.5,341.6,344.0,345.7,344.1,341.7,339.0,336.2,333.5,336.9,338.1,339.3,339.8,339.2,337.9,336.7,336.3,114.9,112.2,111.0,111.9,114.5,117.4,118.4,117.4,116.6,114.8,113.5,112.8,113.2,114.5,116.3,117.3,117.7,117.9,117.9,117.5,116.0,116.4,115.9,114.7,113.6,113.2,113.7,114.9,113.4,110.6,109.3,110.4,113.2,116.1,117.3,116.5,115.5,113.5,112.0,111.3,111.8,113.0,114.7,115.8,116.4,116.6,116.5,116.3,114.7,115.2,114.7,113.4,112.2,111.7,112.3,113.5,5.4,7.0,11.1,15.1,16.7,15.4,11.0,7.0,0.8,2.7,5.8,10.0,14.6,18.3,20.9,17.9,13.8,9.7,5.9,2.9,9.5,11.2,13.0,13.7,13.0,11.3,9.5,8.8,54.9,56.5,60.7,64.9,66.7,65.1,60.9,56.5,51.2,53.4,56.7,61.3,66.0,69.9,72.7,69.9,66.2,62.0,57.8,53.9,59.1,60.9,62.7,63.4,62.6,60.8,59.0,58.2,-85.7,-90.0,-91.9,-90.2,-85.9,-81.3,-79.8,-81.5,-83.7,-86.2,-87.8,-88.7,-87.9,-85.9,-83.2,-81.5,-80.8,-80.4,-80.8,-81.7,-83.8,-83.1,-83.9,-85.8,-87.6,-88.4,-87.6,-85.7,-82.2,-86.6,-88.5,-86.9,-82.7,-78.3,-76.4,-77.7,-79.3,-82.1,-84.2,-85.2,-84.6,-83.3,-81.0,-79.0,-77.9,-77.3,-77.4,-77.9,-80.4,-79.7,-80.5,-82.5,-84.3,-85.0,-84.2,-82.3,646.2,646.6,646.1,644.8,643.5,643.2,643.6,644.9,651.2,648.4,645.5,643.4,643.0,643.4,644.2,643.1,642.4,643.0,645.0,648.0,645.6,645.1,644.8,645.1,645.6,646.1,646.4,646.2,603.9,604.9,605.6,605.5,604.7,603.7,603.0,603.3,605.2,604.0,603.0,602.7,604.1,606.5,609.0,606.1,603.6,602.2,602.2,603.6,604.6,604.5,604.8,605.3,605.6,605.6,605.4,604.9,40.2,-52.9,695.1,0.062,0.317,0.007,289.1,288.6,289.4,290.9,293.1,296.9,302.2,309.1,318.8,330.1,341.6,352.1,360.1,364.9,367.2,368.2,368.9,290.9,294.3,300.2,306.5,312.3,325.2,332.9,341.0,348.7,354.5,318.5,317.5,316.4,315.2,310.1,313.5,317.2,321.6,325.8,297.4,300.9,305.9,310.3,305.8,300.8,331.3,335.8,341.2,345.9,341.6,336.3,305.6,309.6,314.1,317.6,321.7,328.2,335.4,328.3,322.0,317.5,313.8,309.5,307.7,314.1,317.6,321.8,332.7,321.6,317.4,313.9,120.0,130.1,140.2,150.3,159.9,168.4,175.1,180.6,182.4,181.9,178.4,172.8,164.8,154.5,142.9,130.8,118.8,108.5,102.8,100.7,101.1,103.3,102.4,99.2,98.6,100.6,105.8,112.8,119.4,125.9,132.8,140.1,141.4,142.3,141.2,140.1,116.6,113.3,113.2,116.4,117.7,118.0,115.6,111.8,111.8,114.7,116.4,116.6,156.8,153.3,151.5,152.4,151.4,153.2,156.1,159.5,160.5,160.8,160.6,159.6,156.7,155.3,155.5,155.1,156.2,155.8,156.0,155.7,-14.6,-15.5,-14.1,-11.3,-7.2,-0.2,9.2,21.1,37.3,56.6,77.1,96.5,111.5,120.5,124.4,126.0,127.4,-10.9,-4.8,5.5,16.4,26.1,47.5,60.3,74.0,87.1,97.1,36.3,34.2,32.0,29.8,22.0,27.5,33.5,40.9,47.9,0.7,6.9,15.5,23.0,15.3,6.7,58.3,65.6,74.6,82.6,75.2,66.4,14.8,21.3,28.6,34.2,40.9,51.8,64.6,52.0,41.2,34.0,28.0,21.2,18.3,28.6,34.3,41.2,59.8,40.8,33.9,28.3,-91.1,-72.2,-53.3,-34.7,-16.8,-1.1,10.9,20.1,22.8,22.0,16.3,6.6,-7.5,-25.7,-46.3,-67.6,-89.0,-108.3,-117.2,-119.3,-116.9,-111.8,-112.0,-117.2,-118.5,-115.3,-106.7,-95.0,-82.9,-71.1,-59.2,-48.6,-46.1,-44.3,-46.1,-48.0,-92.5,-97.5,-97.1,-91.1,-89.1,-89.1,-90.7,-96.8,-96.5,-91.8,-88.6,-88.5,-21.0,-26.4,-29.2,-27.5,-29.1,-26.3,-21.7,-15.8,-14.0,-13.5,-14.0,-15.8,-21.0,-22.9,-22.5,-23.0,-21.5,-21.9,-21.5,-22.2,758.6,757.0,756.4,756.4,752.2,742.7,727.6,708.3,697.0,697.0,706.2,715.6,721.2,723.7,723.6,722.1,722.9,731.2,722.6,712.7,702.3,694.5,686.6,685.7,686.9,687.7,689.6,688.9,681.6,674.1,666.8,686.6,681.6,677.3,677.2,677.7,720.5,714.2,709.5,706.2,708.9,713.3,692.8,690.7,689.0,689.7,687.9,689.6,702.4,687.8,680.7,677.7,676.0,678.8,686.0,677.5,674.0,675.7,679.0,687.8,697.9,681.9,678.6,677.0,684.4,676.0,677.6,681.1,0.584,-0.001,0.287,0.007,320.838,137.867,-6.612,-19.710,-19.227,7.223,-7.841,3.335,1.345,2.780,0.343,7.165,-5.904,0.013,-1.047,-2.881,-1.097,1.333,-0.214,-1.840,-1.874,0.198,1.091,0.093,0.253,-0.189,0.000,-0.817,0.012,0.035,-0.041,-0.018,0.092,0.001,-0.022,0.036,0.19,0.27,0.86,0.00,0.00,2.52,0.00,0.21,0.04,0.04,1.26,0.34,0.12,0.18,0.00,0.00,0.22,0.00,0.00,1.00,0.00,1.00,1.00,0.00,0.00,0.00,0.00,0.00,1.00,0.00,0.00,0.00,0.00,0.00,0.00
134,0,13.300,0.88,1,-0.154542,0.132231,-0.979097,-0.299262,0.135314,-0.944528,-0.232,0.138,300.0,301.0,303.6,306.2,307.2,306.4,303.6,301.1,297.1,298.3,300.3,302.9,305.9,308.2,309.9,308.0,305.4,302.8,300.4,298.4,302.6,303.7,304.9,305.3,304.9,303.7,302.6,302.2,333.9,334.9,337.7,340.5,341.8,340.8,338.1,335.0,331.3,332.9,335.2,338.3,341.4,343.8,345.5,343.9,341.6,338.8,336.0,333.3,336.6,337.9,339.1,339.6,339.0,337.7,336.5,336.1,115.6,112.8,111.6,112.6,115.2,118.1,119.1,118.1,117.2,115.4,114.2,113.5,113.9,115.2,117.0,117.9,118.3,118.6,118.6,118.2,116.7,117.1,116.6,115.4,114.3,113.8,114.4,115.6,114.0,111.2,109.9,111.0,113.8,116.6,117.9,117.1,116.1,114.1,112.6,111.9,112.4,113.5,115.3,116.4,116.9,117.2,117.1,116.9,115.3,115.8,115.2,114.0,112.8,112.3,112.8,114.1,4.7,6.4,10.4,14.4,16.1,14.8,10.4,6.4,0.2,2.1,5.1,9.3,13.9,17.6,20.3,17.3,13.2,9.1,5.3,2.3,8.9,10.6,12.4,13.1,12.4,10.6,8.9,8.1,54.4,56.0,60.1,64.3,66.2,64.6,60.4,55.9,50.6,52.9,56.2,60.7,65.4,69.3,72.2,69.4,65.7,61.5,57.3,53.4,58.5,60.4,62.2,62.9,62.1,60.2,58.4,57.7,-84.3,-88.6,-90.5,-88.8,-84.6,-79.9,-78.4,-80.1,-82.3,-84.8,-86.4,-87.2,-86.5,-84.6,-81.8,-80.2,-79.4,-79.1,-79.4,-80.3,-82.4,-81.7,-82.5,-84.4,-86.3,-87.0,-86.2,-84.3,-81.0,-85.4,-87.4,-85.8,-81.5,-77.2,-75.2,-76.5,-78.2,-80.9,-83.0,-84.0,-83.4,-82.1,-79.9,-77.9,-76.7,-76.2,-76.3,-76.7,-79.2,-78.5,-79.4,-81.3,-83.1,-83.8,-83.0,-81.1,643.6,644.0,643.5,642.2,641.0,640.7,641.1,642.4,648.7,645.9,642.9,640.9,640.4,640.8,641.7,640.6,639.9,640.5,642.5,645.5,643.1,642.5,642.3,642.5,643.0,643.6,643.8,643.6,601.5,602.5,603.2,603.1,602.4,601.4,600.7,600.9,602.8,601.6,600.6,600.4,601.7,604.2,606.7,603.8,601.2,599.8,599.9,601.2,602.2,602.2,602.5,602.9,603.3,603.3,603.0,602.5,40.0,-51.8,694.7,0.071,0.311,0.001,288.8,288.4,289.2,290.7,293.0,296.8,302.2,309.2,318.9,330.1,341.5,351.9,360.0,364.8,367.0,368.0,368.7,290.4,293.7,299.6,306.0,311.9,324.9,332.5,340.6,348.4,354.3,318.2,317.2,316.2,315.1,309.9,313.4,317.1,321.6,325.8,297.0,300.6,305.6,310.0,305.5,300.5,331.1,335.6,341.0,345.7,341.4,336.1,305.5,309.6,314.1,317.6,321.7,328.3,335.6,328.4,322.0,317.6,313.9,309.5,307.6,314.1,317.7,321.9,332.9,321.7,317.5,313.9,120.6,130.6,140.6,150.6,160.2,168.8,175.7,181.2,183.1,182.6,179.0,173.2,165.2,154.8,143.2,131.2,119.1,109.3,103.6,101.5,101.9,104.1,103.2,100.0,99.3,101.3,106.4,113.5,120.2,126.8,133.6,140.8,142.1,143.1,141.9,140.8,117.3,114.0,113.9,117.0,118.4,118.7,116.2,112.4,112.4,115.2,117.0,117.2,157.4,154.0,152.2,153.1,152.1,153.8,156.6,160.1,161.3,161.5,161.3,160.3,157.3,156.0,156.2,155.8,156.7,156.5,156.7,156.4,-15.3,-16.0,-14.5,-11.6,-7.4,-0.3,9.2,21.2,37.4,56.6,77.1,96.5,111.5,120.4,124.3,125.8,127.0,-11.8,-5.8,4.6,15.5,25.3,46.8,59.6,73.4,86.6,96.8,35.7,33.7,31.6,29.5,21.7,27.3,33.3,40.8,47.8,0.0,6.2,14.9,22.4,14.7,6.1,57.9,65.3,74.2,82.3,74.9,66.1,14.7,21.2,28.5,34.2,40.9,52.0,64.9,52.2,41.4,34.1,28.0,21.1,18.2,28.6,34.4,41.3,60.2,40.9,34.0,28.2,-89.9,-71.2,-52.5,-34.1,-16.2,-0.4,11.9,21.3,24.1,23.2,17.2,7.4,-6.8,-25.1,-45.8,-67.0,-88.4,-106.9,-115.7,-117.7,-115.3,-110.3,-110.5,-115.8,-117.3,-114.1,-105.7,-93.6,-81.5,-69.7,-57.7,-47.4,-44.8,-43.0,-44.9,-46.9,-91.3,-96.2,-95.8,-89.9,-87.9,-87.8,-89.6,-95.7,-95.5,-90.9,-87.6,-87.5,-20.0,-25.2,-28.0,-26.3,-28.0,-25.2,-20.8,-14.8,-12.8,-12.3,-12.8,-14.7,-20.0,-21.7,-21.3,-21.9,-20.6,-20.8,-20.4,-21.0,757.7,756.1,755.7,755.9,752.0,742.9,728.2,708.9,697.6,697.6,706.9,716.5,722.1,724.5,724.3,722.7,723.4,730.4,721.7,711.7,701.4,693.6,685.8,685.1,686.4,687.4,689.5,688.1,680.8,673.3,666.0,686.2,681.1,676.8,676.7,677.3,719.9,713.6,708.9,705.6,708.3,712.7,692.4,690.4,688.8,689.6,687.7,689.3,702.5,687.7,680.5,677.5,675.8,678.8,686.4,677.7,673.9,675.6,678.9,687.8,698.1,681.8,678.5,676.9,684.8,675.9,677.4,681.0,0.584,0.009,0.280,0.002,320.688,138.501,-5.328,-20.384,-17.975,7.721,-7.947,3.521,0.685,3.211,0.749,7.015,-5.866,0.570,-1.101,-2.855,-0.999,1.046,-0.176,-1.886,-1.781,0.097,0.905,-0.006,0.445,-0.301,-0.104,-0.780,0.042,0.074,-0.037,-0.032,0.095,-0.005,-0.027,0.043,0.12,0.16,0.79,0.00,0.00,2.45,0.00,0.24,0.04,0.04,1.09,0.35,0.24,0.31,0.00,0.00,0.28,0.00,0.00,1.00,0.00,1.00,1.00,0.00,0.00,0.00,0.00,0.00,1.00,0.00,0.00,0.00,0.00,0.00,0.00
135,0,13.400,0.88,1,-0.151529,0.117986,-0.981386,-0.296767,0.120635,-0.947299,-0.228,0.123,299.4,300.4,303.0,305.6,306.7,305.8,303.0,300.4,296.5,297.7,299.6,302.3,305.3,307.7,309.4,307.5,304.8,302.2,299.7,297.8,302.0,303.1,304.3,304.7,304.3,303.1,302.0,301.5,333.5,334.6,337.4,340.3,341.6,340.5,337.8,334.7,330.9,332.5,334.9,338.0,341.1,343.6,345.3,343.7,341.3,338.5,335.6,332.9,336.3,337.6,338.8,339.3,338.7,337.4,336.2,335.8,114.5,111.8,110.6,111.5,114.1,117.1,118.1,117.1,116.3,114.4,113.1,112.4,112.8,114.1,115.9,116.9,117.3,117.6,117.5,117.2,115.7,116.1,115.5,114.4,113.2,112.8,113.3,114.5,113.0,110.1,108.8,109.9,112.7,115.6,116.9,116.0,115.1,113.0,111.6,110.9,111.4,112.5,114.3,115.3,115.9,116.1,116.0,115.9,114.3,114.8,114.2,112.9,111.7,111.2,111.8,113.0,3.7,5.4,9.4,13.4,15.1,13.7,9.4,5.4,-0.9,1.0,4.1,8.3,12.9,16.6,19.3,16.3,12.2,8.0,4.3,1.2,7.8,9.6,11.3,12.1,11.4,9.6,7.8,7.1,53.3,54.9,59.1,63.3,65.1,63.5,59.4,54.9,49.5,51.8,55.2,59.7,64.4,68.3,71.1,68.3,64.6,60.4,56.2,52.3,57.4,59.3,61.1,61.8,61.0,59.2,57.4,56.6,-85.3,-89.6,-91.4,-89.7,-85.5,-80.9,-79.4,-81.0,-83.2,-85.7,-87.3,-88.2,-87.4,-85.5,-82.8,-81.1,-80.4,-80.1,-80.3,-81.3,-83.4,-82.6,-83.5,-85.3,-87.2,-87.9,-87.1,-85.2,-81.7,-86.1,-88.0,-86.4,-82.2,-77.8,-75.9,-77.2,-78.9,-81.6,-83.7,-84.6,-84.1,-82.7,-80.5,-78.5,-77.4,-76.9,-77.0,-77.4,-79.9,-79.2,-80.0,-82.0,-83.8,-84.5,-83.7,-81.8,638.4,639.0,638.4,637.2,635.9,635.5,635.9,637.2,643.5,640.7,637.8,635.8,635.3,635.7,636.5,635.4,634.7,635.2,637.2,640.2,637.9,637.4,637.1,637.4,637.9,638.5,638.7,638.5,595.2,596.3,597.0,596.9,596.1,595.0,594.3,594.6,596.4,595.3,594.3,594.1,595.5,597.9,600.4,597.4,594.9,593.4,593.5,594.9,595.9,595.9,596.2,596.6,597.0,597.0,596.7,596.3,38.9,-53.3,691.5,0.052,0.307,0.006,288.2,287.7,288.5,290.0,292.3,296.2,301.7,308.7,318.3,329.6,340.9,351.4,359.5,364.4,366.7,367.8,368.4,289.7,293.2,299.1,305.6,311.5,324.4,332.2,340.4,348.3,354.2,317.7,316.7,315.6,314.5,309.1,312.7,316.4,321.0,325.3,296.3,299.9,305.0,309.4,304.9,299.8,330.7,335.3,340.7,345.5,341.1,335.8,304.7,308.9,313.4,317.0,321.2,327.8,335.2,328.0,321.5,317.0,313.2,308.8,306.8,313.5,317.1,321.3,332.4,321.2,316.9,313.3,120.0,130.1,140.3,150.4,159.9,168.3,175.0,180.2,181.9,181.4,178.0,172.5,164.6,154.4,142.8,130.7,118.7,108.6,102.7,100.6,100.9,103.1,102.2,99.0,98.4,100.4,105.8,112.3,118.9,125.4,132.2,139.6,140.8,141.7,140.6,139.5,116.3,112.9,112.8,116.0,117.3,117.7,115.1,111.4,111.4,114.2,115.9,116.1,156.3,152.8,151.0,151.9,150.8,152.6,155.5,158.8,159.9,160.2,160.0,159.1,156.2,154.7,154.9,154.5,155.5,155.2,155.5,155.2,-16.4,-17.2,-15.7,-12.9,-8.6,-1.4,8.3,20.1,36.2,55.4,75.7,95.0,110.1,119.2,123.3,125.0,126.4,-13.0,-6.8,3.7,14.7,24.6,45.9,58.9,72.9,86.2,96.5,34.9,32.8,30.6,28.4,20.3,26.0,32.1,39.6,46.7,-1.2,5.1,13.8,21.4,13.6,4.9,57.0,64.6,73.6,81.8,74.2,65.3,13.3,19.9,27.3,33.0,39.8,51.0,64.0,51.2,40.2,32.9,26.8,19.8,16.8,27.4,33.2,40.2,59.2,39.8,32.8,27.1,-90.8,-71.9,-53.0,-34.4,-16.6,-1.2,10.6,19.4,22.0,21.1,15.5,6.1,-7.7,-25.8,-46.4,-67.6,-89.0,-107.9,-116.9,-119.1,-116.8,-111.7,-112.0,-117.2,-118.5,-115.2,-106.7,-95.3,-83.3,-71.6,-59.8,-49.2,-46.8,-45.0,-46.8,-48.8,-92.7,-97.8,-97.4,-91.4,-89.4,-89.3,-91.1,-97.3,-97.0,-92.3,-89.1,-89.1,-21.8,-27.2,-29.9,-28.3,-30.0,-27.1,-22.6,-16.8,-14.9,-14.4,-14.9,-16.6,-21.8,-23.8,-23.4,-24.0,-22.5,-22.8,-22.3,-22.9,756.1,754.2,753.4,753.1,748.9,739.2,724.0,704.5,693.3,693.6,703.2,713.0,718.9,721.7,721.9,720.8,722.0,728.8,720.0,710.0,699.4,691.4,683.9,683.4,685.0,686.0,688.2,685.8,678.2,670.3,662.7,682.9,677.7,673.3,673.3,674.0,717.7,711.5,706.9,703.4,706.1,710.4,690.3,688.6,687.0,687.8,685.7,687.2,699.2,684.3,677.0,674.0,672.4,675.6,683.2,674.3,670.3,671.9,675.2,684.3,694.8,678.2,674.9,673.4,681.6,672.4,673.9,677.5,0.586,-0.011,0.277,0.006,320.169,137.495,-2.662,-19.230,-16.504,7.361,-7.107,3.925,0.627,3.359,1.052,6.788,-5.297,0.463,-0.701,-2.746,-1.576,1.351,-0.392,-2.021,-1.735,0.208,1.033,0.204,0.132,-0.298,-0.054,-0.839,-0.001,0.045,-0.053,-0.034,0.097,-0.008,-0.031,0.055,0.04,0.07,0.75,0.00,0.00,2.35,0.00,0.23,0.03,0.00,1.15,0.44,0.29,0.33,0.00,0.00,0.34,0.00,0.00,1.00,0.00,1.00,1.00,0.00,0.00,0.00,0.00,0.00,1.00,0.00,0.00,0.00,0.00,0.00,0.00
136,0,13.500,0.98,1,-0.154610,0.133355,-0.978934,-0.304583,0.135215,-0.942839,-0.235,0.139,299.2,300.2,302.8,305.3,306.4,305.5,302.8,300.2,296.3,297.5,299.4,302.1,305.1,307.4,309.1,307.2,304.6,301.9,299.5,297.6,301.8,302.9,304.0,304.5,304.0,302.9,301.8,301.3,333.2,334.2,337.0,339.9,341.2,340.1,337.4,334.3,330.6,332.2,334.5,337.6,340.7,343.2,344.9,343.3,340.9,338.2,335.3,332.6,336.0,337.2,338.4,338.9,338.3,337.1,335.9,335.4,115.0,112.3,111.1,112.0,114.6,117.6,118.6,117.6,116.6,114.8,113.6,112.9,113.4,114.6,116.5,117.4,117.8,118.1,118.0,117.6,116.1,116.6,116.0,114.9,113.7,113.3,113.8,115.0,113.6,110.8,109.5,110.6,113.4,116.3,117.5,116.7,115.7,113.7,112.2,111.5,112.0,113.2,114.9,116.0,116.6,116.8,116.7,116.5,114.9,115.4,114.9,113.6,112.4,111.9,112.4,113.7,3.4,5.1,9.1,13.1,14.7,13.4,9.1,5.0,-1.1,0.7,3.8,8.0,12.6,16.3,19.0,16.0,11.9,7.7,4.0,0.9,7.5,9.3,11.0,11.8,11.0,9.3,7.5,6.8,53.2,54.8,58.9,63.2,65.0,63.3,59.2,54.7,49.4,51.7,55.0,59.5,64.2,68.2,71.0,68.2,64.4,60.3,56.0,52.2,57.3,59.2,61.0,61.7,60.9,59.0,57.2,56.5,-85.2,-89.5,-91.3,-89.6,-85.4,-80.8,-79.3,-81.0,-83.2,-85.7,-87.3,-88.1,-87.3,-85.4,-82.6,-80.9,-80.2,-79.9,-80.2,-81.3,-83.3,-82.6,-83.4,-85.2,-87.1,-87.9,-87.1,-85.2,-81.3,-85.7,-87.6,-86.0,-81.8,-77.4,-75.5,-76.8,-78.5,-81.3,-83.3,-84.3,-83.7,-82.4,-80.1,-78.1,-77.0,-76.5,-76.6,-77.0,-79.5,-78.8,-79.7,-81.6,-83.4,-84.1,-83.3,-81.4,643.5,644.0,643.4,642.1,640.9,640.6,641.1,642.3,648.6,645.8,642.8,640.8,640.3,640.8,641.6,640.5,639.8,640.4,642.4,645.4,643.0,642.5,642.2,642.4,642.9,643.5,643.7,643.6,599.4,600.4,601.0,600.9,600.1,599.1,598.5,598.8,600.8,599.5,598.5,598.2,599.5,601.9,604.3,601.5,599.0,597.6,597.7,599.1,600.1,600.0,600.3,600.7,601.1,601.1,600.9,600.4,38.6,-52.7,694.8,0.073,0.315,0.002,288.0,287.5,288.3,289.9,292.2,296.1,301.5,308.4,318.1,329.3,340.7,351.3,359.4,364.3,366.6,367.6,368.3,289.6,293.0,299.0,305.4,311.3,324.0,331.8,340.0,347.9,353.8,317.4,316.4,315.3,314.1,308.9,312.4,316.1,320.6,324.8,296.2,299.7,304.7,309.1,304.6,299.6,330.4,334.9,340.3,345.1,340.8,335.4,304.7,308.7,313.1,316.6,320.7,327.2,334.4,327.4,321.1,316.7,313.0,308.7,306.8,313.2,316.7,320.9,331.6,320.7,316.5,313.0,120.1,130.2,140.4,150.4,159.9,168.3,174.9,180.2,181.9,181.4,177.8,172.2,164.3,154.1,142.6,130.6,118.7,108.6,102.9,100.8,101.3,103.6,102.8,99.6,98.9,100.9,106.1,113.1,119.6,126.1,132.9,140.2,141.5,142.4,141.3,140.2,116.7,113.4,113.3,116.5,117.9,118.2,115.8,112.0,112.0,114.9,116.6,116.8,157.0,153.5,151.6,152.5,151.5,153.4,156.3,159.7,160.8,161.1,160.8,159.8,156.8,155.4,155.6,155.2,156.3,156.0,156.3,155.9,-16.7,-17.5,-16.1,-13.1,-8.9,-1.6,8.0,19.9,36.0,55.2,75.7,95.2,110.2,119.3,123.3,124.9,126.2,-13.2,-7.0,3.4,14.4,24.3,45.4,58.4,72.3,85.7,95.9,34.4,32.3,30.1,27.9,20.0,25.7,31.7,39.1,46.1,-1.5,4.7,13.4,20.9,13.2,4.6,56.7,64.0,73.1,81.2,73.7,64.8,13.2,19.7,26.9,32.5,39.2,50.2,62.9,50.5,39.8,32.6,26.6,19.7,16.8,27.0,32.7,39.6,58.1,39.3,32.4,26.8,-90.9,-71.9,-53.0,-34.5,-16.7,-1.3,10.5,19.4,22.1,21.2,15.2,5.6,-8.3,-26.5,-46.9,-67.9,-89.1,-108.1,-117.0,-118.9,-116.3,-111.0,-111.2,-116.4,-117.9,-114.6,-106.1,-94.3,-82.3,-70.7,-59.0,-48.4,-45.9,-44.1,-45.9,-47.8,-92.4,-97.3,-96.8,-90.7,-88.8,-88.8,-90.3,-96.4,-96.1,-91.4,-88.2,-88.1,-20.7,-26.2,-29.0,-27.3,-29.0,-26.0,-21.4,-15.5,-13.5,-13.1,-13.6,-15.4,-20.8,-22.7,-22.3,-22.8,-21.3,-21.6,-21.2,-21.8,758.3,756.9,756.6,756.7,752.7,743.2,727.9,708.8,697.5,697.7,706.6,715.8,721.2,723.6,723.5,722.1,722.8,730.8,722.0,711.7,701.2,693.2,685.5,684.6,685.9,686.9,689.1,687.9,680.7,673.3,666.2,686.0,681.1,676.9,676.7,677.1,720.1,713.6,708.9,705.6,708.4,712.8,692.0,689.9,688.3,689.2,687.3,688.9,702.0,687.5,680.3,677.4,675.7,678.7,686.0,677.8,674.4,676.1,679.3,688.0,697.6,681.6,678.4,676.8,684.4,676.1,677.7,681.2,0.584,0.009,0.287,0.003,319.878,137.948,-4.529,-19.267,-18.940,6.425,-5.854,1.855,1.005,2.401,1.049,7.416,-4.406,0.016,-0.324,-2.766,-1.455,1.586,-0.564,-2.537,-1.815,0.506,1.205,0.122,0.067,-0.346,0.184,-0.782,0.059,0.051,-0.052,-0.029,0.096,-0.007,-0.027,0.056,0.06,0.00,0.76,0.00,0.00,2.39,0.00,0.19,0.00,0.00,1.21,0.49,0.32,0.27,0.00,0.00,0.34,0.00,0.00,1.00,0.00,1.00,1.00,0.00,0.00,0.00,0.00,0.00,1.00,0.00,0.00,0.00,0.00,0.00,0.00
137,0,13.600,0.98,1,-0.155127,0.132919,-0.978912,-0.304648,0.134755,-0.942884,-0.235,0.138,299.1,300.2,302.7,305.3,306.4,305.5,302.7,300.2,296.2,297.4,299.4,302.1,305.0,307.3,309.0,307.1,304.5,301.9,299.5,297.5,301.7,302.9,304.0,304.4,304.0,302.9,301.7,301.3,333.2,334.2,337.0,339.9,341.2,340.1,337.3,334.3,330.6,332.2,334.5,337.6,340.7,343.2,344.9,343.3,340.9,338.1,335.2,332.5,336.0,337.2,338.4,338.9,338.3,337.1,335.8,335.4,115.0,112.3,111.1,112.1,114.7,117.6,118.6,117.6,116.7,114.9,113.6,112.9,113.4,114.6,116.5,117.4,117.8,118.1,118.0,117.6,116.1,116.6,116.0,114.9,113.7,113.3,113.8,115.0,113.6,110.8,109.5,110.6,113.4,116.3,117.5,116.7,115.7,113.7,112.2,111.5,112.0,113.2,114.9,116.0,116.6,116.8,116.7,116.5,114.9,115.4,114.9,113.6,112.4,111.9,112.4,113.7,3.3,5.0,9.0,13.1,14.7,13.4,9.0,5.0,-1.2,0.7,3.8,8.0,12.6,16.2,18.9,15.9,11.8,7.6,3.9,0.8,7.5,9.2,11.0,11.7,11.0,9.2,7.5,6.7,53.1,54.8,58.9,63.1,64.9,63.3,59.2,54.7,49.4,51.6,55.0,59.5,64.2,68.1,71.0,68.2,64.4,60.2,56.0,52.2,57.3,59.1,60.9,61.7,60.9,59.0,57.2,56.5,-85.2,-89.5,-91.3,-89.6,-85.3,-80.7,-79.2,-80.9,-83.2,-85.7,-87.3,-88.1,-87.3,-85.3,-82.6,-80.9,-80.2,-79.9,-80.2,-81.2,-83.3,-82.5,-83.3,-85.2,-87.1,-87.8,-87.0,-85.1,-81.3,-85.7,-87.6,-86.0,-81.7,-77.4,-75.5,-76.8,-78.5,-81.2,-83.3,-84.2,-83.7,-82.3,-80.1,-78.1,-76.9,-76.4,-76.5,-77.0,-79.5,-78.8,-79.6,-81.5,-83.4,-84.1,-83.3,-81.4,643.4,643.9,643.3,642.0,640.8,640.5,641.0,642.2,648.5,645.7,642.7,640.7,640.2,640.7,641.5,640.4,639.7,640.3,642.3,645.3,642.9,642.4,642.1,642.3,642.8,643.4,643.7,643.5,599.3,600.3,600.9,600.8,600.0,599.0,598.4,598.7,600.6,599.4,598.4,598.1,599.4,601.8,604.2,601.4,598.9,597.5,597.6,599.0,600.0,599.9,600.2,600.6,600.9,601.0,600.7,600.3,38.5,-52.7,694.5,0.071,0.316,0.001,288.0,287.5,288.3,289.9,292.2,296.1,301.5,308.4,318.0,329.3,340.7,351.3,359.4,364.3,366.5,367.5,368.2,289.6,293.0,298.9,305.4,311.3,324.0,331.7,340.0,347.8,353.7,317.4,316.4,315.2,314.1,308.9,312.4,316.1,320.6,324.8,296.1,299.7,304.7,309.1,304.6,299.6,330.4,334.9,340.3,345.1,340.7,335.4,304.7,308.7,313.1,316.5,320.6,327.1,334.4,327.3,321.0,316.6,312.9,308.6,306.8,313.2,316.7,320.8,331.6,320.7,316.5,313.0,120.1,130.3,140.4,150.5,160.0,168.4,175.0,180.2,182.0,181.4,177.8,172.2,164.2,154.0,142.5,130.6,118.7,108.6,102.9,100.8,101.3,103.6,102.8,99.6,98.9,100.9,106.1,113.1,119.6,126.1,132.9,140.2,141.5,142.4,141.3,140.2,116.7,113.4,113.3,116.5,117.9,118.2,115.8,112.0,112.0,114.9,116.6,116.8,157.0,153.5,151.6,152.5,151.5,153.3,156.3,159.6,160.7,161.0,160.8,159.8,156.8,155.4,155.6,155.2,156.3,155.9,156.2,155.9,-16.8,-17.5,-16.1,-13.1,-8.8,-1.5,8.0,19.9,36.0,55.2,75.7,95.2,110.2,119.2,123.2,124.8,126.1,-13.3,-7.1,3.4,14.4,24.3,45.3,58.3,72.2,85.5,95.8,34.4,32.3,30.1,27.9,20.0,25.6,31.6,39.1,46.1,-1.5,4.7,13.3,20.8,13.1,4.5,56.6,64.0,73.0,81.2,73.6,64.8,13.2,19.7,26.8,32.4,39.1,50.1,62.8,50.3,39.7,32.5,26.5,19.6,16.7,27.0,32.7,39.5,58.0,39.2,32.3,26.7,-90.8,-71.8,-52.9,-34.3,-16.5,-1.1,10.6,19.5,22.2,21.2,15.2,5.6,-8.4,-26.5,-46.9,-67.9,-89.1,-108.1,-116.9,-118.9,-116.3,-111.0,-111.2,-116.4,-117.9,-114.7,-106.2,-94.3,-82.3,-70.8,-59.0,-48.4,-45.9,-44.2,-45.9,-47.8,-92.3,-97.2,-96.7,-90.7,-88.7,-88.8,-90.3,-96.3,-96.1,-91.4,-88.2,-88.1,-20.7,-26.1,-29.0,-27.3,-29.0,-26.0,-21.4,-15.6,-13.6,-13.2,-13.6,-15.5,-20.8,-22.7,-22.3,-22.8,-21.3,-21.6,-21.2,-21.9,758.2,756.8,756.5,756.6,752.6,742.9,727.6,708.5,697.2,697.3,706.3,715.5,720.9,723.2,723.1,721.8,722.5,730.7,721.9,711.6,701.1,693.1,685.4,684.5,685.8,686.7,688.9,687.8,680.6,673.1,665.9,685.8,680.9,676.7,676.5,676.9,720.0,713.5,708.8,705.4,708.2,712.7,691.8,689.8,688.2,689.1,687.1,688.7,701.8,687.3,680.1,677.1,675.5,678.5,685.7,677.5,674.1,675.7,678.9,687.6,697.3,681.4,678.1,676.6,684.1,675.8,677.4,680.8,0.584,0.008,0.288,0.002,319.848,137.946,-4.387,-18.889,-19.080,6.394,-6.028,1.940,0.870,2.355,0.927,7.330,-4.416,0.097,-0.400,-2.771,-1.545,1.494,-0.580,-2.550,-1.829,0.543,1.185,0.085,0.075,-0.389,0.178,-0.784,0.071,0.049,-0.052,-0.031,0.093,-0.005,-0.025,0.055,0.12,0.00,0.69,0.00,0.00,2.53,0.00,0.10,0.01,0.00,1.23,0.38,0.25,0.16,0.00,0.00,0.31,0.00,0.00,1.00,0.00,1.00,1.00,0.00,0.00,0.00,0.00,0.00,1.00,0.00,0.00,0.00,0.00,0.00,0.00
138,0,13.700,0.93,1,-0.160961,0.145065,-0.976242,-0.308888,0.147202,-0.939638,-0.240,0.151,298.5,299.6,302.1,304.7,305.7,304.9,302.1,299.6,295.7,296.9,298.8,301.5,304.4,306.7,308.4,306.5,303.9,301.3,298.9,297.0,301.2,302.3,303.4,303.8,303.4,302.3,301.2,300.7,332.5,333.5,336.3,339.2,340.5,339.4,336.6,333.6,329.9,331.4,333.8,336.9,340.0,342.5,344.2,342.6,340.2,337.4,334.5,331.8,335.2,336.5,337.7,338.2,337.6,336.4,335.1,334.7,116.3,113.6,112.4,113.4,116.0,118.9,119.9,118.9,117.9,116.1,114.9,114.2,114.7,116.0,117.8,118.8,119.2,119.5,119.4,119.0,117.5,117.9,117.4,116.2,115.0,114.6,115.1,116.3,115.0,112.1,110.8,111.9,114.7,117.6,118.9,118.0,117.0,115.0,113.5,112.9,113.3,114.5,116.2,117.4,117.9,118.2,118.1,117.9,116.3,116.7,116.2,114.9,113.7,113.2,113.8,115.0,2.4,4.1,8.1,12.1,13.7,12.4,8.1,4.1,-2.0,-0.2,2.9,7.0,11.6,15.3,18.0,15.0,10.9,6.7,3.0,-0.0,6.6,8.3,10.1,10.8,10.1,8.3,6.6,5.8,52.1,53.7,57.8,62.0,63.9,62.2,58.1,53.6,48.4,50.6,53.9,58.4,63.1,67.1,69.9,67.1,63.3,59.2,55.0,51.1,56.2,58.1,59.9,60.6,59.8,57.9,56.1,55.4,-83.2,-87.5,-89.3,-87.6,-83.3,-78.8,-77.2,-78.9,-81.3,-83.7,-85.3,-86.1,-85.3,-83.4,-80.6,-78.9,-78.2,-77.8,-78.2,-79.2,-81.3,-80.6,-81.4,-83.2,-85.1,-85.9,-85.1,-83.2,-79.3,-83.7,-85.6,-84.0,-79.8,-75.4,-73.5,-74.8,-76.5,-79.3,-81.3,-82.3,-81.7,-80.4,-78.1,-76.1,-74.9,-74.4,-74.5,-75.0,-77.5,-76.8,-77.6,-79.6,-81.4,-82.1,-81.3,-79.4,644.3,644.7,644.0,642.7,641.5,641.4,641.9,643.2,649.5,646.6,643.6,641.5,640.9,641.4,642.3,641.2,640.6,641.2,643.3,646.3,643.8,643.2,643.0,643.1,643.6,644.2,644.5,644.3,599.2,600.1,600.6,600.5,599.8,598.9,598.3,598.6,600.6,599.3,598.2,597.9,599.2,601.5,604.0,601.2,598.7,597.4,597.5,598.9,599.8,599.8,600.0,600.4,600.7,600.8,600.5,600.1,37.7,-50.4,693.8,0.089,0.327,-0.010,287.6,287.3,288.2,289.9,292.3,296.2,301.6,308.5,318.1,329.5,340.9,351.4,359.2,363.9,365.9,366.9,367.5,289.0,292.3,298.1,304.5,310.5,323.3,331.0,339.2,347.1,352.9,316.8,315.7,314.6,313.5,308.5,312.0,315.6,320.1,324.3,295.6,299.1,304.1,308.4,304.0,299.0,329.7,334.1,339.6,344.4,340.0,334.7,304.3,308.2,312.6,316.0,320.1,326.6,334.0,326.9,320.5,316.1,312.4,308.1,306.3,312.7,316.2,320.3,331.1,320.2,316.0,312.5,121.2,131.4,141.6,151.7,161.2,169.6,176.3,181.6,183.3,182.5,178.5,172.6,164.5,154.3,143.0,131.3,119.6,109.6,103.8,101.6,102.1,104.6,103.8,100.4,99.7,101.7,107.0,114.4,121.1,127.6,134.4,141.8,143.1,144.0,142.9,141.8,118.0,114.7,114.6,117.9,119.3,119.5,117.1,113.4,113.3,116.2,118.0,118.2,158.6,155.2,153.3,154.3,153.2,155.0,157.8,161.4,162.6,162.9,162.6,161.5,158.5,157.2,157.4,157.0,157.9,157.7,158.0,157.7,-17.4,-17.9,-16.3,-13.1,-8.7,-1.4,8.1,19.9,36.1,55.4,75.9,95.2,109.6,118.0,121.6,123.0,124.2,-14.3,-8.3,1.9,12.9,22.8,44.0,56.8,70.7,84.0,94.0,33.3,31.2,29.0,26.8,19.2,24.9,30.9,38.2,45.1,-2.4,3.6,12.3,19.7,12.1,3.5,55.3,62.6,71.6,79.8,72.2,63.4,12.5,18.8,25.9,31.6,38.2,49.2,62.0,49.5,38.8,31.6,25.6,18.8,15.9,26.2,31.9,38.7,57.2,38.3,31.5,25.8,-88.6,-69.6,-50.7,-32.1,-14.3,1.1,13.0,22.0,24.5,23.1,16.5,6.3,-7.9,-25.9,-45.9,-66.4,-87.0,-106.1,-115.1,-117.2,-114.6,-109.1,-109.2,-114.6,-116.0,-112.8,-104.3,-91.7,-79.8,-68.1,-56.3,-45.6,-43.2,-41.4,-43.1,-45.1,-89.8,-94.7,-94.2,-88.1,-86.1,-86.2,-87.7,-93.8,-93.5,-88.9,-85.6,-85.5,-17.9,-23.3,-26.1,-24.4,-26.1,-23.2,-18.7,-12.7,-10.6,-10.1,-10.6,-12.6,-18.0,-19.7,-19.2,-19.8,-18.6,-18.7,-18.3,-18.9,757.4,756.4,756.3,756.5,752.3,742.5,727.1,708.2,697.0,696.8,705.3,713.9,718.6,720.4,720.0,718.5,719.1,728.8,719.9,709.5,698.7,690.8,682.9,681.8,683.1,684.0,686.3,685.8,678.8,671.7,664.8,684.9,680.1,676.0,675.5,675.8,718.1,711.5,706.7,703.5,706.3,710.9,689.7,687.5,685.8,686.8,684.9,686.6,701.1,686.6,679.3,676.4,674.6,677.5,684.8,676.9,673.6,675.2,678.4,687.1,696.7,680.7,677.5,675.9,683.3,675.2,676.7,680.1,0.585,0.028,0.301,-0.008,319.377,139.257,-6.450,-16.135,-20.288,6.596,-4.713,1.005,0.190,2.337,0.013,9.058,-5.111,-0.417,-0.692,-2.751,-1.546,1.482,-0.572,-2.436,-1.821,0.350,1.039,-0.244,0.305,-0.526,0.179,-0.773,0.159,0.046,-0.038,-0.029,0.068,0.021,-0.019,0.055,0.10,0.00,0.84,0.00,0.08,2.65,0.00,0.06,0.01,0.00,0.79,0.41,0.16,0.09,0.36,0.26,0.19,0.00,0.00,1.00,0.00,1.00,1.00,0.00,0.00,0.00,0.00,0.00,1.00,0.00,0.00,0.00,0.00,0.00,0.00
139,0,13.800,0.93,1,-0.160015,0.157208,-0.974516,-0.308510,0.166845,-0.936475,-0.240,0.168,296.8,297.9,300.5,303.1,304.3,303.4,300.6,297.9,293.9,295.1,297.1,299.9,302.9,305.4,307.1,305.2,302.5,299.7,297.3,295.3,299.5,300.7,301.8,302.3,301.8,300.7,299.5,299.0,331.6,332.6,335.4,338.4,339.8,338.8,336.0,332.8,329.0,330.5,332.9,336.0,339.3,341.9,343.7,342.0,339.6,336.8,333.8,331.0,334.5,335.8,337.0,337.4,336.8,335.5,334.3,333.9,117.2,114.4,113.1,114.1,116.8,119.8,120.9,119.9,118.9,117.0,115.6,114.9,115.4,116.7,118.7,119.7,120.2,120.5,120.4,120.0,118.3,118.8,118.2,117.0,115.8,115.4,115.9,117.2,115.3,112.4,111.0,112.0,114.9,117.9,119.2,118.4,117.6,115.4,113.7,112.9,113.4,114.5,116.4,117.6,118.3,118.6,118.6,118.4,116.6,117.1,116.5,115.2,113.9,113.5,114.0,115.4,-0.3,1.3,5.3,9.3,11.0,9.7,5.4,1.4,-4.7,-2.9,0.1,4.3,9.0,12.6,15.3,12.3,8.3,4.2,0.4,-2.6,3.8,5.6,7.3,8.0,7.3,5.5,3.8,3.1,49.3,50.8,54.9,59.1,61.0,59.5,55.5,51.0,45.7,47.8,51.0,55.5,60.2,64.2,67.1,64.4,60.7,56.5,52.3,48.5,53.5,55.3,57.1,57.8,56.9,55.1,53.3,52.6,-78.7,-83.0,-84.9,-83.2,-79.0,-74.4,-72.8,-74.5,-76.7,-79.3,-80.9,-81.8,-81.0,-79.0,-76.1,-74.4,-73.7,-73.3,-73.6,-74.6,-76.9,-76.1,-77.0,-78.8,-80.7,-81.4,-80.6,-78.7,-76.5,-80.9,-82.9,-81.4,-77.2,-72.8,-70.8,-72.0,-73.4,-76.4,-78.6,-79.8,-79.3,-78.0,-75.7,-73.5,-72.3,-71.6,-71.6,-72.0,-74.8,-74.1,-75.0,-76.9,-78.7,-79.4,-78.5,-76.6,619.7,620.0,619.3,618.0,616.9,616.7,617.3,618.5,624.8,621.9,618.9,616.8,616.3,616.8,617.6,616.6,616.0,616.6,618.6,621.7,619.2,618.6,618.3,618.4,618.9,619.5,619.8,619.7,581.6,582.6,583.2,583.1,582.3,581.3,580.7,581.0,582.9,581.7,580.7,580.4,581.7,584.1,586.6,583.7,581.2,579.9,580.0,581.3,582.3,582.2,582.5,582.9,583.2,583.3,583.0,582.6,35.7,-45.1,677.0,0.137,0.332,-0.042,285.9,286.2,287.8,290.0,292.6,296.5,301.9,309.1,318.8,330.2,341.5,351.7,359.1,363.3,365.1,365.9,366.1,286.8,290.2,296.0,302.5,308.6,322.3,330.0,338.1,346.0,351.9,315.4,314.5,313.6,312.6,307.9,311.3,315.0,319.5,323.6,293.8,297.3,302.5,307.1,302.6,297.4,328.9,333.2,338.9,343.8,339.5,333.9,304.3,307.4,312.0,315.5,319.6,326.5,333.4,327.4,321.1,316.7,312.7,308.0,306.5,312.4,316.0,320.1,330.6,320.4,316.2,312.5,122.3,133.0,143.5,153.8,163.9,173.0,180.6,186.7,188.6,187.3,182.1,174.8,165.7,155.0,143.4,131.5,119.5,110.8,105.3,103.4,104.0,106.4,105.5,102.0,100.9,102.5,107.3,115.6,122.7,129.7,136.9,144.2,145.5,146.4,145.2,143.9,118.9,115.4,115.3,118.8,120.2,120.6,117.7,113.5,113.4,116.3,118.4,118.7,162.7,158.1,155.7,156.7,155.5,157.6,161.3,166.8,169.0,169.5,169.2,167.4,162.5,160.2,160.3,159.9,161.5,163.0,163.4,163.1,-20.0,-19.5,-16.7,-12.6,-7.9,-0.8,8.6,20.5,36.5,55.5,75.1,93.3,106.6,113.8,116.6,117.4,117.6,-17.7,-11.7,-1.6,9.1,19.1,41.2,53.6,66.9,79.6,89.4,30.1,28.4,26.6,24.7,17.7,23.2,29.1,36.2,43.0,-5.4,0.5,9.3,17.0,9.4,0.7,52.4,59.2,68.4,76.5,69.3,60.4,12.2,17.1,24.3,29.9,36.3,47.6,59.5,49.2,39.0,31.9,25.6,18.1,15.8,25.1,30.7,37.4,54.9,37.9,31.1,25.3,-83.9,-64.9,-46.0,-27.5,-9.2,7.1,20.3,30.2,32.8,30.6,22.2,9.9,-5.6,-24.1,-43.8,-64.0,-84.4,-100.9,-109.0,-110.6,-108.0,-103.0,-103.4,-108.8,-110.7,-108.2,-100.6,-87.2,-74.9,-63.0,-50.9,-40.5,-38.2,-36.5,-38.4,-40.5,-85.7,-90.9,-90.5,-84.1,-82.1,-82.2,-84.4,-90.8,-90.8,-86.1,-82.5,-82.3,-10.6,-17.9,-21.6,-19.9,-21.8,-18.5,-12.5,-3.6,0.0,0.8,0.4,-2.6,-10.9,-14.3,-14.1,-14.6,-12.2,-9.7,-9.1,-9.7,734.1,734.8,736.1,737.5,734.6,726.4,713.1,695.2,683.3,682.3,689.1,696.5,700.1,700.4,698.5,695.9,695.3,707.3,698.4,688.4,678.4,671.4,664.3,662.7,663.2,663.6,665.4,666.3,660.0,653.7,647.4,667.4,662.8,658.9,658.3,658.4,698.7,692.1,687.2,684.0,687.3,692.1,670.6,667.8,666.0,666.9,665.4,667.4,684.6,669.8,661.9,658.9,656.9,659.6,666.5,661.5,659.9,662.0,665.3,672.9,680.2,664.5,661.0,659.2,665.8,660.3,662.2,665.6,0.601,0.081,0.309,-0.038,318.760,141.666,-22.154,-14.686,-16.972,15.142,-7.372,-5.871,2.227,3.170,5.267,6.384,-0.595,-0.044,1.316,-1.117,-0.146,1.527,1.635,-1.020,-0.223,0.231,1.704,-0.683,0.250,-0.006,-0.065,-0.679,0.490,-0.029,0.005,-0.002,0.094,0.005,-0.002,0.063,0.27,0.29,1.13,0.00,0.22,3.02,0.00,0.10,0.03,0.00,0.36,0.31,0.06,0.03,0.60,0.37,0.08,0.00,0.00,1.00,0.00,1.00,1.00,0.00,0.00,0.00,0.00,0.00,1.00,0.00,0.00,0.00,0.00,0.00,0.00
140,0,13.900,0.98,1,-0.152497,0.185913,-0.970660,-0.303766,0.199133,-0.931704,-0.235,0.200,296.7,297.7,300.3,302.9,304.0,303.2,300.4,297.8,293.9,295.0,297.0,299.7,302.7,305.1,306.9,304.9,302.3,299.6,297.2,295.2,299.4,300.5,301.7,302.1,301.6,300.5,299.3,298.9,330.9,331.9,334.6,337.5,338.9,338.0,335.3,332.1,328.4,329.9,332.1,335.3,338.4,341.0,342.8,341.2,338.8,336.1,333.2,330.4,333.8,335.1,336.3,336.7,336.1,334.8,333.6,333.2,121.2,118.4,117.2,118.2,120.8,123.8,124.9,123.9,122.8,121.0,119.7,118.9,119.4,120.8,122.7,123.8,124.3,124.6,124.5,124.0,122.4,122.8,122.2,121.0,119.9,119.4,120.0,121.2,119.4,116.5,115.1,116.1,118.9,121.8,123.2,122.5,121.7,119.5,117.8,117.0,117.4,118.5,120.3,121.5,122.3,122.7,122.7,122.5,120.6,121.1,120.5,119.2,118.0,117.5,118.1,119.4,-0.5,1.1,5.1,9.1,10.7,9.5,5.2,1.2,-4.8,-3.0,-0.0,4.1,8.7,12.4,15.1,12.1,8.1,4.0,0.3,-2.8,3.7,5.4,7.1,7.8,7.1,5.3,3.6,2.9,49.2,50.7,54.7,59.0,61.0,59.5,55.5,51.0,45.7,47.8,50.9,55.4,60.1,64.1,67.0,64.4,60.7,56.6,52.4,48.5,53.4,55.3,57.1,57.7,56.8,55.0,53.2,52.6,-73.2,-77.5,-79.4,-77.7,-73.5,-68.9,-67.4,-69.0,-71.3,-73.9,-75.5,-76.3,-75.5,-73.6,-70.6,-68.9,-68.1,-67.7,-68.1,-69.2,-71.4,-70.7,-71.5,-73.4,-75.2,-75.9,-75.1,-73.3,-71.9,-76.3,-78.4,-76.9,-72.8,-68.4,-66.4,-67.5,-68.8,-71.9,-74.2,-75.4,-74.9,-73.7,-71.4,-69.1,-67.8,-67.1,-67.0,-67.4,-70.3,-69.7,-70.6,-72.5,-74.3,-74.9,-74.0,-72.1,625.4,625.6,624.8,623.5,622.5,622.5,623.1,624.4,630.7,627.7,624.6,622.4,621.9,622.4,623.3,622.4,621.8,622.5,624.6,627.6,624.9,624.4,624.0,624.1,624.5,625.1,625.4,625.4,592.3,593.2,593.7,593.7,593.0,592.1,591.6,591.9,593.7,592.4,591.4,591.1,592.4,594.8,597.3,594.5,592.0,590.7,590.8,592.2,593.0,593.0,593.2,593.6,593.9,593.9,593.7,593.3,36.4,-39.2,683.8,0.188,0.325,-0.068,285.5,286.0,287.8,290.3,293.2,297.5,303.2,310.5,320.3,331.5,342.3,352.0,359.1,363.1,364.8,365.3,365.3,286.6,289.9,295.6,301.9,307.9,322.1,329.7,337.6,345.2,351.0,315.2,314.6,313.9,313.1,308.5,311.9,315.5,319.8,323.8,293.8,297.2,302.3,306.9,302.5,297.3,328.3,332.4,338.0,342.9,338.8,333.3,305.4,308.4,312.7,316.2,320.2,326.7,333.3,327.7,321.8,317.5,313.6,309.0,307.5,313.1,316.7,320.7,330.6,321.1,317.0,313.3,125.7,136.3,146.6,156.8,166.8,175.9,183.7,189.9,191.7,190.1,184.4,176.7,167.5,156.8,145.3,133.6,121.7,114.4,109.2,107.5,108.2,110.5,109.5,106.1,104.9,106.4,110.9,120.1,127.3,134.5,142.0,148.6,149.9,150.9,149.7,148.3,122.9,119.4,119.3,122.9,124.4,124.6,121.7,117.6,117.4,120.2,122.4,122.8,166.5,162.4,160.1,161.1,160.0,161.8,165.2,170.5,172.7,173.1,172.8,171.0,166.4,164.3,164.5,164.1,165.4,167.0,167.5,167.1,-20.8,-19.9,-16.7,-12.1,-7.0,0.8,10.9,23.4,39.6,58.6,77.7,95.1,107.8,114.7,117.1,117.4,117.1,-18.2,-12.2,-2.4,8.2,18.0,41.1,53.3,66.3,78.8,88.6,30.0,28.6,27.2,25.8,18.9,24.4,30.3,37.2,43.7,-5.5,0.3,9.0,16.6,9.3,0.6,51.9,58.3,67.4,75.6,68.6,59.8,14.2,18.9,25.8,31.4,37.8,48.7,60.1,50.5,40.7,33.7,27.5,20.1,17.7,26.6,32.2,38.8,55.6,39.5,32.8,27.0,-78.4,-59.4,-40.7,-22.3,-4.0,12.5,26.0,36.1,38.6,35.8,26.4,13.4,-2.6,-21.2,-40.9,-60.9,-81.2,-95.1,-102.7,-104.2,-101.6,-96.8,-97.3,-102.7,-104.7,-102.4,-95.3,-80.4,-67.9,-55.7,-43.3,-33.7,-31.3,-29.6,-31.5,-33.8,-79.4,-84.5,-84.1,-77.7,-75.6,-75.7,-78.2,-84.7,-84.8,-80.3,-76.5,-76.1,-4.2,-11.0,-14.6,-12.9,-14.7,-11.7,-6.3,2.5,6.0,6.8,6.3,3.4,-4.4,-7.7,-7.4,-8.0,-5.9,-3.3,-2.5,-3.1,739.6,741.2,743.2,745.0,742.3,734.7,722.0,704.8,693.4,692.4,698.8,705.2,708.2,707.9,705.3,701.7,700.2,710.0,701.0,691.2,681.5,674.8,667.2,665.7,666.4,667.3,669.9,670.6,665.1,659.5,653.9,674.2,669.8,666.2,665.4,665.3,702.3,695.6,690.7,688.1,691.2,696.0,675.1,672.0,670.2,671.7,670.2,671.9,692.1,677.7,670.3,667.3,665.4,668.3,675.2,670.6,669.4,671.4,674.6,681.4,687.7,673.0,669.6,667.8,674.3,669.4,671.3,674.6,0.595,0.139,0.300,-0.062,318.940,145.404,-23.975,-12.225,-19.191,14.354,-4.844,-4.959,4.053,1.429,4.382,6.938,-1.156,-0.256,1.451,-2.055,1.541,1.526,1.637,-0.887,-0.808,-0.312,0.539,0.008,-0.338,-0.499,-0.058,-0.481,0.519,0.012,0.055,-0.004,0.132,0.001,-0.013,0.060,0.19,0.55,1.38,0.00,0.33,3.19,0.00,0.18,0.03,0.00,0.06,0.49,0.00,0.00,0.82,0.71,0.00,0.00,0.00,1.00,0.00,1.00,1.00,0.00,0.00,0.00,0.00,0.00,1.00,0.00,0.00,0.00,0.00,0.00,0.00
141,0,14.000,0.98,1,-0.146435,0.168152,-0.974824,-0.293420,0.181922,-0.938514,-0.226,0.181,296.3,297.3,299.9,302.6,303.7,302.9,300.1,297.4,293.4,294.6,296.5,299.3,302.4,304.8,306.6,304.6,301.9,299.2,296.8,294.7,299.0,300.1,301.3,301.7,301.2,300.1,298.9,298.5,330.8,331.7,334.5,337.5,338.9,338.0,335.2,332.1,328.2,329.7,332.0,335.2,338.4,341.0,342.8,341.2,338.8,336.1,333.1,330.3,333.7,335.0,336.2,336.6,336.0,334.7,333.5,333.1,122.5,119.7,118.4,119.4,122.1,125.1,126.2,125.2,124.3,122.3,121.0,120.2,120.7,122.0,124.0,125.1,125.6,125.9,125.8,125.4,123.7,124.1,123.5,122.3,121.1,120.7,121.3,122.5,120.4,117.4,116.0,117.0,119.8,122.8,124.2,123.5,122.7,120.5,118.8,117.9,118.3,119.4,121.2,122.5,123.2,123.6,123.7,123.5,121.6,122.0,121.4,120.1,118.9,118.4,119.1,120.4,-1.1,0.4,4.4,8.4,10.1,8.9,4.6,0.6,-5.5,-3.7,-0.7,3.5,8.1,11.8,14.5,11.5,7.5,3.3,-0.4,-3.4,3.0,4.8,6.5,7.2,6.4,4.7,2.9,2.2,48.4,49.8,53.8,58.1,60.1,58.7,54.6,50.1,44.8,46.8,50.0,54.5,59.2,63.2,66.1,63.5,59.8,55.7,51.5,47.6,52.6,54.4,56.2,56.8,55.9,54.0,52.3,51.7,-70.4,-74.7,-76.6,-75.0,-70.8,-66.2,-64.6,-66.2,-68.4,-71.0,-72.7,-73.6,-72.8,-70.8,-67.9,-66.2,-65.4,-65.0,-65.3,-66.4,-68.6,-67.9,-68.7,-70.6,-72.5,-73.2,-72.3,-70.5,-69.5,-73.9,-76.0,-74.6,-70.5,-66.1,-64.0,-65.1,-66.4,-69.4,-71.7,-73.0,-72.6,-71.3,-69.0,-66.8,-65.5,-64.8,-64.7,-65.0,-67.9,-67.3,-68.2,-70.1,-71.9,-72.5,-71.6,-69.7,618.5,618.8,618.0,616.7,615.7,615.6,616.2,617.5,623.7,620.8,617.7,615.6,615.1,615.5,616.4,615.5,614.9,615.5,617.6,620.6,618.0,617.5,617.1,617.2,617.7,618.3,618.6,618.5,583.8,584.8,585.4,585.4,584.7,583.8,583.1,583.3,585.1,583.9,582.9,582.7,584.1,586.6,589.1,586.2,583.7,582.2,582.3,583.6,584.6,584.5,584.8,585.3,585.6,585.6,585.3,584.9,36.0,-36.8,683.1,0.171,0.316,-0.072,285.2,285.9,287.8,290.4,293.4,297.7,303.4,310.7,320.3,331.4,342.1,351.7,358.7,362.6,364.2,364.8,364.7,286.0,289.3,295.2,301.6,307.7,321.7,329.3,337.4,345.2,351.1,315.0,314.3,313.6,312.8,308.1,311.5,315.3,319.7,323.7,293.3,296.7,302.0,306.6,302.1,296.9,328.1,332.3,338.0,342.9,338.7,333.2,305.2,308.2,312.5,316.1,320.2,326.8,333.3,327.8,321.9,317.4,313.5,308.9,307.3,313.0,316.6,320.8,330.7,321.2,316.9,313.2,127.6,138.2,148.7,158.9,168.9,178.0,185.7,191.7,193.4,191.7,185.9,178.1,168.7,158.0,146.6,134.8,122.9,116.6,111.2,109.4,110.1,112.4,111.2,107.7,106.4,107.8,112.5,121.3,128.6,135.9,143.4,149.9,151.3,152.2,150.9,149.5,124.3,120.7,120.6,124.2,125.6,126.0,122.8,118.5,118.3,121.1,123.4,123.7,167.9,163.7,161.4,162.4,161.1,163.0,166.3,171.6,173.9,174.4,174.2,172.4,167.7,165.6,165.7,165.2,166.6,168.2,168.7,168.4,-21.4,-20.2,-16.7,-12.0,-6.6,1.3,11.3,23.6,39.5,58.3,77.2,94.5,107.1,113.9,116.4,116.8,116.5,-19.1,-13.3,-3.1,7.7,17.7,40.4,52.7,66.0,78.9,89.0,29.5,28.2,26.7,25.3,18.3,23.8,29.8,36.9,43.5,-6.3,-0.5,8.4,16.1,8.7,-0.1,51.6,58.3,67.4,75.6,68.6,59.7,13.9,18.5,25.5,31.2,37.8,48.8,60.1,50.6,40.8,33.6,27.2,19.8,17.3,26.3,32.1,38.9,55.6,39.6,32.7,26.8,-75.1,-55.9,-36.9,-18.5,-0.2,16.1,29.4,39.2,41.3,38.4,28.9,15.7,-0.4,-19.1,-38.8,-58.9,-79.3,-91.4,-99.4,-101.0,-98.5,-93.7,-94.6,-100.1,-102.4,-100.3,-93.0,-78.4,-65.8,-53.4,-40.9,-31.4,-29.0,-27.3,-29.4,-31.8,-77.0,-82.3,-82.0,-75.6,-73.5,-73.4,-76.5,-83.2,-83.4,-78.9,-75.0,-74.6,-1.9,-8.9,-12.5,-10.9,-12.8,-9.9,-4.4,4.3,8.0,8.9,8.5,5.6,-2.1,-5.7,-5.4,-6.1,-4.0,-1.4,-0.5,-1.1,739.6,740.9,742.7,744.2,741.5,733.9,721.3,704.1,692.6,691.9,698.6,705.4,708.7,708.7,706.4,703.2,702.1,711.0,701.6,691.6,681.7,674.9,668.0,666.6,667.5,668.7,671.7,670.7,664.7,658.7,652.8,673.5,668.8,665.0,664.5,664.7,702.7,696.0,691.2,688.4,691.6,696.3,675.7,672.9,671.1,672.7,670.9,672.6,691.5,677.1,669.5,666.6,664.7,667.8,674.7,670.0,668.6,670.6,673.8,680.7,687.1,672.2,668.8,667.1,673.8,668.6,670.5,673.8,0.595,0.127,0.291,-0.067,318.758,146.812,-21.703,-11.843,-16.746,16.696,-4.752,-3.726,3.224,0.817,5.680,5.610,0.292,-0.039,1.842,-0.875,1.522,1.240,1.607,-0.483,-0.202,-0.126,0.653,0.057,-0.247,-0.557,0.341,-0.516,0.614,-0.020,0.068,0.008,0.134,0.003,0.006,0.052,0.19,0.76,1.44,0.01,0.35,3.41,0.00,0.28,0.05,0.00,0.06,0.52,0.00,0.00,0.67,0.78,0.00,0.00,0.00,1.00,0.00,1.00,1.00,0.00,0.00,0.00,0.00,0.00,1.00,0.00,0.00,0.00,0.00,0.00,0.00
142,0,14.100,0.98,1,-0.145232,0.160220,-0.976339,-0.293315,0.173502,-0.940140,-0.225,0.172,296.2,297.3,299.9,302.5,303.7,302.9,300.0,297.4,293.4,294.5,296.5,299.3,302.3,304.8,306.5,304.6,301.9,299.2,296.7,294.7,298.9,300.1,301.3,301.7,301.2,300.0,298.9,298.4,330.8,331.7,334.4,337.4,338.9,337.9,335.2,332.0,328.2,329.7,332.0,335.1,338.3,340.9,342.7,341.1,338.8,336.0,333.1,330.3,333.6,334.9,336.1,336.5,335.9,334.6,333.4,333.0,122.7,119.9,118.6,119.5,122.2,125.2,126.3,125.4,124.4,122.5,121.1,120.3,120.8,122.1,124.1,125.2,125.7,126.0,125.9,125.5,123.8,124.2,123.7,122.4,121.3,120.8,121.4,122.6,120.4,117.5,116.1,117.0,119.8,122.8,124.2,123.5,122.8,120.5,118.8,117.9,118.3,119.4,121.2,122.5,123.2,123.6,123.7,123.6,121.6,122.1,121.4,120.1,118.9,118.5,119.1,120.4,-1.2,0.4,4.4,8.4,10.1,8.9,4.6,0.5,-5.6,-3.8,-0.8,3.4,8.0,11.7,14.4,11.5,7.4,3.3,-0.4,-3.5,3.0,4.7,6.4,7.1,6.4,4.6,2.9,2.2,48.4,49.8,53.8,58.1,60.1,58.7,54.7,50.2,44.8,46.9,50.1,54.6,59.3,63.2,66.1,63.5,59.8,55.8,51.5,47.7,52.6,54.5,56.2,56.8,55.9,54.1,52.3,51.7,-70.3,-74.6,-76.5,-74.9,-70.7,-66.1,-64.5,-66.1,-68.2,-70.9,-72.6,-73.5,-72.8,-70.8,-67.9,-66.2,-65.4,-65.0,-65.3,-66.3,-68.5,-67.8,-68.7,-70.6,-72.4,-73.1,-72.3,-70.4,-69.6,-74.0,-76.1,-74.7,-70.6,-66.2,-64.1,-65.2,-66.4,-69.5,-71.8,-73.1,-72.7,-71.4,-69.1,-66.9,-65.6,-64.9,-64.8,-65.1,-68.0,-67.4,-68.3,-70.2,-72.0,-72.6,-71.7,-69.8,619.6,619.9,619.2,617.9,616.8,616.6,617.2,618.4,624.7,621.8,618.8,616.7,616.2,616.6,617.5,616.5,615.9,616.5,618.5,621.6,619.1,618.5,618.2,618.3,618.8,619.4,619.7,619.5,585.0,586.0,586.7,586.6,585.9,584.9,584.2,584.4,586.2,585.1,584.1,583.9,585.3,587.7,590.2,587.3,584.8,583.4,583.4,584.7,585.7,585.7,586.0,586.4,586.7,586.8,586.5,586.0,36.0,-36.6,683.4,0.161,0.316,-0.071,285.2,285.9,287.9,290.5,293.5,297.9,303.5,310.6,320.2,331.3,342.0,351.5,358.6,362.5,364.2,364.7,364.7,285.9,289.2,295.2,301.6,307.7,321.6,329.2,337.3,345.2,351.1,314.9,314.2,313.5,312.8,308.0,311.4,315.2,319.6,323.7,293.3,296.7,301.9,306.5,302.1,296.9,328.1,332.3,337.9,342.8,338.7,333.2,305.1,308.1,312.5,316.1,320.2,326.8,333.4,327.8,321.9,317.4,313.4,308.8,307.2,312.9,316.5,320.8,330.7,321.2,316.9,313.2,127.9,138.6,149.2,159.5,169.5,178.5,186.0,191.9,193.5,191.8,186.2,178.4,169.1,158.4,146.9,135.1,123.2,117.1,111.7,109.9,110.5,112.7,111.6,108.1,106.7,108.1,112.8,121.3,128.7,136.0,143.5,150.0,151.4,152.3,151.0,149.5,124.4,120.9,120.7,124.3,125.7,126.1,122.9,118.6,118.3,121.2,123.4,123.7,167.9,163.7,161.4,162.4,161.1,162.9,166.3,171.6,173.9,174.4,174.2,172.4,167.8,165.5,165.7,165.2,166.6,168.1,168.7,168.4,-21.4,-20.2,-16.6,-11.8,-6.4,1.6,11.5,23.5,39.4,58.1,77.0,94.3,107.0,113.8,116.4,116.9,116.6,-19.3,-13.4,-3.1,7.8,17.8,40.3,52.7,66.0,79.1,89.2,29.5,28.1,26.7,25.3,18.2,23.7,29.6,36.8,43.5,-6.4,-0.5,8.4,16.1,8.6,-0.2,51.6,58.3,67.4,75.6,68.6,59.7,13.8,18.5,25.4,31.2,37.8,48.8,60.1,50.6,40.8,33.5,27.1,19.7,17.2,26.3,32.0,38.9,55.6,39.6,32.6,26.7,-74.6,-55.2,-36.0,-17.4,0.9,17.0,30.1,39.6,41.6,38.7,29.4,16.3,0.2,-18.5,-38.3,-58.5,-78.9,-90.6,-98.7,-100.4,-97.9,-93.2,-94.2,-99.7,-102.0,-99.9,-92.6,-78.4,-65.7,-53.3,-40.7,-31.3,-28.9,-27.2,-29.3,-31.8,-76.8,-82.2,-81.9,-75.5,-73.5,-73.3,-76.5,-83.3,-83.5,-78.9,-75.1,-74.7,-1.8,-8.8,-12.5,-10.8,-12.8,-9.9,-4.5,4.3,8.0,8.9,8.6,5.7,-2.1,-5.7,-5.5,-6.2,-4.0,-1.4,-0.5,-1.0,740.8,741.9,743.5,744.8,741.8,734.0,721.2,703.8,692.3,691.6,698.7,705.7,709.2,709.4,707.2,704.1,703.1,712.2,702.8,692.7,682.8,675.8,669.2,667.9,668.8,669.9,672.9,671.4,665.4,659.2,653.1,673.9,669.0,665.2,664.6,664.9,703.4,696.9,692.1,689.2,692.3,697.0,676.6,673.8,672.1,673.5,671.8,673.5,692.0,677.5,669.9,666.9,665.1,668.2,675.0,670.2,668.7,670.7,674.0,681.0,687.6,672.5,669.1,667.4,674.2,668.8,670.7,674.1,0.595,0.118,0.291,-0.067,318.727,146.986,-20.876,-11.403,-15.620,16.523,-4.719,-2.580,3.604,0.732,6.405,5.025,0.643,0.107,2.145,-0.521,1.373,1.388,1.893,-0.504,-0.187,-0.077,0.811,0.049,-0.202,-0.490,0.355,-0.514,0.557,-0.010,0.070,0.015,0.135,-0.004,0.000,0.053,0.00,0.47,1.43,0.01,0.41,3.38,0.18,0.37,0.03,0.00,0.06,0.57,0.00,0.08,0.52,0.67,0.26,0.00,0.00,1.00,0.00,1.00,1.00,0.00,0.00,0.00,0.00,0.00,0.00,0.00,0.00,0.00,0.00,0.00,0.00
143,0,14.200,0.98,1,-0.134925,0.117259,-0.983893,-0.291695,0.121149,-0.948808,-0.217,0.123,296.1,297.2,299.9,302.6,303.6,302.7,299.8,297.1,293.0,294.3,296.4,299.2,302.3,304.7,306.4,304.4,301.7,298.9,296.4,294.4,298.8,299.9,301.1,301.6,301.2,300.0,298.8,298.3,331.0,332.0,334.8,337.7,339.1,338.2,335.4,332.2,328.4,329.9,332.3,335.4,338.6,341.2,342.9,341.3,338.9,336.1,333.2,330.4,333.9,335.2,336.4,336.8,336.2,334.9,333.7,333.3,116.0,113.3,112.0,113.1,115.7,118.8,119.8,118.7,117.9,115.9,114.5,113.7,114.3,115.7,117.8,118.7,119.1,119.3,119.3,118.9,117.3,117.7,117.2,116.0,114.8,114.4,114.9,116.1,114.5,111.6,110.2,111.3,114.1,117.0,118.3,117.5,116.8,114.6,112.9,112.1,112.6,113.8,115.7,116.8,117.3,117.6,117.6,117.5,115.7,116.2,115.6,114.3,113.1,112.7,113.3,114.5,-1.4,0.3,4.4,8.4,9.9,8.5,4.1,0.2,-6.0,-4.1,-0.9,3.3,7.9,11.5,14.1,11.1,7.0,2.8,-0.9,-4.0,2.7,4.4,6.2,7.0,6.3,4.5,2.8,2.0,48.9,50.4,54.5,58.8,60.7,59.1,55.1,50.6,45.2,47.4,50.6,55.1,59.8,63.8,66.6,63.9,60.2,56.1,51.9,48.0,53.1,54.9,56.7,57.4,56.5,54.7,52.9,52.2,-79.8,-84.0,-85.8,-84.1,-79.9,-75.3,-73.8,-75.5,-77.6,-80.3,-82.0,-82.9,-82.0,-79.9,-76.9,-75.3,-74.7,-74.4,-74.8,-75.7,-77.8,-77.1,-77.9,-79.7,-81.6,-82.3,-81.5,-79.7,-78.4,-82.7,-84.8,-83.3,-79.1,-74.8,-72.7,-73.9,-75.2,-78.3,-80.6,-81.7,-81.2,-79.7,-77.3,-75.3,-74.2,-73.6,-73.6,-73.9,-76.6,-76.0,-76.9,-78.8,-80.6,-81.2,-80.4,-78.5,614.7,615.3,614.8,613.4,612.0,611.5,611.9,613.2,619.6,616.9,614.1,612.1,611.6,611.9,612.6,611.4,610.7,611.3,613.3,616.3,614.1,613.5,613.3,613.5,614.2,614.7,615.0,614.7,586.7,587.9,588.7,588.5,587.6,586.3,585.6,585.9,587.8,586.8,585.9,585.7,587.1,589.4,591.7,588.7,586.2,584.8,584.8,586.2,587.3,587.2,587.6,588.1,588.5,588.6,588.2,587.7,34.8,-46.7,683.3,0.091,0.310,-0.030,284.5,285.1,286.8,289.0,292.0,296.4,302.0,308.6,317.9,328.8,339.8,349.7,357.2,361.7,363.7,364.7,365.0,285.4,289.3,295.5,301.9,307.9,322.5,330.2,338.1,345.9,352.0,315.2,314.3,313.3,312.3,307.0,310.3,314.1,318.7,322.9,292.9,296.7,302.0,306.4,301.7,296.5,328.3,332.7,338.3,343.1,338.8,333.3,303.4,307.0,311.7,315.1,319.3,325.8,332.7,326.3,320.1,315.6,311.8,307.2,305.5,311.9,315.4,319.7,330.0,319.8,315.4,311.9,122.3,133.6,144.8,155.5,165.6,174.3,181.2,186.3,187.6,186.4,181.7,174.9,166.2,155.6,144.1,132.1,120.0,112.0,106.6,104.9,105.4,107.4,106.6,103.8,102.8,104.2,108.8,114.9,122.3,129.6,137.2,143.3,144.6,145.6,144.2,142.8,117.9,114.3,114.2,117.9,119.1,119.4,116.9,112.6,112.5,115.6,117.5,117.7,160.1,156.1,154.1,155.0,153.8,155.6,158.7,163.5,165.4,166.0,165.8,164.2,160.0,157.9,158.0,157.5,159.0,159.9,160.5,160.2,-22.9,-21.8,-18.6,-14.5,-9.1,-1.1,8.7,19.9,35.2,53.6,73.1,91.0,104.8,112.6,116.1,117.3,118.0,-20.4,-13.4,-2.5,8.3,18.1,42.1,54.9,68.0,81.0,91.3,30.1,28.3,26.3,24.6,16.5,21.8,27.9,35.3,42.2,-7.0,-0.6,8.4,15.9,8.1,-0.9,52.2,59.3,68.4,76.5,69.1,60.2,10.9,16.6,24.1,29.6,36.3,47.2,59.1,47.9,37.7,30.4,24.3,16.9,14.3,24.6,30.1,37.1,54.5,37.2,30.2,24.6,-85.6,-64.9,-44.3,-24.6,-6.1,9.5,21.5,29.6,31.3,29.3,21.7,10.2,-4.9,-23.3,-43.3,-64.0,-84.9,-100.2,-108.1,-109.6,-107.3,-102.7,-103.0,-107.6,-109.4,-107.3,-99.9,-89.5,-76.4,-63.8,-51.0,-42.5,-40.0,-38.1,-40.2,-42.7,-88.4,-93.8,-93.5,-86.7,-85.0,-85.0,-86.9,-93.7,-93.6,-88.6,-85.3,-85.2,-15.1,-21.4,-24.5,-22.9,-24.7,-21.9,-17.0,-9.0,-5.8,-4.9,-5.3,-7.9,-15.2,-18.3,-18.0,-18.7,-16.5,-14.8,-14.0,-14.5,747.7,747.4,747.2,746.2,741.3,731.9,717.5,698.6,687.4,687.4,696.4,704.9,709.7,710.8,709.7,707.6,707.8,716.6,707.1,697.7,688.0,680.1,674.0,673.6,674.5,675.3,677.9,674.7,667.6,660.3,653.2,673.8,668.0,663.6,663.4,664.1,706.1,700.3,695.6,692.3,694.8,699.4,680.8,678.5,676.9,677.6,675.7,677.4,692.3,677.7,669.7,666.7,665.1,668.4,675.2,668.3,665.4,667.3,670.7,678.9,688.1,671.5,668.1,666.8,674.1,666.9,668.4,672.0,0.594,0.037,0.288,-0.028,318.029,140.972,-11.949,-7.599,-9.706,9.554,-5.269,5.750,4.584,1.257,7.608,-0.619,1.147,2.586,2.941,-0.517,2.583,0.411,2.888,0.015,0.187,0.794,1.295,0.007,-0.387,0.547,0.025,-0.238,0.300,0.030,-0.070,-0.016,0.083,-0.015,-0.026,0.085,0.00,0.21,1.46,0.01,0.48,3.44,0.21,0.35,0.01,0.00,0.00,0.50,0.00,0.08,0.40,0.33,0.34,0.00,0.00,1.00,0.00,1.00,1.00,0.00,0.00,0.00,0.00,0.00,0.00,0.00,0.00,0.00,0.00,0.00,0.00
144,0,14.300,0.98,1,-0.138167,0.115943,-0.983599,-0.290270,0.121216,-0.949236,-0.218,0.122,296.5,297.6,300.2,302.9,304.0,303.1,300.3,297.6,293.6,294.8,296.8,299.6,302.7,305.0,306.8,304.8,302.1,299.4,296.9,294.9,299.2,300.4,301.5,302.0,301.5,300.4,299.2,298.7,331.1,332.1,334.8,337.8,339.2,338.2,335.4,332.3,328.5,330.0,332.3,335.5,338.6,341.2,342.9,341.3,339.0,336.2,333.3,330.5,333.9,335.2,336.4,336.9,336.2,335.0,333.7,333.3,115.2,112.5,111.2,112.1,114.8,117.8,118.8,117.9,117.1,115.1,113.7,112.9,113.3,114.7,116.8,117.7,118.2,118.5,118.4,118.1,116.4,116.8,116.3,115.0,113.9,113.5,114.0,115.2,113.3,110.4,109.1,110.1,112.9,115.8,117.2,116.4,115.6,113.4,111.7,110.9,111.4,112.6,114.5,115.7,116.3,116.5,116.5,116.4,114.6,115.1,114.5,113.2,112.0,111.5,112.1,113.4,-0.7,0.9,4.9,9.0,10.6,9.3,5.0,1.0,-5.3,-3.4,-0.3,4.0,8.6,12.2,14.8,11.9,7.8,3.7,-0.1,-3.2,3.4,5.2,6.9,7.6,6.9,5.1,3.4,2.7,49.1,50.6,54.7,58.9,60.8,59.3,55.2,50.7,45.4,47.5,50.8,55.3,60.0,63.9,66.7,64.1,60.4,56.3,52.1,48.2,53.2,55.1,56.9,57.5,56.7,54.8,53.1,52.4,-81.9,-86.2,-88.1,-86.4,-82.2,-77.7,-76.1,-77.7,-79.7,-82.4,-84.2,-85.2,-84.4,-82.3,-79.4,-77.7,-77.0,-76.6,-76.9,-77.8,-80.1,-79.4,-80.2,-82.1,-83.9,-84.6,-83.8,-81.9,-80.2,-84.5,-86.5,-85.0,-80.9,-76.5,-74.5,-75.7,-77.0,-80.1,-82.4,-83.5,-83.0,-81.6,-79.1,-77.1,-75.9,-75.3,-75.3,-75.7,-78.4,-77.8,-78.6,-80.5,-82.4,-83.0,-82.2,-80.2,621.7,622.3,621.8,620.5,619.2,618.7,619.1,620.4,626.6,623.9,621.1,619.1,618.7,619.1,619.8,618.7,617.9,618.4,620.4,623.4,621.2,620.6,620.4,620.6,621.2,621.8,622.0,621.7,587.6,588.8,589.5,589.4,588.5,587.4,586.6,586.9,588.8,587.7,586.8,586.7,588.0,590.4,592.8,589.8,587.3,585.8,585.9,587.2,588.3,588.2,588.6,589.1,589.4,589.5,589.2,588.7,34.9,-49.0,682.3,0.080,0.303,-0.021,284.9,285.0,286.5,288.6,291.2,295.3,300.9,307.9,317.4,328.6,339.6,349.7,357.3,361.8,363.9,364.8,365.2,286.3,289.9,296.0,302.5,308.6,322.4,330.1,338.3,346.1,351.8,315.3,314.4,313.4,312.4,307.3,310.7,314.4,318.8,323.0,293.5,297.1,302.3,306.8,302.2,297.0,328.4,332.7,338.3,343.1,338.8,333.3,303.7,307.1,311.6,315.0,319.0,325.6,332.3,326.1,320.1,315.7,311.9,307.4,305.8,311.9,315.3,319.4,329.6,319.6,315.4,311.9,121.2,132.1,142.9,153.4,163.4,172.2,179.2,184.6,186.1,185.1,180.5,173.8,165.1,154.5,142.9,130.8,118.7,110.3,104.6,102.5,102.8,105.0,104.0,100.8,99.9,101.8,106.9,113.4,120.3,127.1,134.2,141.5,142.7,143.6,142.5,141.2,117.1,113.4,113.3,116.8,118.2,118.6,115.7,111.5,111.4,114.5,116.4,116.6,159.7,155.2,152.9,153.8,152.7,154.8,158.4,163.1,164.9,165.4,165.2,163.6,159.5,157.0,157.1,156.7,158.5,159.5,159.9,159.6,-22.1,-21.8,-19.2,-15.4,-10.5,-3.0,6.8,18.6,34.3,53.0,72.5,90.7,104.6,112.7,116.3,117.6,118.4,-18.7,-12.3,-1.7,9.3,19.3,41.9,54.7,68.2,81.3,91.1,30.3,28.5,26.6,24.7,17.1,22.4,28.3,35.5,42.3,-6.1,0.2,9.1,16.6,8.9,0.0,52.3,59.3,68.5,76.5,69.2,60.3,11.2,16.7,24.0,29.4,35.8,46.7,58.2,47.6,37.5,30.5,24.5,17.2,14.8,24.4,29.9,36.5,53.7,36.8,30.1,24.5,-87.1,-67.3,-47.5,-28.5,-10.2,5.6,17.9,26.7,28.8,27.0,19.6,8.3,-6.7,-25.2,-45.3,-66.2,-87.3,-103.0,-111.7,-113.7,-111.5,-106.8,-107.4,-112.5,-114.2,-111.3,-103.2,-92.0,-79.7,-67.8,-55.7,-45.3,-43.0,-41.3,-43.2,-45.3,-89.7,-95.3,-95.0,-88.5,-86.5,-86.4,-88.8,-95.6,-95.5,-90.5,-87.1,-86.9,-15.7,-22.8,-26.3,-24.7,-26.5,-23.2,-17.5,-9.6,-6.6,-5.9,-6.3,-8.9,-16.0,-19.7,-19.4,-20.0,-17.2,-15.5,-14.9,-15.4,744.1,743.6,743.4,743.1,738.6,729.6,715.7,697.5,686.1,685.8,694.1,702.6,707.8,709.6,709.1,707.5,708.0,715.9,707.2,697.7,687.9,680.6,674.1,673.4,674.7,675.6,678.1,674.9,667.7,660.3,653.1,672.9,667.9,663.8,663.7,664.3,705.9,700.0,695.3,692.1,694.8,699.2,680.1,678.0,676.4,677.4,675.3,676.9,689.3,675.1,667.7,664.8,663.3,666.4,673.3,666.7,664.3,666.1,669.3,677.0,685.1,669.6,666.3,664.9,672.2,665.4,667.1,670.4,0.595,0.022,0.281,-0.020,318.065,139.597,-15.653,-12.448,-14.349,14.026,-6.269,-0.747,4.821,0.995,6.816,3.799,-1.278,1.239,1.613,-2.039,0.874,1.567,1.966,-0.876,-0.591,0.466,1.157,-0.040,0.055,0.420,0.493,-0.759,0.502,-0.005,-0.028,-0.029,0.091,-0.013,-0.006,0.074,0.00,0.00,1.46,0.00,0.58,3.51,0.21,0.22,0.00,0.00,0.00,0.34,0.00,0.10,0.38,0.07,0.34,0.00,0.00,1.00,0.00,1.00,1.00,0.00,0.00,0.00,0.00,0.00,1.00,0.00,0.00,0.00,0.00,0.00,0.00
145,0,14.400,0.98,1,-0.118260,0.161076,-0.979831,-0.269360,0.171617,-0.947625,-0.198,0.171,295.8,296.9,299.6,302.4,303.5,302.6,299.6,296.9,292.7,294.0,296.1,299.0,302.1,304.6,306.4,304.4,301.6,298.8,296.2,294.1,298.6,299.8,301.0,301.5,301.0,299.8,298.6,298.1,331.1,332.0,334.9,337.9,339.5,338.5,335.7,332.5,328.5,330.1,332.4,335.7,338.9,341.5,343.3,341.7,339.3,336.5,333.5,330.6,334.1,335.4,336.7,337.1,336.4,335.1,333.8,333.4,128.8,125.9,124.6,125.7,128.5,131.6,132.7,131.6,130.5,128.6,127.3,126.6,127.1,128.5,130.5,131.5,131.9,132.2,132.1,131.6,130.0,130.5,129.9,128.7,127.5,127.0,127.6,128.8,127.0,123.9,122.5,123.5,126.3,129.4,130.8,130.1,129.3,127.1,125.4,124.5,124.9,126.0,127.7,129.0,129.7,130.1,130.2,130.1,128.2,128.6,128.0,126.7,125.4,125.0,125.6,126.9,-1.8,-0.1,3.9,7.9,9.6,8.2,3.9,-0.1,-6.3,-4.4,-1.3,2.9,7.5,11.2,13.9,10.9,6.8,2.6,-1.1,-4.2,2.3,4.1,5.8,6.6,5.9,4.1,2.3,1.6,47.8,49.1,53.2,57.5,59.6,58.2,54.1,49.6,44.1,46.3,49.5,54.0,58.7,62.6,65.5,62.9,59.3,55.2,50.9,47.0,52.0,53.9,55.6,56.2,55.3,53.5,51.7,51.1,-59.4,-63.7,-65.5,-63.8,-59.6,-55.0,-53.5,-55.1,-57.4,-59.9,-61.5,-62.3,-61.5,-59.5,-56.7,-55.1,-54.4,-54.1,-54.4,-55.4,-57.5,-56.8,-57.6,-59.4,-61.3,-62.0,-61.2,-59.3,-58.8,-63.2,-65.4,-64.0,-59.9,-55.5,-53.3,-54.4,-55.7,-58.7,-61.0,-62.2,-61.8,-60.6,-58.3,-56.3,-55.0,-54.3,-54.2,-54.4,-57.2,-56.6,-57.5,-59.4,-61.2,-61.8,-60.9,-59.0,602.7,603.0,602.3,601.1,600.0,599.9,600.4,601.6,607.8,604.9,601.9,599.8,599.3,599.9,600.8,599.8,599.1,599.7,601.6,604.6,602.2,601.7,601.4,601.5,602.0,602.5,602.8,602.7,571.2,572.2,573.0,573.1,572.4,571.4,570.6,570.7,572.4,571.2,570.3,570.3,571.8,574.3,576.9,573.9,571.3,569.7,569.7,570.9,572.0,572.1,572.4,572.9,573.2,573.1,572.8,572.3,36.3,-26.7,687.1,0.176,0.282,-0.072,284.1,284.8,286.7,289.2,292.4,297.3,303.4,310.7,320.3,331.3,341.8,351.2,358.2,362.3,364.1,364.8,364.7,285.0,288.8,295.2,301.8,308.1,321.5,329.4,337.6,345.8,352.2,315.1,314.6,314.0,313.4,307.9,311.5,315.5,320.1,324.3,292.6,296.3,301.7,306.5,301.7,296.4,328.3,332.8,338.5,343.5,339.2,333.6,304.1,307.9,312.7,316.5,321.0,327.8,334.8,328.6,322.3,317.5,313.3,308.4,306.3,313.0,316.9,321.5,332.2,321.7,317.0,313.1,133.8,144.4,154.7,164.7,174.5,183.3,190.9,196.9,198.6,196.9,191.1,183.4,174.2,163.5,152.2,140.7,129.0,123.7,118.9,117.6,118.5,120.8,119.7,116.2,114.7,115.8,120.1,128.3,135.8,143.3,151.0,156.5,158.0,159.1,157.7,156.1,130.5,127.1,127.0,130.7,131.9,132.2,129.4,125.1,124.9,127.7,129.8,130.2,172.3,169.2,167.5,168.5,167.2,168.6,171.0,176.2,178.6,179.2,178.9,177.0,172.4,171.3,171.5,171.0,171.3,173.0,173.6,173.2,-23.6,-22.3,-18.8,-14.3,-8.3,0.5,11.3,23.8,40.0,58.8,77.8,95.0,107.9,115.2,117.9,118.6,118.3,-21.1,-14.1,-3.1,8.1,18.4,40.4,53.2,66.9,80.8,92.0,29.9,28.7,27.5,26.3,18.1,23.9,30.3,37.8,44.8,-7.6,-1.1,8.0,16.1,8.1,-1.0,52.3,59.6,68.9,77.3,70.0,60.9,12.2,18.3,26.0,32.2,39.5,51.0,63.3,52.5,41.9,33.9,27.1,19.2,15.9,26.7,32.9,40.5,58.8,40.7,33.1,26.8,-64.2,-45.1,-26.1,-7.8,10.0,25.9,39.0,48.6,50.7,47.8,38.3,25.2,9.1,-9.6,-29.5,-49.5,-69.9,-79.4,-86.5,-87.4,-84.8,-80.0,-81.1,-86.8,-89.5,-88.0,-81.3,-67.2,-54.3,-41.7,-28.9,-20.7,-18.1,-16.3,-18.6,-21.2,-66.7,-71.8,-71.6,-65.1,-63.2,-63.1,-66.0,-73.0,-73.2,-68.8,-65.0,-64.5,5.7,0.3,-2.5,-0.9,-3.0,-0.7,3.3,12.0,15.9,16.9,16.5,13.4,5.9,3.8,4.2,3.2,3.9,6.6,7.6,7.0,745.7,746.6,748.2,749.7,747.4,740.3,727.7,710.2,699.4,699.7,708.3,715.7,719.4,719.4,717.0,713.9,712.6,715.3,704.6,694.5,684.6,677.3,671.7,671.0,672.8,675.0,679.3,673.8,667.8,661.4,655.5,677.6,672.4,668.6,668.5,669.2,706.8,700.2,695.7,693.0,695.7,700.2,681.3,678.7,677.4,679.0,677.1,678.5,699.5,683.8,675.4,672.5,670.8,674.7,682.7,676.6,673.9,675.7,679.1,687.2,695.1,678.1,674.7,673.3,681.7,673.9,675.5,679.1,0.590,0.146,0.252,-0.066,318.782,152.982,-9.791,-11.852,-8.703,10.872,-3.358,2.662,-0.237,-0.212,6.681,3.568,3.613,0.412,0.817,0.285,0.802,0.973,1.886,0.552,0.750,-0.809,0.232,-0.180,-0.359,0.118,0.009,-0.423,0.133,0.064,0.073,0.023,0.047,0.006,0.007,0.031,0.00,0.00,1.42,0.00,0.61,3.53,0.03,0.17,0.00,0.00,0.00,0.47,0.00,0.07,0.62,0.18,0.09,0.00,0.00,1.00,0.00,1.00,1.00,0.00,0.00,0.00,0.00,0.00,1.00,0.00,0.00,0.00,0.00,0.00,0.00
146,0,14.500,0.98,1,-0.126515,0.167072,-0.977794,-0.277136,0.178683,-0.944070,-0.207,0.178,295.9,297.0,299.7,302.4,303.5,302.6,299.7,297.0,292.9,294.2,296.2,299.1,302.1,304.6,306.3,304.3,301.6,298.9,296.4,294.3,298.6,299.8,301.0,301.5,301.0,299.8,298.6,298.2,330.8,331.7,334.5,337.5,338.9,338.0,335.3,332.1,328.2,329.8,332.1,335.2,338.4,340.9,342.7,341.1,338.8,336.0,333.1,330.3,333.7,335.0,336.2,336.6,336.0,334.7,333.5,333.1,127.1,124.3,123.1,124.1,126.8,129.9,130.9,129.9,128.9,127.0,125.7,125.0,125.5,126.8,128.8,129.8,130.2,130.4,130.3,129.9,128.4,128.8,128.3,127.0,125.8,125.4,125.9,127.2,125.4,122.4,121.0,122.0,124.8,127.7,129.1,128.4,127.7,125.5,123.8,123.0,123.3,124.4,126.2,127.4,128.1,128.4,128.5,128.4,126.6,127.0,126.4,125.1,123.9,123.4,124.1,125.3,-1.7,0.0,4.1,8.1,9.7,8.4,4.0,0.0,-6.2,-4.3,-1.2,3.1,7.7,11.4,14.0,11.0,7.0,2.8,-1.0,-4.1,2.5,4.2,6.0,6.7,6.0,4.2,2.5,1.7,48.7,50.1,54.1,58.4,60.4,59.0,55.0,50.4,45.1,47.2,50.4,54.9,59.6,63.5,66.4,63.8,60.1,56.0,51.8,47.9,52.9,54.8,56.5,57.2,56.3,54.4,52.6,52.0,-63.2,-67.5,-69.3,-67.6,-63.4,-58.8,-57.3,-59.0,-61.1,-63.7,-65.3,-66.1,-65.3,-63.4,-60.5,-59.0,-58.3,-58.0,-58.3,-59.2,-61.3,-60.6,-61.4,-63.3,-65.1,-65.9,-65.0,-63.2,-62.8,-67.2,-69.3,-67.9,-63.8,-59.4,-57.3,-58.3,-59.6,-62.7,-64.9,-66.2,-65.8,-64.5,-62.2,-60.1,-58.9,-58.2,-58.2,-58.4,-61.2,-60.5,-61.4,-63.4,-65.2,-65.8,-64.9,-62.9,616.2,616.5,615.9,614.7,613.6,613.3,613.8,615.0,621.2,618.4,615.4,613.4,612.9,613.5,614.4,613.3,612.6,613.1,615.1,618.1,615.7,615.2,614.9,615.1,615.6,616.1,616.4,616.2,587.4,588.4,589.2,589.1,588.4,587.3,586.6,586.8,588.5,587.4,586.5,586.4,587.8,590.2,592.7,589.8,587.2,585.7,585.7,587.0,588.1,588.1,588.4,588.9,589.2,589.2,588.9,588.4,35.8,-28.1,683.7,0.180,0.296,-0.072,284.3,285.2,287.2,289.7,292.7,297.2,303.1,310.2,319.9,331.1,341.9,351.3,358.3,362.3,364.0,364.5,364.4,285.1,288.6,294.8,301.4,307.7,321.5,329.3,337.4,345.5,351.7,314.8,314.2,313.6,312.9,307.8,311.2,315.1,319.6,323.8,292.8,296.4,301.7,306.4,301.7,296.5,328.1,332.4,338.0,342.9,338.7,333.2,304.3,307.7,312.4,316.1,320.6,327.3,334.0,328.2,322.1,317.3,313.1,308.2,306.4,312.8,316.6,321.1,331.4,321.4,316.8,312.9,132.6,143.2,153.7,163.7,173.7,182.8,190.7,197.0,198.7,196.9,190.8,182.7,173.2,162.5,151.2,139.7,127.9,122.6,117.8,116.4,117.3,119.7,118.7,115.2,113.7,114.7,118.9,126.8,134.4,142.0,149.8,155.2,156.8,157.9,156.5,154.8,128.8,125.5,125.4,129.0,130.1,130.5,127.8,123.6,123.4,126.1,128.2,128.5,171.7,168.3,166.5,167.5,166.3,167.7,170.5,176.1,178.6,179.2,178.9,176.7,171.8,170.3,170.6,170.1,170.8,172.8,173.4,173.0,-23.0,-21.5,-17.9,-13.4,-7.9,0.4,10.7,22.9,39.1,58.1,77.3,94.4,107.2,114.2,116.7,117.1,116.7,-20.8,-14.5,-3.7,7.4,17.6,40.2,52.8,66.2,79.7,90.5,29.3,28.0,26.7,25.4,17.8,23.3,29.5,36.9,43.7,-7.2,-1.0,7.9,15.8,8.0,-0.8,51.6,58.6,67.6,75.8,68.7,59.8,12.4,17.8,25.3,31.4,38.5,49.7,61.4,51.4,41.3,33.5,26.8,18.8,16.0,26.1,32.2,39.6,57.0,40.1,32.6,26.4,-66.1,-47.0,-28.0,-9.7,8.6,24.9,38.5,48.4,50.6,47.5,37.5,23.8,7.4,-11.3,-31.0,-50.8,-71.0,-81.0,-88.0,-89.0,-86.3,-81.5,-82.5,-88.0,-90.7,-89.3,-82.8,-69.2,-56.2,-43.5,-30.6,-22.7,-20.0,-18.1,-20.4,-23.1,-69.1,-74.2,-73.9,-67.6,-65.8,-65.7,-68.4,-75.1,-75.2,-70.8,-67.2,-66.9,4.7,-1.2,-4.1,-2.4,-4.5,-2.1,2.4,11.6,15.8,16.8,16.3,13.0,4.7,2.2,2.6,1.7,3.0,6.2,7.3,6.6,741.3,742.8,744.9,746.6,744.2,737.2,724.5,706.6,695.2,695.0,703.1,710.2,714.0,714.0,711.1,707.4,705.8,711.8,701.1,691.0,681.1,673.9,668.6,667.6,668.8,670.6,674.5,669.9,663.9,657.7,651.8,673.9,668.7,664.8,664.6,665.1,702.4,696.0,691.5,689.0,691.5,696.0,677.3,674.3,672.8,674.3,672.6,674.2,695.3,680.0,671.7,668.7,666.9,670.4,677.8,672.8,671.0,673.0,676.4,683.9,690.9,674.6,671.1,669.6,677.1,670.8,672.6,676.1,0.593,0.148,0.269,-0.067,318.569,152.025,-14.738,-10.111,-8.782,13.518,-5.689,1.776,2.137,-0.978,9.809,4.064,4.642,0.408,2.287,0.424,2.576,0.729,2.684,0.679,0.030,-0.662,0.650,-0.974,-0.472,-0.050,0.037,-0.104,0.457,0.101,0.110,0.042,0.062,0.030,0.006,0.068,0.00,0.00,1.39,0.00,0.64,3.54,0.06,0.17,0.00,0.00,0.00,0.53,0.00,0.24,0.51,0.18,0.00,0.00,0.00,1.00,0.00,1.00,1.00,0.00,0.00,0.00,0.00,0.00,1.00,0.00,0.00,0.00,0.00,0.00,0.00
147,0,14.600,0.98,1,-0.110803,0.128728,-0.985470,-0.266469,0.136444,-0.954137,-0.192,0.136,296.6,297.7,300.3,303.0,304.1,303.3,300.4,297.7,293.6,294.8,296.9,299.7,302.8,305.2,306.9,305.0,302.3,299.5,297.1,295.0,299.3,300.5,301.6,302.1,301.6,300.5,299.3,298.8,331.5,332.4,335.1,338.0,339.4,338.5,335.8,332.7,328.9,330.4,332.7,335.8,338.9,341.4,343.2,341.6,339.3,336.6,333.7,330.9,334.3,335.6,336.8,337.2,336.5,335.2,334.1,333.7,123.5,120.7,119.4,120.4,123.1,126.1,127.1,126.1,125.3,123.4,122.0,121.3,121.7,123.0,125.0,125.9,126.4,126.6,126.6,126.2,124.6,125.1,124.5,123.3,122.1,121.7,122.3,123.5,121.4,118.5,117.2,118.1,120.9,123.8,125.1,124.4,123.7,121.5,119.9,119.0,119.5,120.6,122.3,123.5,124.1,124.4,124.5,124.4,122.6,123.0,122.4,121.2,120.0,119.6,120.1,121.4,-0.6,1.0,5.1,9.1,10.8,9.5,5.2,1.1,-5.3,-3.3,-0.1,4.1,8.8,12.4,15.1,12.1,8.0,3.9,0.1,-3.1,3.5,5.3,7.1,7.8,7.1,5.3,3.5,2.8,50.4,51.8,55.9,60.1,62.2,60.7,56.7,52.1,46.7,48.9,52.1,56.6,61.3,65.2,68.1,65.5,61.8,57.7,53.5,49.6,54.6,56.5,58.2,58.9,58.0,56.1,54.3,53.7,-69.5,-73.8,-75.7,-74.0,-69.8,-65.2,-63.6,-65.3,-67.2,-69.9,-71.6,-72.5,-71.8,-69.8,-67.0,-65.4,-64.7,-64.3,-64.5,-65.4,-67.6,-66.9,-67.7,-69.6,-71.5,-72.2,-71.3,-69.5,-69.6,-74.0,-76.0,-74.6,-70.5,-66.1,-64.0,-65.1,-66.4,-69.4,-71.7,-72.9,-72.5,-71.1,-68.8,-66.8,-65.6,-65.0,-64.9,-65.1,-67.9,-67.3,-68.2,-70.1,-71.9,-72.5,-71.6,-69.7,622.6,623.1,622.7,621.5,620.2,619.8,620.1,621.3,627.5,624.7,621.9,620.0,619.6,620.1,621.0,619.8,619.0,619.5,621.4,624.3,622.1,621.6,621.4,621.7,622.2,622.7,622.9,622.7,596.6,597.7,598.5,598.5,597.7,596.5,595.7,595.9,597.7,596.6,595.8,595.7,597.1,599.5,602.0,599.0,596.4,594.9,594.9,596.2,597.3,597.3,597.6,598.1,598.5,598.5,598.2,597.7,36.8,-36.3,694.1,0.112,0.268,-0.047,284.4,285.0,286.7,288.9,291.8,296.3,302.2,309.3,318.9,329.9,340.7,350.3,357.7,362.0,363.9,364.7,364.8,285.8,289.5,295.9,302.6,308.7,322.5,330.4,338.4,346.3,352.5,315.7,315.1,314.4,313.7,308.2,311.7,315.6,320.1,324.2,293.5,297.2,302.4,306.9,302.4,297.2,328.8,333.1,338.6,343.3,339.2,333.8,304.8,308.7,313.2,316.8,321.0,327.2,333.6,327.7,321.9,317.4,313.6,309.0,307.0,313.5,317.0,321.4,331.0,321.4,317.0,313.4,129.5,140.0,150.6,160.7,170.5,179.1,186.1,191.6,193.1,191.7,186.6,179.5,170.7,160.2,148.8,137.1,125.3,119.4,114.3,112.8,113.4,115.5,114.4,111.2,109.9,111.2,115.7,122.5,129.8,137.0,144.5,150.4,151.8,152.8,151.4,149.8,125.3,121.8,121.6,125.1,126.4,126.8,123.8,119.6,119.5,122.3,124.2,124.5,166.9,163.4,161.6,162.5,161.3,162.7,165.2,169.3,171.2,171.7,171.5,170.3,166.8,165.2,165.3,164.8,165.5,165.9,166.5,166.3,-23.4,-22.3,-19.1,-15.0,-9.6,-1.3,9.2,21.5,37.7,56.7,76.3,94.3,108.2,116.1,119.4,120.1,120.3,-20.0,-13.2,-1.9,9.5,19.8,42.8,55.9,69.6,83.2,94.0,31.4,30.0,28.6,27.2,18.9,24.5,30.7,38.2,45.1,-6.2,0.3,9.3,17.1,9.3,0.3,53.9,61.0,70.2,78.3,71.1,62.2,13.5,19.8,27.1,32.9,39.8,50.4,61.8,51.3,41.5,34.0,27.8,20.3,17.1,27.6,33.4,40.6,57.3,40.6,33.4,27.6,-73.2,-53.6,-34.1,-15.4,2.7,18.4,30.7,39.5,41.4,39.1,30.7,18.6,3.0,-15.8,-36.0,-56.6,-77.5,-88.2,-95.9,-97.3,-94.9,-90.4,-91.5,-96.8,-99.3,-97.5,-90.4,-78.0,-65.1,-52.6,-39.9,-31.3,-28.7,-26.9,-29.2,-31.8,-76.7,-82.1,-81.9,-75.7,-73.7,-73.4,-76.7,-83.5,-83.6,-79.0,-75.5,-75.2,-3.7,-9.4,-12.4,-10.9,-12.9,-10.5,-6.4,0.5,3.6,4.6,4.2,2.1,-3.8,-6.4,-6.1,-7.0,-5.9,-5.1,-4.1,-4.6,755.0,755.4,756.1,756.5,753.0,744.9,731.4,713.1,701.9,702.7,712.4,721.5,727.3,728.8,727.6,724.7,724.1,726.3,715.9,706.3,696.7,689.4,684.1,683.9,685.7,687.8,691.9,685.0,678.1,670.9,664.1,685.1,679.7,675.8,676.0,677.1,716.1,710.1,705.8,703.3,705.4,709.6,692.5,690.2,689.1,690.5,688.3,689.5,703.3,689.1,682.1,679.3,677.9,681.7,688.8,681.8,678.8,680.4,683.5,690.9,698.9,684.0,680.9,679.8,687.4,679.5,680.9,684.2,0.583,0.073,0.238,-0.044,318.842,147.555,-6.347,-12.616,-13.030,10.102,-5.747,6.158,2.364,-1.283,9.454,1.711,2.652,2.023,1.696,-0.624,3.679,0.484,1.256,-0.585,0.317,0.094,1.294,-0.060,-0.546,0.071,0.683,-0.363,0.359,0.002,0.016,-0.045,0.065,0.021,0.009,0.063,0.00,0.00,1.36,0.00,0.59,3.50,0.06,0.25,0.00,0.00,0.00,0.51,0.00,0.36,0.46,0.33,0.00,0.00,0.00,1.00,0.00,1.00,1.00,0.00,0.00,0.00,0.00,0.00,1.00,0.00,0.00,0.00,0.00,0.00,0.00
148,0,14.700,0.98,1,-0.113274,0.122118,-0.986030,-0.272242,0.128731,-0.953579,-0.196,0.129,297.4,298.6,301.3,304.0,305.1,304.2,301.3,298.6,294.3,295.6,297.8,300.6,303.8,306.2,307.9,306.0,303.2,300.4,297.9,295.8,300.2,301.4,302.6,303.1,302.6,301.4,300.2,299.7,332.8,333.8,336.6,339.5,340.9,340.0,337.2,334.0,330.2,331.7,334.1,337.2,340.4,343.0,344.7,343.1,340.7,338.0,335.0,332.3,335.7,337.0,338.2,338.6,338.0,336.7,335.5,335.1,119.1,116.3,115.0,116.0,118.7,121.8,122.8,121.8,121.0,119.0,117.6,116.8,117.3,118.7,120.7,121.7,122.1,122.4,122.3,121.9,120.3,120.8,120.2,119.0,117.8,117.3,117.9,119.1,117.4,114.5,113.1,114.2,117.0,119.9,121.2,120.4,119.7,117.5,115.8,115.0,115.5,116.7,118.6,119.7,120.2,120.5,120.5,120.5,118.6,119.1,118.5,117.2,116.0,115.6,116.1,117.4,0.7,2.3,6.4,10.4,12.1,10.7,6.3,2.3,-4.0,-2.0,1.1,5.4,10.0,13.7,16.3,13.3,9.2,5.1,1.3,-1.9,4.8,6.5,8.3,9.0,8.3,6.6,4.8,4.0,51.5,53.0,57.1,61.3,63.3,61.7,57.7,53.2,47.8,50.0,53.2,57.7,62.4,66.4,69.2,66.5,62.8,58.7,54.5,50.7,55.7,57.5,59.3,60.0,59.1,57.3,55.5,54.8,-74.5,-78.8,-80.7,-79.0,-74.8,-70.2,-68.6,-70.3,-72.3,-75.0,-76.7,-77.6,-76.8,-74.8,-71.9,-70.3,-69.6,-69.3,-69.5,-70.4,-72.6,-71.9,-72.7,-74.6,-76.4,-77.2,-76.4,-74.5,-74.2,-78.6,-80.6,-79.1,-75.0,-70.6,-68.6,-69.7,-71.0,-74.1,-76.4,-77.6,-77.0,-75.6,-73.2,-71.2,-70.1,-69.5,-69.5,-69.8,-72.5,-71.8,-72.7,-74.6,-76.4,-77.1,-76.2,-74.3,609.2,609.9,609.4,608.2,606.9,606.4,606.7,607.9,614.1,611.4,608.6,606.7,606.3,606.8,607.6,606.4,605.6,606.1,608.0,610.9,608.8,608.3,608.1,608.3,608.9,609.4,609.6,609.4,586.8,588.0,588.8,588.6,587.7,586.5,585.8,586.0,587.9,586.9,586.0,585.9,587.2,589.5,591.9,588.9,586.4,584.9,585.0,586.3,587.4,587.4,587.7,588.2,588.6,588.7,588.4,587.8,38.0,-41.7,685.1,0.106,0.269,-0.038,285.0,285.7,287.6,289.9,292.8,297.3,303.1,310.2,319.7,330.6,341.4,351.0,358.4,362.7,364.8,365.6,365.9,286.4,290.3,296.8,303.5,309.7,324.1,332.0,340.0,347.8,353.8,317.0,316.3,315.5,314.8,309.3,312.7,316.5,321.0,325.2,294.2,298.0,303.4,308.0,303.3,298.0,330.1,334.4,340.1,344.9,340.6,335.1,305.7,309.4,314.2,317.7,321.8,328.2,334.6,328.9,323.0,318.5,314.6,309.8,307.9,314.4,318.0,322.2,332.0,322.5,318.2,314.6,125.2,136.3,147.3,157.7,167.8,176.5,183.5,188.9,190.4,189.2,184.2,177.0,168.2,157.5,146.1,134.3,122.4,114.9,109.8,108.2,108.7,110.8,110.1,107.1,106.0,107.3,111.7,118.1,125.2,132.3,139.6,146.2,147.5,148.4,147.1,145.6,121.0,117.4,117.2,120.9,122.1,122.5,119.8,115.5,115.5,118.5,120.4,120.6,163.8,159.8,157.6,158.5,157.4,159.2,162.3,167.3,169.5,170.1,169.9,168.2,163.7,161.4,161.5,161.1,162.6,163.9,164.5,164.2,-21.8,-20.6,-17.3,-13.1,-7.7,0.5,10.8,22.7,38.5,57.1,76.3,94.1,107.7,115.4,118.8,120.0,120.4,-18.6,-11.6,-0.4,10.9,21.1,45.0,58.0,71.4,84.6,95.0,33.2,31.6,30.0,28.5,20.3,25.8,31.9,39.2,46.0,-4.8,1.7,10.9,18.7,10.8,1.7,55.4,62.5,71.8,80.0,72.6,63.6,14.7,20.6,28.3,33.9,40.6,51.4,62.6,52.6,42.7,35.5,29.2,21.4,18.4,28.8,34.5,41.5,58.1,41.9,34.8,29.1,-80.0,-59.8,-39.7,-20.6,-2.2,13.4,25.6,34.3,36.4,34.2,26.1,14.0,-1.5,-20.1,-40.2,-60.7,-81.5,-95.0,-102.5,-103.9,-101.5,-97.1,-97.7,-102.6,-104.7,-102.8,-95.9,-84.2,-71.7,-59.5,-47.2,-37.8,-35.4,-33.6,-35.7,-38.2,-83.1,-88.6,-88.4,-81.8,-80.0,-79.8,-82.4,-89.3,-89.3,-84.4,-81.0,-80.8,-8.8,-15.4,-18.7,-17.1,-19.1,-16.2,-11.1,-2.7,0.8,1.8,1.4,-1.4,-9.0,-12.5,-12.3,-13.0,-10.6,-8.4,-7.4,-8.0,745.3,745.7,746.3,746.3,742.1,733.6,720.3,702.7,691.7,692.4,701.6,710.5,715.7,716.9,715.7,713.5,713.5,716.2,706.3,697.1,687.7,680.5,676.2,676.4,678.1,679.7,683.2,676.0,668.9,661.5,654.3,675.0,669.8,666.0,666.1,667.0,706.3,700.5,696.3,693.7,695.9,700.0,683.8,681.7,680.6,682.1,679.7,680.9,693.4,679.3,671.9,669.2,668.0,671.9,679.1,672.8,670.1,671.7,674.6,681.9,689.4,674.0,670.9,670.0,678.0,670.7,672.0,675.1,0.591,0.059,0.239,-0.036,319.858,144.041,-13.961,-8.604,-10.120,13.831,-4.708,2.146,4.323,0.902,11.875,1.397,2.733,2.616,2.592,-1.263,1.905,0.462,2.486,-1.432,-0.338,-0.123,1.826,-0.274,-0.887,0.548,0.484,-0.447,0.434,0.044,0.017,-0.016,0.046,0.007,-0.010,0.082,0.00,0.00,1.27,0.00,0.60,3.47,0.06,0.34,0.00,0.10,0.00,0.48,0.00,0.37,0.52,0.74,0.00,0.00,0.00,1.00,0.00,1.00,1.00,0.00,0.00,0.00,0.00,0.00,1.00,0.00,0.00,0.00,0.00,0.00,0.00
149,0,14.800,0.98,1,-0.094009,0.140518,-0.985605,-0.244791,0.151113,-0.957728,-0.173,0.149,298.9,300.0,302.8,305.5,306.7,305.8,302.9,300.1,295.7,297.1,299.3,302.2,305.3,307.8,309.6,307.6,304.9,302.0,299.4,297.2,301.7,302.9,304.1,304.6,304.1,302.9,301.7,301.2,334.4,335.4,338.1,341.1,342.6,341.7,339.0,335.7,331.8,333.4,335.8,338.9,342.1,344.6,346.3,344.8,342.5,339.8,336.8,333.9,337.3,338.7,339.9,340.3,339.6,338.3,337.1,336.7,121.0,118.2,116.9,117.9,120.6,123.7,124.8,123.8,122.9,121.0,119.6,118.8,119.3,120.6,122.6,123.6,124.0,124.2,124.2,123.9,122.3,122.7,122.1,120.9,119.7,119.2,119.8,121.1,119.0,116.0,114.6,115.6,118.5,121.4,122.8,122.1,121.3,119.1,117.5,116.6,117.0,118.2,120.0,121.1,121.7,122.1,122.1,122.1,120.2,120.7,120.1,118.8,117.5,117.1,117.7,119.0,2.8,4.5,8.5,12.6,14.3,13.0,8.6,4.6,-1.9,0.1,3.3,7.6,12.3,15.9,18.6,15.6,11.6,7.4,3.6,0.3,7.0,8.8,10.6,11.3,10.5,8.7,7.0,6.2,53.2,54.6,58.7,63.0,65.0,63.6,59.6,55.0,49.5,51.7,55.0,59.5,64.2,68.1,70.9,68.3,64.7,60.6,56.4,52.5,57.4,59.3,61.1,61.7,60.8,58.9,57.2,56.5,-71.1,-75.4,-77.3,-75.7,-71.5,-66.8,-65.3,-66.9,-68.9,-71.5,-73.2,-74.1,-73.4,-71.5,-68.7,-67.1,-66.4,-66.0,-66.2,-67.1,-69.2,-68.5,-69.4,-71.3,-73.1,-73.8,-73.0,-71.1,-71.1,-75.5,-77.6,-76.2,-72.0,-67.6,-65.6,-66.6,-67.9,-70.9,-73.2,-74.4,-74.0,-72.7,-70.4,-68.4,-67.2,-66.5,-66.4,-66.7,-69.4,-68.8,-69.7,-71.6,-73.4,-74.1,-73.1,-71.2,604.9,605.5,605.1,604.0,602.8,602.3,602.5,603.7,609.6,607.0,604.2,602.4,602.1,602.7,603.6,602.4,601.5,601.8,603.6,606.5,604.5,604.0,603.9,604.1,604.7,605.2,605.3,605.1,580.1,581.3,582.3,582.4,581.6,580.4,579.5,579.5,581.1,580.1,579.4,579.4,581.0,583.6,586.1,583.1,580.3,578.7,578.5,579.7,581.0,581.0,581.4,582.0,582.3,582.3,581.8,581.3,40.7,-38.9,684.0,0.134,0.234,-0.044,286.1,286.5,288.1,290.1,292.8,297.2,303.3,311.1,321.1,332.3,342.8,352.2,359.5,363.8,365.7,366.5,366.5,287.9,291.6,298.0,304.8,311.2,325.9,333.5,341.4,349.1,354.9,318.7,318.3,317.8,317.3,311.3,314.9,318.9,323.5,327.6,295.6,299.5,304.9,309.7,304.9,299.6,331.7,336.1,341.7,346.5,342.4,336.9,306.7,310.9,316.1,319.9,324.2,330.9,337.5,331.7,325.5,320.7,316.6,311.2,309.1,316.3,320.1,324.6,335.0,324.8,320.3,316.4,126.9,137.4,147.9,158.0,168.0,177.0,184.7,190.9,192.8,191.5,186.1,178.5,169.2,158.3,146.6,134.6,122.5,116.3,111.2,109.5,110.0,112.0,111.0,107.8,106.6,107.9,112.3,119.9,127.1,134.2,141.7,148.0,149.5,150.5,149.1,147.6,122.9,119.4,119.2,122.7,123.9,124.3,121.5,117.2,117.0,119.9,121.9,122.1,165.3,161.5,159.5,160.5,159.3,160.9,163.8,169.8,172.4,172.9,172.6,170.5,165.3,163.3,163.5,163.1,164.2,166.8,167.3,166.9,-19.7,-19.0,-16.2,-12.4,-7.6,0.3,11.1,24.3,41.0,60.0,78.9,96.5,110.0,117.8,120.9,121.8,121.9,-15.9,-9.3,1.6,13.1,23.5,47.7,60.4,73.6,86.6,96.8,35.9,34.8,33.6,32.5,23.6,29.4,35.7,43.2,50.1,-2.4,4.2,13.4,21.4,13.5,4.4,57.9,65.2,74.4,82.6,75.4,66.4,16.6,23.2,31.4,37.5,44.5,55.9,67.6,57.3,46.8,39.1,32.4,23.8,20.4,31.9,38.0,45.2,63.3,45.8,38.4,32.1,-76.1,-57.1,-38.2,-20.0,-1.9,14.3,27.7,37.8,40.5,38.2,29.5,16.6,0.4,-18.9,-39.4,-60.3,-81.5,-91.9,-99.5,-101.1,-99.0,-94.6,-95.7,-101.1,-103.5,-101.6,-94.8,-81.1,-68.5,-56.2,-43.7,-34.6,-32.0,-30.2,-32.5,-35.0,-79.4,-84.8,-84.6,-78.4,-76.5,-76.3,-79.5,-86.3,-86.5,-81.9,-78.4,-78.0,-6.3,-12.5,-15.6,-13.9,-15.9,-13.4,-8.6,1.3,5.5,6.5,6.0,2.5,-6.2,-9.3,-9.0,-9.8,-8.0,-3.7,-2.8,-3.4,737.1,737.6,738.9,740.8,739.0,732.9,721.7,704.6,693.7,694.4,703.8,713.0,718.4,719.7,718.1,715.5,715.0,711.8,702.5,693.5,684.5,678.0,674.1,674.3,676.4,678.4,682.0,673.8,666.9,659.8,652.9,673.9,668.9,665.3,665.8,667.0,703.0,697.2,693.3,691.0,693.1,696.9,681.9,680.0,679.1,680.7,678.4,679.4,694.2,679.3,671.3,668.7,667.4,672.0,680.4,673.8,670.5,672.1,675.0,682.6,690.3,673.7,670.6,669.6,679.3,671.0,672.3,675.5,0.592,0.092,0.194,-0.039,321.475,145.654,-19.698,-16.171,-6.800,16.663,-7.855,-0.081,1.177,0.215,9.373,4.630,1.530,2.577,2.549,-1.554,1.433,0.256,2.857,-0.788,-1.422,0.092,1.408,-0.537,-0.734,0.561,0.173,-0.510,0.413,0.069,0.017,-0.007,0.049,0.008,-0.004,0.102,0.00,0.00,1.25,0.00,0.56,3.30,0.00,0.34,0.00,0.11,0.00,0.37,0.00,0.20,0.79,1.00,0.00,0.00,0.00,1.00,0.00,1.00,1.00,0.00,0.00,0.00,0.00,0.00,1.00,0.00,0.00,0.00,0.00,0.00,0.00
150,0,14.900,0.98,1,-0.095800,0.136939,-0.985936,-0.247616,0.148837,-0.957358,-0.175,0.146,299.6,300.7,303.4,306.1,307.3,306.5,303.5,300.8,296.4,297.7,299.9,302.8,305.9,308.4,310.2,308.2,305.5,302.7,300.1,297.9,302.4,303.6,304.8,305.2,304.7,303.5,302.3,301.9,335.0,335.9,338.7,341.7,343.2,342.3,339.5,336.3,332.3,333.9,336.3,339.5,342.6,345.1,346.9,345.4,343.1,340.3,337.3,334.5,337.9,339.2,340.4,340.8,340.1,338.8,337.6,337.2,122.4,119.5,118.2,119.2,122.0,125.0,126.1,125.1,124.3,122.3,120.9,120.1,120.6,121.9,123.9,124.9,125.3,125.7,125.6,125.3,123.6,124.0,123.5,122.2,121.0,120.6,121.2,122.4,120.2,117.2,115.8,116.8,119.6,122.6,124.0,123.3,122.5,120.3,118.6,117.7,118.2,119.3,121.1,122.3,123.0,123.3,123.4,123.3,121.4,121.9,121.3,119.9,118.7,118.3,118.9,120.2,3.8,5.4,9.5,13.5,15.3,14.0,9.7,5.6,-0.9,1.1,4.3,8.6,13.2,16.9,19.6,16.6,12.6,8.4,4.6,1.3,8.0,9.8,11.5,12.2,11.5,9.7,7.9,7.2,53.9,55.2,59.3,63.6,65.6,64.2,60.2,55.6,50.2,52.3,55.6,60.1,64.8,68.7,71.4,68.9,65.3,61.3,57.0,53.1,58.0,59.9,61.7,62.3,61.4,59.5,57.7,57.1,-69.3,-73.6,-75.5,-73.9,-69.7,-65.1,-63.5,-65.1,-67.0,-69.7,-71.4,-72.4,-71.6,-69.7,-66.9,-65.3,-64.5,-64.1,-64.3,-65.2,-67.4,-66.7,-67.6,-69.5,-71.3,-72.0,-71.2,-69.3,-69.1,-73.5,-75.7,-74.3,-70.2,-65.8,-63.7,-64.7,-66.0,-69.0,-71.3,-72.6,-72.2,-70.9,-68.6,-66.5,-65.3,-64.6,-64.5,-64.7,-67.5,-66.9,-67.8,-69.8,-71.6,-72.2,-71.2,-69.3,606.6,607.2,606.8,605.7,604.5,604.1,604.4,605.5,611.4,608.7,606.0,604.1,603.9,604.5,605.4,604.2,603.3,603.6,605.4,608.3,606.3,605.8,605.7,605.9,606.4,606.9,607.1,606.8,578.4,579.6,580.5,580.7,580.0,578.8,577.9,577.9,579.4,578.4,577.6,577.7,579.3,582.0,584.5,581.5,578.8,577.1,576.9,578.0,579.3,579.4,579.8,580.3,580.6,580.5,580.1,579.6,42.1,-37.9,690.9,0.132,0.237,-0.046,286.9,287.4,289.0,291.1,293.8,298.2,304.3,312.0,321.9,332.8,343.2,352.5,359.7,364.0,366.0,366.9,367.0,288.7,292.3,298.6,305.4,311.8,326.5,334.1,341.9,349.6,355.3,319.4,318.9,318.5,318.0,312.1,315.7,319.6,324.1,328.1,296.3,300.1,305.5,310.2,305.6,300.2,332.2,336.6,342.3,347.0,343.0,337.4,307.7,311.7,316.7,320.4,324.7,331.2,337.5,331.9,325.9,321.2,317.1,312.0,310.0,316.9,320.6,325.0,335.0,325.3,320.8,316.9,128.1,138.5,148.9,158.8,168.7,177.5,184.9,190.8,192.6,191.3,186.1,178.6,169.6,158.8,147.2,135.3,123.3,117.5,112.2,110.4,110.7,112.7,111.6,108.3,107.2,108.6,113.1,121.0,128.1,135.3,142.7,149.1,150.4,151.4,150.1,148.6,124.3,120.7,120.5,124.0,125.4,125.8,122.7,118.4,118.2,121.0,123.1,123.4,166.4,162.5,160.5,161.4,160.2,161.9,164.9,170.4,172.8,173.3,173.0,171.1,166.3,164.3,164.5,164.0,165.2,167.3,167.8,167.4,-18.4,-17.6,-14.7,-10.8,-5.9,2.1,12.9,26.1,42.7,61.6,80.3,97.9,111.4,119.2,122.6,123.7,124.0,-14.6,-8.2,2.8,14.3,24.8,49.2,61.9,75.2,88.3,98.4,37.3,36.3,35.1,34.0,25.2,30.9,37.3,44.6,51.4,-1.2,5.4,14.6,22.7,14.7,5.6,59.4,66.7,76.1,84.3,77.1,68.0,18.4,24.8,32.7,38.8,45.8,56.9,68.1,58.2,48.0,40.3,33.6,25.3,22.2,33.1,39.2,46.5,63.8,46.9,39.6,33.4,-74.6,-55.5,-36.8,-18.6,-0.6,15.3,28.3,38.0,40.5,38.3,29.7,17.0,1.0,-18.2,-38.7,-59.6,-80.9,-90.7,-98.8,-100.7,-98.7,-94.5,-95.8,-101.2,-103.5,-101.4,-94.4,-80.2,-67.5,-55.1,-42.6,-33.3,-30.7,-29.0,-31.2,-33.6,-77.8,-83.3,-83.2,-76.9,-74.9,-74.6,-78.2,-85.2,-85.4,-80.8,-77.0,-76.6,-4.5,-10.9,-14.2,-12.6,-14.5,-11.8,-6.9,2.4,6.2,7.2,6.7,3.5,-4.6,-7.9,-7.5,-8.3,-6.3,-2.9,-2.0,-2.6,743.9,744.2,745.5,747.2,745.4,739.2,727.9,711.2,700.4,701.1,710.2,719.2,724.5,726.0,724.8,722.5,722.2,719.1,710.0,700.7,691.4,684.8,680.7,680.7,682.8,684.9,688.5,680.9,674.2,667.3,660.6,681.2,676.4,672.8,673.1,674.1,710.1,704.2,700.2,697.7,700.0,703.9,688.4,686.5,685.6,687.3,684.9,685.9,699.9,685.9,678.3,675.7,674.4,678.6,686.5,680.3,677.4,679.0,681.9,689.0,695.9,680.7,677.6,676.5,685.3,677.8,679.2,682.4,0.586,0.091,0.196,-0.041,322.066,146.478,-20.064,-17.257,-10.784,16.648,-5.093,-1.206,0.617,-0.660,8.044,5.193,0.559,2.068,3.332,-0.645,1.320,0.457,2.338,-0.524,-1.684,0.045,1.046,-0.034,-0.635,0.219,0.281,-0.624,0.500,0.086,0.058,0.019,0.046,0.019,0.011,0.102,0.00,0.00,1.13,0.00,0.63,3.29,0.02,0.36,0.00,0.11,0.00,0.43,0.00,0.17,0.68,0.77,0.00,0.00,0.00,1.00,0.00,1.00,1.00,0.00,0.00,0.00,0.00,0.00,0.00,0.00,0.00,0.00,0.00,0.00,0.00
151,0,15.000,0.98,1,-0.101568,0.111686,-0.988539,-0.261091,0.118379,-0.958028,-0.184,0.118,298.7,299.8,302.6,305.3,306.4,305.5,302.5,299.8,295.5,296.8,299.0,301.9,305.0,307.5,309.2,307.2,304.5,301.7,299.1,296.9,301.5,302.6,303.8,304.3,303.9,302.7,301.5,301.0,334.1,335.1,337.9,340.9,342.4,341.4,338.6,335.4,331.5,333.1,335.5,338.7,341.8,344.4,346.2,344.6,342.2,339.4,336.4,333.6,337.1,338.4,339.6,340.0,339.4,338.1,336.8,336.4,118.4,115.5,114.3,115.3,118.0,121.1,122.1,121.1,120.3,118.3,116.9,116.2,116.7,118.0,120.0,120.9,121.2,121.5,121.5,121.2,119.6,120.0,119.5,118.3,117.1,116.6,117.2,118.4,116.6,113.6,112.2,113.3,116.1,119.0,120.4,119.6,118.8,116.7,115.0,114.2,114.7,115.8,117.7,118.8,119.3,119.6,119.6,119.6,117.8,118.3,117.7,116.4,115.1,114.7,115.3,116.6,2.5,4.2,8.3,12.4,14.0,12.6,8.2,4.2,-2.3,-0.2,3.0,7.3,11.9,15.6,18.2,15.2,11.2,7.0,3.1,-0.1,6.6,8.4,10.2,10.9,10.2,8.4,6.7,5.9,52.8,54.2,58.3,62.6,64.6,63.1,59.0,54.5,49.1,51.2,54.6,59.1,63.8,67.7,70.5,67.8,64.2,60.1,55.8,51.9,57.0,58.8,60.6,61.3,60.4,58.5,56.7,56.1,-75.5,-79.8,-81.7,-80.0,-75.8,-71.2,-69.7,-71.3,-73.3,-75.9,-77.6,-78.5,-77.7,-75.8,-73.0,-71.4,-70.8,-70.5,-70.7,-71.5,-73.6,-72.9,-73.7,-75.6,-77.5,-78.2,-77.4,-75.5,-74.5,-78.9,-80.9,-79.5,-75.3,-71.0,-68.9,-70.0,-71.4,-74.3,-76.6,-77.7,-77.3,-75.9,-73.6,-71.7,-70.6,-70.0,-69.9,-70.1,-72.8,-72.1,-73.0,-75.0,-76.8,-77.4,-76.5,-74.6,608.7,609.4,609.1,608.0,606.6,606.0,606.2,607.3,613.4,610.8,608.1,606.3,606.0,606.6,607.4,606.1,605.1,605.5,607.3,610.2,608.3,607.8,607.6,608.0,608.6,609.1,609.2,608.9,579.6,580.9,581.8,581.8,580.9,579.6,578.7,578.9,580.6,579.6,578.9,578.8,580.3,582.8,585.2,582.2,579.5,577.9,577.9,579.1,580.4,580.4,580.7,581.3,581.7,581.7,581.3,580.8,40.0,-44.4,689.2,0.088,0.253,-0.028,286.0,286.4,287.9,290.0,292.8,297.3,303.3,310.5,320.1,331.0,341.6,351.2,358.7,363.3,365.5,366.5,366.9,287.6,291.4,297.8,304.5,310.8,325.7,333.4,341.4,349.2,355.1,318.4,317.7,317.0,316.3,310.2,313.9,317.9,322.5,326.8,295.4,299.3,304.7,309.3,304.6,299.2,331.3,335.9,341.5,346.3,342.0,336.5,305.6,309.8,314.9,318.7,323.2,329.9,336.8,330.6,324.2,319.3,315.1,310.0,307.9,315.1,318.9,323.5,334.2,323.7,319.0,315.1,124.8,135.6,146.3,156.5,166.3,174.8,181.7,186.9,188.4,187.3,182.7,176.0,167.4,156.9,145.5,133.7,121.8,114.2,108.8,106.9,107.3,109.3,108.5,105.4,104.4,105.8,110.4,117.0,124.0,131.0,138.2,144.6,146.0,146.9,145.6,144.2,120.3,116.8,116.6,120.1,121.2,121.6,119.0,114.8,114.7,117.6,119.4,119.6,161.5,157.6,155.6,156.5,155.3,157.1,160.1,165.4,167.7,168.2,168.0,166.1,161.4,159.4,159.5,159.1,160.4,162.1,162.7,162.4,-20.1,-19.4,-16.6,-12.9,-7.6,0.6,11.1,23.4,39.3,57.9,77.1,95.0,109.1,117.5,121.2,122.8,123.7,-16.6,-9.8,1.3,12.7,23.2,47.9,60.9,74.4,87.8,98.2,35.7,34.2,32.7,31.2,22.0,27.8,34.3,41.9,49.0,-2.9,4.0,13.2,21.1,13.0,3.8,57.9,65.5,74.8,83.1,75.6,66.4,14.8,21.5,29.7,35.8,43.1,54.6,66.7,55.7,44.8,36.9,30.1,21.8,18.6,30.1,36.2,43.8,62.2,44.1,36.5,30.2,-81.0,-61.2,-41.7,-22.9,-4.9,10.4,22.5,31.0,33.1,31.2,23.6,12.2,-2.8,-21.4,-41.6,-62.4,-83.6,-97.0,-105.1,-106.9,-104.8,-100.3,-101.1,-106.2,-108.3,-106.2,-99.0,-86.8,-74.3,-62.1,-49.8,-40.6,-38.1,-36.3,-38.4,-40.8,-85.0,-90.3,-90.1,-83.7,-82.0,-81.8,-84.4,-91.3,-91.3,-86.6,-83.2,-83.0,-12.9,-19.1,-22.2,-20.6,-22.5,-19.7,-14.9,-6.0,-2.2,-1.3,-1.7,-4.9,-12.9,-16.0,-15.6,-16.4,-14.3,-11.3,-10.4,-11.0,748.3,747.6,747.7,748.0,744.6,736.8,723.7,705.8,694.8,695.6,705.6,715.3,721.0,722.9,722.3,721.0,722.0,721.5,712.2,702.9,693.3,685.9,681.3,681.8,683.9,686.0,689.4,681.1,673.8,666.2,658.8,679.5,674.1,670.1,670.6,671.8,711.3,705.5,701.5,698.7,700.7,704.7,688.8,687.2,686.1,687.4,684.9,686.0,699.2,684.3,675.9,673.0,671.8,676.2,684.4,677.0,673.2,674.8,678.0,686.5,695.2,678.0,674.7,673.6,683.3,674.3,675.7,679.1,0.587,0.038,0.218,-0.025,320.857,142.630,-13.295,-13.896,-5.399,11.242,-4.126,2.402,0.399,1.186,8.165,3.098,1.425,2.573,3.440,-0.376,1.398,1.051,2.545,-0.793,-1.061,-0.149,1.488,-0.881,-0.620,0.158,0.642,-0.491,0.212,0.031,-0.013,-0.038,0.106,-0.019,-0.034,0.102,0.00,0.00,1.08,0.00,0.63,3.32,0.06,0.28,0.00,0.01,0.00,0.26,0.00,0.22,0.30,0.26,0.00,0.00,0.00,1.00,0.00,1.00,1.00,0.00,0.00,0.00,0.00,0.00,0.00,0.00,0.00,0.00,0.00,0.00,0.00
152,0,15.100,0.98,1,-0.102772,0.120837,-0.987338,-0.258642,0.127846,-0.957476,-0.184,0.127,298.7,299.9,302.6,305.3,306.4,305.5,302.6,299.9,295.6,296.9,299.1,302.0,305.1,307.5,309.2,307.3,304.5,301.7,299.2,297.0,301.5,302.7,303.9,304.4,303.9,302.7,301.5,301.0,333.9,334.8,337.6,340.6,342.1,341.1,338.4,335.2,331.2,332.8,335.2,338.4,341.6,344.1,345.8,344.3,341.9,339.2,336.2,333.3,336.8,338.1,339.3,339.7,339.1,337.8,336.6,336.2,117.7,114.9,113.6,114.6,117.3,120.3,121.4,120.4,119.5,117.6,116.2,115.5,116.0,117.3,119.3,120.2,120.5,120.8,120.8,120.4,118.9,119.3,118.8,117.6,116.4,115.9,116.5,117.7,115.9,112.9,111.6,112.6,115.4,118.4,119.7,119.0,118.2,116.0,114.4,113.5,114.0,115.2,117.0,118.1,118.6,118.9,119.0,118.9,117.2,117.6,117.0,115.7,114.5,114.0,114.6,115.9,2.6,4.3,8.4,12.5,14.1,12.8,8.3,4.3,-2.2,-0.1,3.1,7.4,12.0,15.7,18.3,15.3,11.3,7.1,3.2,0.0,6.7,8.5,10.3,11.0,10.3,8.5,6.8,6.0,52.6,54.1,58.1,62.4,64.4,62.9,58.9,54.3,48.9,51.1,54.4,58.9,63.6,67.5,70.3,67.7,64.0,59.9,55.7,51.8,56.8,58.7,60.4,61.1,60.2,58.3,56.6,55.9,-77.1,-81.5,-83.3,-81.6,-77.4,-72.8,-71.3,-72.9,-74.9,-77.5,-79.2,-80.1,-79.3,-77.4,-74.6,-73.0,-72.4,-72.1,-72.3,-73.2,-75.3,-74.5,-75.3,-77.2,-79.1,-79.8,-79.0,-77.1,-75.7,-80.1,-82.2,-80.7,-76.6,-72.2,-70.1,-71.2,-72.6,-75.5,-77.8,-78.9,-78.5,-77.2,-74.9,-72.9,-71.8,-71.2,-71.1,-71.3,-74.0,-73.4,-74.3,-76.2,-78.0,-78.6,-77.7,-75.8,613.2,613.9,613.6,612.4,611.1,610.6,610.7,611.9,617.9,615.3,612.6,610.8,610.5,611.1,611.9,610.6,609.7,610.1,611.9,614.8,612.8,612.3,612.2,612.5,613.1,613.6,613.7,613.4,581.6,582.9,583.8,583.8,583.0,581.7,580.8,581.0,582.6,581.6,580.9,580.9,582.4,584.9,587.4,584.3,581.6,580.0,579.9,581.1,582.4,582.4,582.8,583.4,583.7,583.7,583.3,582.8,39.7,-46.0,691.9,0.097,0.250,-0.021,286.3,286.4,287.7,289.6,292.2,296.5,302.4,309.7,319.4,330.2,340.8,350.5,358.3,363.0,365.3,366.4,366.9,288.0,291.8,298.1,304.8,311.1,325.1,332.9,340.9,348.7,354.7,318.1,317.5,316.8,316.0,310.0,313.6,317.6,322.3,326.5,295.4,299.3,304.7,309.3,304.6,299.3,331.1,335.6,341.2,346.0,341.8,336.3,305.5,309.7,314.7,318.4,322.9,329.6,336.4,330.2,323.9,319.1,314.9,309.8,307.8,314.8,318.6,323.2,333.9,323.3,318.8,314.9,123.7,134.1,144.6,154.6,164.3,172.9,180.1,185.7,187.4,186.5,182.0,175.4,166.9,156.4,144.9,132.9,120.9,113.0,107.6,105.9,106.3,108.4,107.5,104.3,103.2,104.8,109.5,116.3,123.3,130.2,137.4,143.8,145.2,146.2,144.9,143.5,119.5,116.1,115.9,119.4,120.5,120.9,118.3,114.1,114.0,116.9,118.7,119.0,160.7,156.8,154.9,155.8,154.6,156.4,159.4,164.6,166.8,167.3,167.1,165.2,160.6,158.7,158.8,158.4,159.7,161.4,161.9,161.5,-19.7,-19.5,-17.1,-13.6,-8.8,-0.9,9.6,22.1,38.3,56.9,76.1,94.3,108.8,117.6,121.6,123.3,124.2,-15.9,-9.2,1.9,13.4,23.7,47.1,60.1,73.7,87.2,97.7,35.4,33.9,32.4,30.9,21.8,27.6,34.0,41.7,48.9,-2.7,4.0,13.2,21.2,13.1,4.0,57.7,65.2,74.6,82.8,75.4,66.2,14.6,21.3,29.4,35.5,42.8,54.2,66.4,55.3,44.5,36.7,29.9,21.7,18.4,29.8,35.9,43.4,62.0,43.7,36.2,29.9,-83.1,-63.9,-44.8,-26.5,-8.5,7.2,19.7,29.0,31.5,29.9,22.6,11.3,-3.7,-22.4,-42.9,-64.1,-85.5,-99.3,-107.4,-109.1,-106.9,-102.3,-103.1,-108.5,-110.6,-108.3,-100.8,-88.3,-75.8,-63.6,-51.3,-42.1,-39.5,-37.7,-39.8,-42.1,-86.6,-91.9,-91.6,-85.3,-83.6,-83.4,-85.8,-92.7,-92.7,-88.0,-84.6,-84.3,-14.3,-20.5,-23.5,-21.9,-23.7,-21.0,-16.1,-7.3,-3.6,-2.8,-3.2,-6.3,-14.3,-17.2,-16.9,-17.6,-15.6,-12.6,-11.8,-12.5,748.9,748.2,748.5,749.5,747.0,739.9,727.3,709.5,698.5,699.2,708.8,718.7,724.7,726.9,726.4,724.9,725.5,723.9,714.6,705.2,695.6,688.5,683.6,683.7,685.9,687.9,691.2,683.8,676.6,669.1,661.9,682.4,677.1,673.2,673.8,675.0,714.2,708.3,704.2,701.3,703.6,707.5,690.9,689.2,688.2,689.5,687.1,688.2,701.7,686.8,678.6,675.7,674.4,678.7,687.0,679.6,675.9,677.5,680.7,689.1,697.7,680.7,677.4,676.2,685.9,676.9,678.4,681.8,0.585,0.045,0.213,-0.018,320.603,141.746,-13.410,-19.128,-6.893,12.856,-5.623,1.618,1.032,1.426,6.822,4.266,0.739,2.277,2.517,-0.510,0.757,1.093,1.936,-1.058,-0.856,0.247,1.676,-0.571,-0.466,0.118,0.507,-0.543,0.283,0.009,-0.011,-0.044,0.100,-0.010,-0.024,0.089,0.00,0.00,1.11,0.00,0.66,3.54,0.17,0.27,0.00,0.00,0.00,0.20,0.00,0.40,0.03,0.00,0.00,0.00,0.00,1.00,0.00,1.00,1.00,0.00,0.00,0.00,0.00,0.00,0.00,0.00,0.00,0.00,0.00,0.00,0.00
153,0,15.200,0.98,1,-0.105366,0.113081,-0.987983,-0.261434,0.117748,-0.958013,-0.186,0.118,298.7,299.8,302.5,305.2,306.4,305.5,302.5,299.8,295.5,296.9,299.0,301.9,305.0,307.4,309.2,307.2,304.5,301.7,299.1,297.0,301.4,302.6,303.8,304.3,303.8,302.6,301.5,301.0,333.8,334.7,337.5,340.5,341.9,340.9,338.2,335.0,331.1,332.7,335.1,338.2,341.4,343.9,345.7,344.1,341.7,339.0,336.0,333.2,336.6,337.9,339.1,339.6,338.9,337.6,336.4,336.0,116.4,113.6,112.4,113.4,116.1,119.1,120.2,119.1,118.3,116.3,115.0,114.2,114.7,116.1,118.1,119.0,119.4,119.6,119.6,119.2,117.7,118.1,117.5,116.3,115.1,114.7,115.2,116.5,114.8,111.8,110.5,111.6,114.4,117.3,118.7,117.9,117.0,114.9,113.2,112.4,112.9,114.1,116.0,117.1,117.6,117.9,117.9,117.8,116.1,116.5,115.9,114.7,113.4,113.0,113.5,114.8,2.6,4.3,8.3,12.4,14.0,12.7,8.3,4.2,-2.2,-0.2,3.1,7.4,12.0,15.6,18.2,15.2,11.2,7.0,3.2,-0.0,6.7,8.5,10.2,11.0,10.3,8.5,6.7,6.0,52.5,54.0,58.1,62.4,64.3,62.8,58.7,54.2,48.8,51.0,54.3,58.8,63.5,67.4,70.2,67.5,63.9,59.8,55.5,51.6,56.7,58.5,60.3,61.0,60.1,58.3,56.5,55.8,-79.1,-83.4,-85.2,-83.5,-79.3,-74.7,-73.2,-74.8,-76.9,-79.5,-81.2,-82.1,-81.3,-79.3,-76.4,-74.9,-74.2,-73.9,-74.1,-75.0,-77.2,-76.4,-77.2,-79.1,-81.0,-81.7,-80.9,-79.0,-77.5,-81.8,-83.9,-82.4,-78.2,-73.8,-71.8,-73.0,-74.4,-77.3,-79.6,-80.7,-80.2,-78.8,-76.5,-74.5,-73.4,-72.8,-72.8,-73.1,-75.7,-75.1,-76.0,-77.9,-79.7,-80.4,-79.5,-77.5,613.6,614.2,613.9,612.7,611.4,610.9,611.1,612.3,618.4,615.7,613.0,611.1,610.8,611.4,612.2,610.9,610.0,610.4,612.3,615.2,613.2,612.7,612.5,612.8,613.4,613.9,614.0,613.7,583.0,584.3,585.1,585.1,584.3,583.1,582.2,582.4,584.1,583.1,582.3,582.3,583.7,586.2,588.7,585.6,583.0,581.4,581.3,582.6,583.8,583.8,584.2,584.7,585.1,585.1,584.7,584.2,39.3,-48.4,694.3,0.083,0.248,-0.009,286.2,286.2,287.3,289.1,291.6,295.8,301.6,308.9,318.5,329.3,340.0,350.0,357.9,362.9,365.3,366.5,367.0,288.0,291.8,298.2,305.0,311.1,324.9,332.7,340.7,348.7,354.7,317.9,317.2,316.4,315.6,309.8,313.3,317.2,321.8,326.0,295.5,299.3,304.6,309.2,304.5,299.2,330.9,335.5,341.0,345.8,341.6,336.1,305.5,309.7,314.6,318.0,322.2,328.6,335.4,329.1,323.0,318.5,314.6,309.9,307.7,314.6,318.2,322.4,332.8,322.4,318.2,314.6,122.6,132.8,143.1,153.1,162.7,171.2,178.1,183.5,185.3,184.6,180.7,174.6,166.4,156.1,144.5,132.4,120.3,111.9,106.6,104.9,105.4,107.5,106.6,103.5,102.5,104.1,108.9,115.1,122.0,128.9,136.0,142.6,143.9,144.8,143.7,142.4,118.3,114.8,114.6,118.2,119.4,119.7,117.2,113.0,112.9,115.9,117.8,118.0,159.4,155.9,154.0,154.9,153.8,155.6,158.4,162.6,164.3,164.7,164.5,163.1,159.4,157.7,157.8,157.4,158.6,159.1,159.5,159.1,-20.0,-20.0,-17.8,-14.5,-9.9,-2.2,8.2,20.7,36.8,55.5,75.0,93.7,108.8,118.1,122.4,124.1,125.1,-16.0,-9.1,2.1,13.6,24.0,46.9,60.1,73.9,87.5,98.2,35.2,33.7,32.0,30.3,21.5,27.2,33.5,41.1,48.1,-2.7,4.0,13.2,21.1,13.1,3.9,57.8,65.3,74.7,82.9,75.4,66.3,14.6,21.5,29.3,35.0,41.8,52.8,64.8,53.5,43.1,35.7,29.5,21.7,18.4,29.5,35.3,42.3,60.3,42.3,35.3,29.4,-85.7,-66.6,-47.7,-29.4,-11.6,3.9,16.2,25.3,28.0,26.8,20.4,9.9,-4.6,-23.2,-43.9,-65.4,-87.1,-101.8,-109.8,-111.3,-108.9,-104.3,-105.0,-110.3,-112.3,-110.0,-102.3,-90.7,-78.3,-66.1,-53.8,-44.4,-41.8,-40.0,-42.0,-44.2,-89.3,-94.6,-94.3,-87.8,-86.0,-85.9,-88.2,-95.1,-95.0,-90.1,-86.7,-86.5,-16.5,-22.1,-25.1,-23.5,-25.3,-22.4,-17.9,-10.6,-7.8,-7.1,-7.6,-10.0,-16.5,-19.0,-18.6,-19.2,-17.6,-16.5,-15.9,-16.5,753.1,752.0,752.0,752.7,749.9,742.2,729.1,711.0,699.9,700.8,711.1,721.6,728.5,731.3,731.2,729.3,729.6,727.9,718.4,709.0,699.4,692.0,687.0,687.1,689.3,691.2,694.5,687.2,679.7,672.0,664.5,684.9,679.7,675.9,676.5,677.7,718.0,712.1,707.8,705.0,707.1,711.2,694.3,692.7,691.7,693.1,690.5,691.6,703.1,688.6,681.1,678.4,677.1,681.2,689.0,681.0,677.3,678.9,681.9,690.2,698.8,682.9,679.8,678.7,687.6,678.5,679.9,683.2,0.583,0.028,0.212,-0.007,320.268,140.478,-6.994,-20.944,-11.689,12.122,-5.660,4.328,1.560,1.287,7.926,3.882,0.791,2.492,1.962,-1.633,0.653,1.194,2.056,-1.228,-0.751,0.497,1.657,-0.631,-0.417,0.439,0.494,-0.575,0.201,-0.008,-0.033,-0.047,0.064,-0.008,-0.016,0.088,0.00,0.00,1.00,0.00,0.60,3.39,0.15,0.25,0.00,0.00,0.00,0.08,0.05,0.33,0.11,0.00,0.44,0.00,0.00,1.00,0.00,1.00,1.00,0.00,0.00,0.00,0.00,0.00,0.00,0.00,0.00,0.00,0.00,0.00,0.00
154,0,15.300,0.98,1,-0.138907,0.117532,-0.983306,-0.289347,0.117491,-0.949987,-0.218,0.121,298.8,299.9,302.5,305.0,306.0,305.2,302.4,299.9,295.9,297.1,299.1,301.8,304.7,307.0,308.6,306.8,304.2,301.6,299.2,297.2,301.4,302.5,303.6,304.1,303.7,302.5,301.4,301.0,332.3,333.4,336.2,339.0,340.2,339.1,336.4,333.4,329.7,331.3,333.7,336.7,339.8,342.2,343.9,342.2,339.9,337.1,334.3,331.7,335.1,336.3,337.5,338.0,337.4,336.2,335.0,334.5,113.6,110.9,109.8,110.7,113.3,116.1,117.1,116.1,115.3,113.5,112.3,111.6,112.1,113.3,115.0,115.9,116.2,116.5,116.4,116.1,114.7,115.1,114.6,113.5,112.4,111.9,112.5,113.6,112.5,109.7,108.5,109.6,112.4,115.2,116.4,115.5,114.5,112.6,111.2,110.6,111.2,112.3,114.0,115.0,115.4,115.5,115.4,115.3,113.8,114.3,113.8,112.6,111.4,110.9,111.4,112.6,3.0,4.7,8.8,12.8,14.5,13.1,8.7,4.6,-1.8,0.2,3.4,7.7,12.4,16.0,18.7,15.7,11.6,7.4,3.5,0.4,7.1,8.9,10.7,11.4,10.7,8.9,7.1,6.4,53.0,54.7,58.9,63.1,64.8,63.1,58.9,54.4,49.2,51.5,54.9,59.4,64.1,68.0,70.8,68.0,64.2,60.0,55.7,51.9,57.1,58.9,60.8,61.5,60.8,58.9,57.1,56.3,-89.2,-93.5,-95.3,-93.6,-89.4,-84.7,-83.2,-84.9,-87.1,-89.5,-91.1,-91.9,-91.2,-89.3,-86.6,-85.0,-84.4,-84.1,-84.4,-85.3,-87.2,-86.5,-87.3,-89.2,-91.1,-91.8,-91.0,-89.1,-84.7,-89.0,-90.9,-89.2,-84.9,-80.6,-78.7,-80.1,-81.9,-84.6,-86.5,-87.3,-86.7,-85.3,-83.1,-81.3,-80.3,-79.9,-80.0,-80.5,-82.8,-82.0,-82.8,-84.7,-86.6,-87.4,-86.6,-84.7,656.3,657.0,656.6,655.4,654.1,653.6,653.8,655.0,661.1,658.4,655.7,653.8,653.5,654.0,654.9,653.6,652.7,653.1,655.0,657.9,655.9,655.4,655.2,655.5,656.1,656.6,656.8,656.5,611.7,612.7,613.4,613.2,612.3,611.2,610.6,610.9,612.9,611.7,610.7,610.5,611.7,614.1,616.5,613.6,611.1,609.7,609.8,611.3,612.2,612.2,612.5,612.9,613.3,613.4,613.1,612.6,36.9,-54.1,691.4,0.037,0.296,0.019,286.9,286.4,287.1,288.7,291.0,295.1,300.4,307.2,316.7,327.8,338.9,349.2,357.2,362.3,364.9,366.3,367.2,289.2,292.6,298.8,305.4,311.3,323.3,331.1,339.4,347.4,353.1,317.0,315.8,314.6,313.4,307.9,311.4,315.1,319.7,324.1,295.8,299.5,304.4,308.7,304.2,299.3,329.5,334.1,339.4,344.1,339.7,334.4,303.7,307.7,312.3,315.7,319.8,326.2,333.3,326.5,320.3,315.9,312.2,307.7,305.9,312.4,315.8,320.0,330.6,320.0,315.8,312.3,119.2,129.6,140.2,150.6,160.3,168.7,175.3,180.5,182.3,181.9,178.4,172.8,164.8,154.6,143.0,131.0,119.1,108.1,102.0,99.7,100.1,102.5,101.8,98.8,98.3,100.6,106.2,111.5,117.9,124.1,130.7,138.2,139.4,140.4,139.3,138.3,115.3,112.1,112.0,115.1,116.3,116.6,114.5,111.0,111.2,114.0,115.4,115.5,155.4,151.5,149.5,150.4,149.4,151.5,154.9,159.0,160.4,160.7,160.5,159.1,155.3,153.2,153.4,153.1,154.9,155.4,155.7,155.4,-18.7,-19.7,-18.3,-15.4,-10.9,-3.5,6.0,17.6,33.6,52.4,72.3,91.1,106.0,115.6,120.3,122.6,124.5,-14.0,-7.7,3.1,14.4,24.3,44.1,57.2,71.5,85.1,95.0,33.6,31.3,29.0,26.6,18.3,23.9,29.9,37.5,44.7,-2.2,4.3,12.8,20.2,12.5,4.0,55.1,62.7,71.5,79.4,71.9,63.2,11.5,17.9,25.3,30.8,37.5,48.4,60.8,48.8,38.3,31.1,25.1,17.9,15.1,25.5,31.1,37.9,56.2,37.9,31.1,25.4,-92.3,-72.8,-53.2,-34.1,-16.0,-0.6,11.2,19.9,22.7,21.9,16.2,6.6,-7.4,-25.4,-46.0,-67.2,-88.6,-108.9,-118.3,-120.6,-118.2,-112.8,-112.9,-117.9,-119.1,-115.3,-106.3,-96.8,-85.0,-73.7,-62.2,-51.5,-49.1,-47.2,-49.0,-50.8,-94.5,-99.2,-98.7,-93.0,-91.3,-91.3,-92.3,-98.0,-97.5,-92.9,-90.1,-90.2,-23.3,-29.3,-32.4,-30.7,-32.2,-29.0,-23.7,-16.6,-14.1,-13.6,-14.2,-16.6,-23.4,-26.2,-25.7,-26.2,-23.6,-22.4,-22.0,-22.7,756.8,754.9,753.9,753.3,748.1,738.3,723.0,704.4,694.2,694.7,703.9,713.1,718.8,721.9,722.5,722.1,723.8,729.2,720.6,710.6,700.2,692.3,685.5,685.1,687.1,688.5,690.7,686.8,678.9,670.8,662.9,682.5,677.4,673.1,673.4,674.4,717.6,711.6,707.2,703.8,706.3,710.4,691.4,689.7,688.2,689.0,686.9,688.3,698.7,683.9,676.5,673.6,672.2,675.4,683.3,675.0,671.5,673.0,676.0,684.6,694.5,677.9,674.7,673.4,682.0,673.4,674.7,678.1,0.586,-0.027,0.269,0.018,318.981,137.028,-5.121,-16.237,-11.866,11.193,-7.509,0.859,6.409,1.815,1.547,4.841,-4.622,-0.462,-0.158,-3.124,-1.362,0.620,-0.686,-3.026,-1.681,0.292,2.102,-0.542,0.292,-0.153,0.087,-0.363,0.023,-0.002,-0.109,-0.030,0.022,-0.014,-0.055,0.055,0.00,0.00,0.99,0.00,0.56,3.36,0.19,0.30,0.00,0.00,0.00,0.03,0.06,0.22,0.59,0.18,0.69,0.00,0.00,1.00,0.00,1.00,1.00,0.00,0.00,0.00,0.00,0.00,0.00,0.00,0.00,0.00,0.00,0.00,0.00
155,0,15.400,0.98,1,-0.174923,0.118762,-0.977393,-0.323653,0.118383,-0.938741,-0.255,0.123,298.4,299.6,302.2,304.8,305.7,304.8,301.9,299.4,295.5,296.7,298.8,301.5,304.5,306.8,308.4,306.4,303.8,301.1,298.7,296.7,301.0,302.1,303.3,303.8,303.4,302.3,301.1,300.6,332.2,333.3,336.1,339.0,340.2,339.1,336.3,333.2,329.5,331.1,333.5,336.6,339.8,342.3,344.0,342.3,339.9,337.1,334.2,331.5,335.0,336.2,337.5,337.9,337.4,336.1,334.9,334.4,109.9,107.3,106.1,107.2,109.8,112.7,113.6,112.5,111.7,109.7,108.4,107.7,108.3,109.8,111.8,112.7,112.9,113.1,113.0,112.6,111.2,111.6,111.1,110.0,108.8,108.4,108.9,110.0,109.4,106.6,105.4,106.6,109.4,112.2,113.4,112.5,111.6,109.5,107.9,107.2,107.9,109.2,111.2,112.2,112.6,112.8,112.6,112.4,110.8,111.3,110.8,109.6,108.3,107.8,108.3,109.6,2.2,4.1,8.2,12.1,13.5,12.0,7.6,3.7,-2.4,-0.4,2.8,7.0,11.6,15.1,17.6,14.6,10.5,6.3,2.6,-0.4,6.2,8.0,9.7,10.6,9.9,8.2,6.4,5.6,51.1,52.8,57.0,61.1,62.8,61.1,56.9,52.5,47.3,49.5,52.9,57.4,62.1,66.0,68.8,65.9,62.1,58.0,53.8,50.0,55.1,57.0,58.8,59.6,58.8,57.0,55.2,54.4,-91.9,-96.2,-97.9,-96.0,-91.8,-87.2,-85.9,-87.7,-89.9,-92.6,-94.2,-95.0,-94.0,-91.8,-88.7,-87.2,-86.7,-86.5,-86.9,-87.9,-89.9,-89.1,-89.9,-91.7,-93.6,-94.4,-93.6,-91.8,-86.5,-90.8,-92.6,-90.9,-86.6,-82.3,-80.5,-81.9,-83.5,-86.5,-88.6,-89.5,-88.8,-87.2,-84.6,-82.7,-81.7,-81.4,-81.5,-82.0,-84.5,-83.8,-84.6,-86.5,-88.3,-89.1,-88.3,-86.4,635.0,635.7,635.2,633.8,632.4,631.8,632.2,633.6,639.9,637.3,634.4,632.4,631.9,632.2,632.9,631.7,631.0,631.6,633.6,636.6,634.4,633.8,633.6,633.9,634.5,635.1,635.3,635.0,592.4,593.6,594.2,594.0,593.0,591.8,591.1,591.5,593.6,592.5,591.6,591.3,592.5,594.8,597.1,594.1,591.6,590.3,590.4,591.9,592.9,592.8,593.1,593.6,594.0,594.2,593.9,593.3,34.9,-55.2,672.5,0.068,0.357,0.027,287.5,286.9,287.7,289.3,291.4,295.1,300.1,306.6,315.9,327.0,338.4,348.9,357.2,362.5,365.2,366.8,367.7,289.1,292.8,298.8,305.1,310.8,323.3,331.1,339.5,347.3,352.9,316.4,314.9,313.5,311.9,307.0,310.2,313.8,318.4,322.7,295.4,299.0,304.1,308.4,303.9,298.8,329.3,333.9,339.4,344.1,339.7,334.3,302.7,305.8,310.6,314.1,318.3,325.5,332.7,326.0,319.2,314.6,310.7,305.9,304.9,310.8,314.2,318.5,330.0,318.9,314.6,310.9,115.7,126.6,137.7,148.4,158.7,167.9,175.5,181.5,183.7,183.1,179.1,172.8,164.3,153.6,141.6,129.1,116.6,103.8,98.0,96.1,96.6,99.2,98.8,95.7,95.3,97.7,103.2,108.4,114.9,121.3,128.1,136.0,137.2,138.2,137.3,136.2,111.7,108.2,108.2,111.9,113.0,113.1,111.7,107.7,107.8,111.1,112.7,112.7,154.6,149.6,147.3,148.4,147.4,150.0,154.5,160.7,163.0,163.3,162.9,160.4,154.5,151.4,151.7,151.5,154.6,157.5,157.7,157.2,-17.0,-18.2,-16.8,-13.8,-9.9,-3.3,5.3,16.1,31.3,49.5,68.9,87.3,101.7,110.9,115.6,118.1,119.9,-13.7,-7.2,3.0,13.5,22.7,42.8,55.3,68.9,81.6,90.8,31.6,28.9,26.2,23.5,16.2,21.3,26.9,34.2,41.1,-2.8,3.5,12.0,19.0,11.5,3.0,52.9,60.1,68.9,76.6,69.2,60.6,9.5,14.4,21.9,27.3,34.0,45.6,57.7,46.5,35.5,28.3,22.1,14.6,13.1,22.2,27.6,34.4,53.4,35.2,28.3,22.5,-96.0,-76.2,-56.3,-36.9,-18.3,-2.0,11.1,21.0,24.2,23.3,16.9,6.5,-8.0,-26.1,-46.5,-67.5,-88.7,-112.8,-121.5,-123.0,-120.3,-114.7,-114.1,-118.8,-119.5,-115.7,-106.9,-98.7,-87.1,-75.9,-64.4,-53.6,-51.1,-49.2,-50.7,-52.3,-97.7,-102.9,-102.1,-95.4,-94.0,-94.4,-93.7,-99.9,-99.4,-94.0,-91.3,-91.5,-24.0,-31.5,-34.9,-33.0,-34.4,-30.4,-23.5,-13.3,-9.6,-9.1,-9.9,-14.0,-24.0,-28.4,-27.8,-28.0,-23.3,-18.5,-18.1,-19.1,734.7,733.6,732.9,732.4,727.5,718.0,704.1,685.7,674.3,672.7,679.3,686.0,689.6,691.3,691.0,690.5,691.6,706.5,698.3,688.5,678.1,670.7,663.2,661.6,661.9,661.9,662.9,664.1,656.9,649.7,642.4,662.1,656.8,652.4,651.8,652.0,696.5,690.4,685.5,681.7,685.0,689.6,667.4,665.0,662.9,663.1,661.6,663.7,680.4,665.0,656.3,652.9,651.0,653.4,660.3,654.8,653.0,655.4,658.9,667.6,676.4,658.0,654.3,652.4,660.0,654.5,656.6,660.3,0.605,-0.004,0.339,0.028,318.428,135.384,-25.024,-13.917,-5.347,14.657,-7.391,-5.779,9.616,3.367,5.187,4.574,-2.708,-0.617,-0.089,-2.739,-2.226,1.038,1.576,-1.691,-1.436,0.900,1.232,0.255,-0.366,0.746,0.135,-0.937,0.312,0.089,-0.014,-0.018,0.047,-0.008,-0.000,0.047,0.00,0.00,0.96,0.00,0.52,3.20,0.10,0.41,0.00,0.00,0.08,0.11,0.15,0.04,1.08,0.57,0.84,0.00,0.00,1.00,0.00,1.00,1.00,0.00,0.00,0.00,0.00,0.00,0.00,1.00,0.00,1.00,0.00,0.00,0.00
156,0,15.500,0.98,1,-0.182578,0.126077,-0.975074,-0.329430,0.123683,-0.936044,-0.262,0.130,298.9,300.1,302.8,305.3,306.2,305.2,302.3,299.8,296.0,297.2,299.3,302.1,305.0,307.3,308.9,306.9,304.2,301.5,299.1,297.2,301.5,302.6,303.7,304.3,303.9,302.8,301.6,301.1,333.0,334.2,337.0,339.9,341.1,339.9,337.1,334.0,330.3,331.9,334.3,337.5,340.6,343.1,344.8,343.1,340.7,337.9,335.0,332.3,335.8,337.0,338.3,338.8,338.2,337.0,335.7,335.2,108.5,105.8,104.8,105.9,108.5,111.4,112.3,111.2,110.2,108.2,106.9,106.3,107.0,108.5,110.7,111.5,111.7,111.9,111.7,111.2,109.8,110.3,109.8,108.7,107.5,107.0,107.5,108.7,108.7,105.9,104.7,105.9,108.7,111.5,112.7,111.7,110.8,108.7,107.1,106.4,107.1,108.5,110.6,111.6,112.0,112.1,112.0,111.7,110.1,110.6,110.1,108.9,107.6,107.1,107.6,108.8,2.9,4.9,9.0,12.8,14.2,12.6,8.2,4.3,-1.6,0.4,3.5,7.8,12.3,15.8,18.2,15.1,11.0,6.9,3.2,0.3,6.9,8.6,10.4,11.2,10.6,8.9,7.2,6.3,52.3,54.0,58.2,62.4,64.0,62.2,58.0,53.6,48.4,50.7,54.1,58.6,63.3,67.2,69.9,67.1,63.3,59.1,54.9,51.1,56.3,58.1,59.9,60.7,60.0,58.2,56.4,55.6,-93.4,-97.6,-99.2,-97.3,-93.0,-88.5,-87.2,-89.1,-91.5,-94.1,-95.8,-96.4,-95.3,-92.9,-89.7,-88.3,-87.8,-87.7,-88.3,-89.4,-91.3,-90.4,-91.1,-93.0,-94.9,-95.7,-95.0,-93.2,-87.5,-91.8,-93.6,-91.8,-87.6,-83.3,-81.5,-83.0,-84.6,-87.6,-89.7,-90.6,-89.8,-88.1,-85.5,-83.6,-82.6,-82.3,-82.5,-83.1,-85.6,-84.8,-85.6,-87.4,-89.3,-90.1,-89.3,-87.4,630.0,630.6,630.0,628.6,627.2,626.7,627.2,628.6,635.0,632.4,629.5,627.4,626.8,627.1,627.7,626.6,626.0,626.6,628.7,631.8,629.4,628.8,628.5,628.8,629.4,630.0,630.2,630.0,592.1,593.3,594.0,593.8,592.8,591.6,590.9,591.3,593.3,592.3,591.4,591.1,592.3,594.6,596.8,593.9,591.4,590.1,590.2,591.6,592.7,592.6,592.9,593.4,593.8,593.9,593.6,593.1,35.4,-56.2,670.0,0.083,0.367,0.034,288.2,287.5,288.2,289.7,291.7,295.2,300.0,306.4,315.7,327.0,338.6,349.3,357.6,362.9,365.6,367.1,368.0,289.7,293.6,299.6,305.9,311.7,324.3,331.9,340.1,347.8,353.2,317.2,315.6,314.0,312.4,307.4,310.6,314.2,318.8,323.2,295.9,299.6,304.6,308.8,304.3,299.2,330.2,334.7,340.3,344.9,340.5,335.1,302.7,305.9,310.8,314.3,318.6,325.8,333.1,326.2,319.2,314.6,310.6,305.8,304.9,310.9,314.4,318.7,330.4,319.1,314.6,310.9,114.1,125.1,136.2,147.0,157.5,166.8,174.7,181.0,183.3,182.7,178.5,172.0,163.4,152.7,140.8,128.6,116.3,102.0,96.3,94.5,95.3,98.2,98.1,95.0,94.6,96.8,102.3,107.5,114.2,120.7,127.6,135.4,136.7,137.8,136.9,135.9,110.3,106.7,106.9,110.8,111.8,111.8,111.0,106.9,107.1,110.5,112.1,112.0,154.1,149.1,146.8,148.0,147.1,149.8,154.4,160.7,162.8,163.1,162.6,160.0,154.0,151.1,151.4,151.3,154.5,157.2,157.4,156.8,-15.8,-17.0,-15.8,-13.0,-9.4,-3.2,5.2,15.7,30.8,49.2,68.8,87.5,101.8,110.9,115.3,117.7,119.4,-12.6,-5.8,4.3,14.7,24.0,44.1,56.3,69.5,81.8,90.6,32.6,29.8,27.0,24.2,16.7,21.9,27.4,34.7,41.6,-1.9,4.3,12.8,19.7,12.2,3.7,54.0,61.1,69.8,77.4,70.1,61.5,9.5,14.5,22.1,27.5,34.2,46.0,58.2,46.7,35.4,28.1,21.9,14.4,13.0,22.3,27.8,34.6,53.8,35.2,28.3,22.5,-98.2,-78.6,-58.7,-39.4,-20.5,-3.8,9.8,20.0,23.5,22.5,15.7,5.1,-9.4,-27.4,-47.3,-67.9,-88.5,-115.3,-123.6,-124.8,-121.7,-115.7,-114.7,-119.4,-120.0,-116.2,-107.5,-99.5,-87.8,-76.5,-64.9,-54.3,-51.7,-49.7,-51.1,-52.7,-99.7,-104.8,-103.8,-96.7,-95.4,-96.1,-94.4,-100.6,-100.0,-94.4,-91.7,-92.1,-24.8,-32.3,-35.5,-33.5,-34.8,-30.7,-23.5,-13.3,-9.8,-9.5,-10.4,-14.6,-24.7,-28.7,-28.1,-28.2,-23.3,-18.9,-18.6,-19.6,730.8,730.3,730.1,730.1,725.5,716.1,702.4,683.9,671.9,669.8,675.7,682.3,685.5,686.8,685.9,685.1,685.7,701.8,693.7,684.1,674.0,667.2,660.1,658.0,657.7,657.1,657.5,660.5,653.5,646.6,639.6,659.4,654.1,649.8,649.0,649.0,692.6,686.4,681.5,677.8,681.2,685.9,663.6,661.0,658.7,658.9,657.6,659.8,678.1,662.5,653.6,650.2,648.4,650.7,657.6,652.5,650.7,652.9,656.4,665.3,674.1,655.4,651.7,649.8,657.5,651.9,654.0,657.6,0.608,0.009,0.350,0.036,318.817,134.651,-28.956,-12.069,-6.798,13.809,-8.564,-6.077,8.648,3.940,5.134,6.371,-1.644,0.807,-0.366,-2.436,-2.737,0.831,1.929,-1.760,-0.502,1.437,0.834,0.026,-0.124,0.446,0.255,-1.060,0.548,0.163,-0.017,-0.074,0.080,-0.026,-0.018,0.067,0.00,0.00,1.12,0.00,0.51,3.36,0.12,0.60,0.00,0.00,0.11,0.25,0.14,0.00,1.50,0.95,0.55,0.00,0.00,1.00,0.00,1.00,1.00,0.00,0.00,0.00,0.00,1.00,0.00,1.00,0.00,1.00,1.00,0.00,0.00
157,0,15.600,0.98,1,-0.191797,0.136494,-0.971897,-0.338477,0.133491,-0.931458,-0.272,0.141,300.3,301.6,304.2,306.7,307.6,306.6,303.7,301.2,297.4,298.7,300.7,303.5,306.4,308.7,310.2,308.2,305.6,302.9,300.5,298.6,302.9,304.0,305.1,305.7,305.3,304.2,303.0,302.5,334.3,335.5,338.3,341.1,342.3,341.1,338.3,335.3,331.6,333.2,335.6,338.8,341.9,344.4,346.0,344.3,341.9,339.1,336.2,333.6,337.0,338.3,339.5,340.0,339.5,338.3,337.0,336.5,107.8,105.2,104.1,105.2,107.9,110.7,111.6,110.5,109.5,107.5,106.2,105.6,106.3,107.9,110.0,110.9,111.1,111.2,111.0,110.5,109.1,109.6,109.2,108.0,106.8,106.3,106.8,108.0,108.3,105.5,104.3,105.5,108.4,111.2,112.3,111.3,110.4,108.2,106.7,106.1,106.8,108.2,110.2,111.2,111.6,111.7,111.6,111.3,109.7,110.2,109.7,108.5,107.3,106.7,107.2,108.5,5.2,7.1,11.2,15.1,16.4,14.7,10.3,6.5,0.6,2.6,5.8,10.0,14.5,18.0,20.4,17.3,13.2,9.1,5.4,2.5,9.1,10.8,12.6,13.4,12.9,11.2,9.4,8.5,54.4,56.2,60.4,64.5,66.2,64.3,60.1,55.8,50.6,52.9,56.2,60.8,65.5,69.3,72.1,69.2,65.4,61.2,57.0,53.3,58.5,60.3,62.1,62.9,62.2,60.4,58.5,57.8,-94.9,-99.1,-100.6,-98.7,-94.3,-89.9,-88.6,-90.6,-93.0,-95.7,-97.3,-97.9,-96.7,-94.3,-91.1,-89.7,-89.2,-89.2,-89.7,-90.9,-92.7,-91.9,-92.6,-94.4,-96.3,-97.1,-96.5,-94.6,-88.6,-92.9,-94.6,-92.8,-88.5,-84.3,-82.6,-84.0,-85.7,-88.7,-90.8,-91.6,-90.8,-89.1,-86.4,-84.5,-83.6,-83.2,-83.5,-84.1,-86.6,-85.8,-86.6,-88.4,-90.3,-91.1,-90.3,-88.5,632.8,633.3,632.7,631.3,629.9,629.5,629.9,631.4,637.8,635.1,632.2,630.1,629.5,629.8,630.4,629.3,628.7,629.4,631.4,634.5,632.1,631.5,631.2,631.5,632.1,632.7,632.9,632.7,595.2,596.4,597.1,596.8,595.8,594.6,594.0,594.4,596.4,595.4,594.4,594.2,595.4,597.6,599.8,596.9,594.4,593.1,593.3,594.7,595.7,595.6,595.9,596.4,596.9,597.0,596.7,596.2,37.2,-56.4,667.7,0.097,0.381,0.036,289.7,288.9,289.6,291.2,293.1,296.5,301.2,307.5,316.8,328.1,339.7,350.5,358.8,364.1,366.9,368.4,369.4,291.2,295.1,301.1,307.4,313.1,325.6,333.2,341.4,349.1,354.5,318.4,316.8,315.2,313.4,308.5,311.7,315.3,319.9,324.3,297.3,301.0,306.1,310.2,305.7,300.6,331.5,336.0,341.5,346.1,341.7,336.3,303.9,307.0,311.9,315.3,319.6,326.9,334.2,327.3,320.3,315.7,311.7,306.9,306.0,312.0,315.5,319.8,331.5,320.2,315.7,312.0,113.3,124.3,135.5,146.4,157.0,166.5,174.5,181.0,183.4,182.9,178.6,172.0,163.2,152.5,140.6,128.2,115.9,101.0,95.5,93.8,94.7,97.7,97.7,94.6,94.2,96.5,101.9,107.1,113.8,120.4,127.3,135.0,136.5,137.6,136.7,135.7,109.5,106.0,106.2,110.2,111.2,111.1,110.5,106.5,106.7,110.2,111.7,111.6,153.9,148.9,146.7,147.9,147.0,149.7,154.5,160.9,163.2,163.4,162.8,160.1,153.9,151.0,151.3,151.2,154.6,157.4,157.6,157.0,-13.1,-14.4,-13.2,-10.4,-6.9,-0.9,7.2,17.5,32.5,50.9,70.5,89.1,103.3,112.3,116.7,119.1,120.8,-9.9,-3.2,6.9,17.1,26.3,46.0,58.1,71.1,83.3,92.0,34.5,31.5,28.6,25.7,18.5,23.5,29.0,36.3,43.2,0.5,6.7,15.0,21.8,14.5,6.1,55.8,62.8,71.5,78.9,71.7,63.2,11.4,16.1,23.7,29.1,35.8,47.5,59.7,48.3,37.1,29.8,23.6,16.1,14.9,23.9,29.4,36.2,55.4,36.9,29.9,24.2,-99.3,-79.6,-59.7,-40.3,-21.3,-4.3,9.5,20.1,23.7,22.8,15.9,5.0,-9.7,-27.6,-47.5,-68.0,-88.5,-116.4,-124.4,-125.3,-122.0,-116.0,-114.7,-119.3,-119.8,-116.1,-107.4,-99.8,-88.0,-76.7,-65.0,-54.7,-52.0,-49.8,-51.2,-52.8,-100.5,-105.5,-104.4,-97.3,-96.1,-96.9,-94.6,-100.7,-100.0,-94.4,-91.8,-92.2,-25.1,-32.5,-35.6,-33.5,-34.8,-30.6,-23.3,-12.9,-9.3,-9.0,-9.9,-14.4,-24.9,-28.8,-28.1,-28.2,-23.2,-18.4,-18.2,-19.3,727.6,727.4,727.6,727.8,723.2,713.9,700.3,682.0,669.9,667.6,673.1,679.2,682.0,682.8,681.6,680.5,680.9,698.5,690.2,680.6,670.5,663.8,656.6,654.2,653.8,653.0,653.2,657.1,650.4,643.6,636.9,656.8,651.5,647.2,646.3,646.2,689.6,683.3,678.4,674.7,678.2,682.9,660.0,657.2,654.8,655.0,653.8,656.2,676.1,660.3,651.3,647.8,645.9,648.1,654.9,650.3,648.8,651.1,654.7,663.5,672.0,653.2,649.4,647.5,654.9,649.9,652.0,655.7,0.611,0.020,0.362,0.039,320.046,134.386,-31.969,-11.526,-6.423,14.370,-8.621,-6.207,9.308,3.650,5.441,6.507,-1.107,0.454,-0.680,-2.745,-2.959,0.902,1.913,-1.666,-0.333,1.361,0.993,-0.042,-0.207,0.428,0.176,-1.026,0.459,0.162,-0.021,-0.061,0.080,-0.018,-0.013,0.059,0.00,0.00,1.15,0.00,0.47,3.39,0.05,0.63,0.00,0.00,0.15,0.34,0.23,0.00,1.60,1.15,0.45,0.00,0.00,1.00,0.00,1.00,1.00,0.00,0.00,0.00,0.00,1.00,0.00,1.00,0.00,1.00,1.00,0.00,0.00
158,0,15.700,0.98,1,-0.193226,0.130683,-0.972412,-0.340069,0.127748,-0.931683,-0.273,0.135,301.7,302.9,305.6,308.1,309.0,307.9,305.0,302.5,298.7,300.0,302.1,304.8,307.8,310.0,311.6,309.6,306.9,304.2,301.8,299.9,304.2,305.3,306.5,307.0,306.6,305.5,304.4,303.8,335.7,336.8,339.6,342.5,343.7,342.5,339.7,336.6,333.0,334.6,336.9,340.1,343.2,345.7,347.4,345.7,343.2,340.5,337.6,334.9,338.4,339.6,340.9,341.4,340.9,339.6,338.4,337.9,107.1,104.5,103.4,104.6,107.2,110.1,110.9,109.8,108.8,106.9,105.5,104.9,105.6,107.2,109.4,110.2,110.4,110.5,110.4,109.9,108.5,109.0,108.5,107.3,106.2,105.7,106.2,107.3,107.6,104.8,103.6,104.8,107.6,110.4,111.6,110.6,109.7,107.5,106.0,105.3,106.0,107.5,109.5,110.5,110.9,111.0,110.9,110.6,109.0,109.5,109.0,107.8,106.6,106.0,106.5,107.7,7.2,9.2,13.3,17.1,18.4,16.8,12.4,8.5,2.7,4.7,7.8,12.1,16.6,20.1,22.5,19.3,15.2,11.1,7.5,4.5,11.1,12.8,14.6,15.5,14.9,13.2,11.4,10.6,56.3,58.1,62.3,66.4,68.0,66.2,62.0,57.6,52.4,54.7,58.1,62.6,67.3,71.2,73.9,71.0,67.2,63.1,58.9,55.1,60.3,62.1,63.9,64.7,64.0,62.2,60.4,59.6,-95.7,-99.9,-101.5,-99.5,-95.2,-90.7,-89.5,-91.4,-93.8,-96.5,-98.1,-98.7,-97.6,-95.2,-91.9,-90.5,-90.1,-90.0,-90.6,-91.7,-93.6,-92.7,-93.4,-95.2,-97.1,-98.0,-97.3,-95.5,-89.4,-93.7,-95.4,-93.7,-89.4,-85.1,-83.4,-84.8,-86.5,-89.5,-91.6,-92.5,-91.7,-89.9,-87.2,-85.4,-84.4,-84.1,-84.3,-84.9,-87.4,-86.7,-87.4,-89.3,-91.1,-91.9,-91.2,-89.3,631.5,632.1,631.5,630.1,628.7,628.2,628.7,630.1,636.5,633.9,631.0,628.9,628.3,628.6,629.2,628.1,627.5,628.1,630.2,633.2,630.9,630.2,630.0,630.3,630.9,631.5,631.7,631.5,593.9,595.1,595.8,595.6,594.6,593.3,592.6,593.1,595.1,594.0,593.2,592.9,594.1,596.3,598.6,595.7,593.2,591.8,592.0,593.4,594.4,594.3,594.6,595.1,595.6,595.7,595.4,594.9,39.3,-57.4,667.9,0.091,0.383,0.039,290.9,290.1,290.8,292.3,294.3,297.7,302.4,308.7,318.0,329.3,340.8,351.5,359.8,365.2,368.0,369.6,370.6,292.6,296.6,302.6,308.8,314.5,327.2,334.7,342.8,350.4,355.7,319.8,318.2,316.5,314.8,309.8,313.0,316.6,321.2,325.6,298.6,302.3,307.4,311.5,307.0,301.9,332.8,337.3,342.9,347.5,343.1,337.7,305.1,308.2,313.1,316.6,320.9,328.3,335.6,328.7,321.6,316.9,312.9,308.1,307.3,313.2,316.7,321.1,332.9,321.5,317.0,313.3,112.9,124.0,135.2,146.1,156.7,166.2,174.1,180.5,182.9,182.4,178.1,171.5,162.8,152.1,140.1,127.8,115.4,100.3,94.7,93.1,93.9,96.8,96.8,93.7,93.4,95.6,101.1,106.3,113.0,119.6,126.6,134.3,135.7,136.8,136.0,135.0,108.9,105.3,105.5,109.5,110.5,110.5,109.8,105.7,106.0,109.5,111.0,110.9,153.3,148.2,145.9,147.1,146.3,149.0,153.9,160.5,162.8,163.0,162.4,159.6,153.3,150.3,150.6,150.5,154.0,157.1,157.2,156.6,-10.8,-12.3,-11.1,-8.3,-4.8,1.2,9.3,19.5,34.4,52.7,72.1,90.7,104.8,113.9,118.5,121.0,122.8,-7.5,-0.6,9.3,19.4,28.5,48.6,60.6,73.5,85.4,93.9,36.8,33.8,30.8,27.8,20.6,25.6,31.1,38.4,45.3,2.7,8.9,17.3,24.0,16.7,8.3,58.0,65.0,73.7,81.0,73.9,65.4,13.4,18.1,25.7,31.1,37.9,49.7,61.9,50.5,39.1,31.8,25.5,18.1,16.9,25.9,31.4,38.2,57.6,38.9,32.0,26.2,-100.0,-80.2,-60.3,-40.8,-21.8,-5.0,8.8,19.2,22.8,21.9,15.0,4.2,-10.4,-28.3,-48.2,-68.7,-89.4,-117.6,-125.6,-126.7,-123.5,-117.5,-116.3,-120.8,-121.3,-117.4,-108.7,-101.1,-89.3,-77.9,-66.3,-55.8,-53.1,-51.0,-52.3,-53.9,-101.6,-106.7,-105.5,-98.4,-97.2,-98.0,-95.7,-101.9,-101.2,-95.5,-92.9,-93.4,-26.1,-33.7,-36.8,-34.8,-36.0,-31.7,-24.3,-13.6,-9.9,-9.6,-10.6,-15.2,-25.9,-30.0,-29.3,-29.4,-24.1,-19.0,-18.8,-19.9,727.3,726.9,727.0,727.1,722.5,713.1,699.6,681.4,669.4,667.0,672.5,678.5,681.2,682.2,681.1,680.2,680.9,698.4,690.4,681.0,671.1,664.4,657.1,654.7,654.2,653.2,653.2,657.5,650.7,643.9,637.1,656.8,651.5,647.2,646.3,646.3,689.7,683.5,678.6,674.8,678.3,683.1,660.1,657.3,654.9,655.0,653.8,656.2,676.2,660.5,651.3,647.8,645.9,648.1,654.8,650.2,648.7,651.1,654.7,663.5,672.2,653.1,649.3,647.3,654.8,649.9,652.0,655.8,0.611,0.013,0.362,0.041,321.330,133.762,-34.702,-11.826,-5.788,14.607,-8.163,-6.489,9.436,3.724,4.916,6.762,-1.117,0.600,-0.317,-2.911,-3.289,1.005,2.147,-1.489,-0.273,1.387,1.026,0.193,-0.318,0.447,0.276,-1.018,0.526,0.195,0.008,-0.050,0.081,-0.023,-0.012,0.061,0.00,0.01,1.14,0.00,0.48,3.55,0.03,0.60,0.00,0.00,0.07,0.33,0.24,0.00,1.75,1.22,0.43,0.00,0.00,1.00,0.00,1.00,1.00,0.00,0.00,0.00,0.00,1.00,0.00,1.00,0.00,1.00,1.00,0.00,0.00
159,0,15.800,0.98,1,-0.194877,0.130148,-0.972154,-0.343789,0.126216,-0.930526,-0.276,0.134,302.8,304.1,306.7,309.2,310.1,309.0,306.1,303.6,299.8,301.1,303.2,306.0,308.9,311.2,312.7,310.7,308.0,305.3,302.9,301.0,305.3,306.4,307.6,308.2,307.8,306.7,305.5,305.0,336.9,338.1,340.9,343.7,344.9,343.7,340.9,337.9,334.2,335.8,338.2,341.3,344.4,346.9,348.6,346.9,344.5,341.7,338.8,336.1,339.6,340.9,342.1,342.6,342.1,340.9,339.6,339.1,105.9,103.3,102.3,103.4,106.1,108.9,109.7,108.6,107.7,105.7,104.3,103.7,104.5,106.1,108.3,109.1,109.3,109.3,109.2,108.7,107.3,107.8,107.3,106.2,105.0,104.5,105.0,106.1,106.5,103.7,102.6,103.8,106.6,109.4,110.5,109.6,108.7,106.5,104.9,104.3,105.0,106.4,108.5,109.5,109.9,110.0,109.8,109.5,107.9,108.5,108.0,106.7,105.5,105.0,105.5,106.7,8.9,10.9,15.0,18.9,20.1,18.5,14.0,10.2,4.4,6.4,9.6,13.8,18.3,21.8,24.1,21.0,16.9,12.8,9.1,6.2,12.9,14.5,16.3,17.2,16.6,15.0,13.2,12.3,58.1,59.9,64.2,68.3,69.9,68.0,63.8,59.5,54.3,56.6,59.9,64.5,69.2,73.1,75.8,72.9,69.1,64.9,60.7,57.0,62.2,64.0,65.8,66.6,65.9,64.1,62.3,61.5,-97.3,-101.5,-103.0,-101.0,-96.7,-92.2,-91.1,-93.0,-95.4,-98.1,-99.7,-100.3,-99.1,-96.7,-93.4,-92.0,-91.6,-91.6,-92.2,-93.4,-95.2,-94.3,-95.0,-96.8,-98.7,-99.5,-98.9,-97.0,-91.1,-95.3,-97.1,-95.3,-91.0,-86.8,-85.0,-86.5,-88.1,-91.1,-93.3,-94.2,-93.3,-91.5,-88.8,-86.9,-86.0,-85.7,-86.0,-86.6,-89.1,-88.3,-89.0,-90.9,-92.8,-93.5,-92.8,-90.9,629.9,630.5,630.0,628.6,627.1,626.6,627.0,628.5,634.9,632.3,629.4,627.3,626.7,627.0,627.6,626.5,625.8,626.5,628.5,631.6,629.2,628.6,628.4,628.6,629.3,629.9,630.2,629.9,594.6,595.9,596.6,596.3,595.2,594.0,593.3,593.7,595.8,594.8,593.9,593.6,594.8,597.0,599.2,596.3,593.8,592.5,592.7,594.1,595.1,595.0,595.3,595.8,596.3,596.4,596.1,595.6,40.9,-58.8,666.4,0.090,0.385,0.044,291.9,291.0,291.6,293.2,295.1,298.5,303.2,309.4,318.7,330.0,341.5,352.3,360.6,366.1,369.0,370.7,371.8,293.7,297.9,303.9,310.1,315.7,328.5,336.1,344.1,351.6,356.9,321.0,319.3,317.7,315.9,310.8,314.0,317.6,322.3,326.7,299.7,303.5,308.6,312.7,308.1,303.0,334.1,338.6,344.1,348.7,344.3,338.9,306.0,309.1,314.1,317.6,322.0,329.4,336.6,329.8,322.6,317.9,313.8,309.0,308.2,314.2,317.7,322.1,334.0,322.5,318.0,314.3,111.7,122.9,134.2,145.2,155.9,165.4,173.4,179.8,182.2,181.8,177.6,171.1,162.3,151.6,139.6,127.2,114.8,98.8,93.5,92.0,92.9,95.8,95.8,92.8,92.5,94.6,99.9,105.2,111.9,118.5,125.4,133.2,134.6,135.8,134.9,133.9,107.7,104.1,104.4,108.4,109.3,109.3,108.8,104.7,104.9,108.5,110.0,109.9,152.4,147.2,144.9,146.1,145.3,148.1,153.1,159.8,162.1,162.3,161.8,158.9,152.4,149.2,149.6,149.5,153.2,156.4,156.6,155.9,-9.1,-10.6,-9.5,-6.8,-3.4,2.5,10.6,20.7,35.5,53.7,73.1,91.6,105.8,115.1,119.7,122.4,124.3,-5.6,1.5,11.5,21.5,30.4,50.7,62.6,75.3,87.1,95.6,38.6,35.5,32.6,29.5,22.2,27.1,32.6,39.9,46.8,4.6,10.8,19.2,25.8,18.5,10.1,59.8,66.8,75.4,82.8,75.6,67.2,14.9,19.6,27.3,32.7,39.5,51.3,63.4,52.1,40.6,33.3,27.0,19.5,18.4,27.4,32.9,39.7,59.2,40.5,33.5,27.7,-101.8,-82.0,-61.8,-42.2,-23.1,-6.2,7.6,18.0,21.6,20.8,14.1,3.4,-11.1,-29.1,-49.0,-69.5,-90.2,-119.7,-127.3,-128.1,-124.9,-118.9,-117.5,-122.0,-122.4,-118.7,-110.3,-102.6,-90.9,-79.5,-67.9,-57.4,-54.7,-52.6,-53.8,-55.4,-103.3,-108.5,-107.2,-100.0,-98.9,-99.8,-97.1,-103.3,-102.6,-96.9,-94.3,-94.8,-27.4,-35.2,-38.4,-36.3,-37.5,-33.1,-25.5,-14.6,-10.9,-10.6,-11.6,-16.3,-27.2,-31.5,-30.9,-30.9,-25.3,-20.0,-19.8,-20.9,725.1,724.8,724.9,725.1,720.4,711.1,697.7,679.5,667.4,664.9,670.2,676.3,678.9,679.8,678.6,677.8,678.6,696.2,688.3,679.1,669.4,663.0,655.6,653.3,652.7,651.7,651.4,655.9,649.1,642.4,635.6,655.2,649.8,645.5,644.6,644.6,687.9,681.7,676.9,673.1,676.6,681.3,658.4,655.6,653.2,653.3,652.1,654.5,674.7,658.9,649.7,646.2,644.3,646.5,653.1,648.6,647.2,649.6,653.2,662.1,670.7,651.5,647.6,645.7,653.2,648.3,650.5,654.3,0.612,0.009,0.362,0.047,322.376,132.846,-37.455,-11.682,-5.135,14.502,-8.284,-6.638,10.062,4.172,5.374,6.550,-0.491,1.179,-0.679,-2.963,-3.332,1.341,2.242,-1.480,-0.392,1.230,1.189,0.238,-0.493,0.438,0.301,-0.996,0.507,0.198,0.014,-0.049,0.093,-0.024,-0.015,0.068,0.05,0.01,1.25,0.00,0.54,3.89,0.14,0.43,0.00,0.00,0.07,0.28,0.28,0.00,1.80,1.38,0.28,0.00,0.00,1.00,0.00,1.00,1.00,0.00,0.00,0.00,0.00,1.00,0.00,1.00,0.00,1.00,1.00,0.00,0.00
160,0,15.900,0.98,1,-0.186525,0.120988,-0.974972,-0.339502,0.109651,-0.934192,-0.269,0.120,304.7,306.2,308.9,311.4,312.1,310.9,308.0,305.5,301.6,303.1,305.2,308.1,311.0,313.2,314.6,312.6,309.9,307.2,304.7,302.8,307.3,308.3,309.5,310.2,309.8,308.8,307.6,306.9,339.2,340.5,343.4,346.2,347.2,345.9,343.0,340.1,336.5,338.2,340.6,343.8,346.9,349.3,350.8,349.0,346.6,343.9,341.0,338.3,341.9,343.1,344.4,344.9,344.5,343.3,342.0,341.4,104.1,101.5,100.6,101.9,104.6,107.4,108.1,106.8,105.7,103.8,102.5,102.1,102.9,104.6,106.9,107.6,107.6,107.6,107.3,106.8,105.6,106.1,105.7,104.6,103.4,102.9,103.3,104.4,106.3,103.6,102.6,103.9,106.8,109.5,110.5,109.4,108.3,106.2,104.8,104.3,105.2,106.7,108.9,109.8,110.0,110.0,109.7,109.3,107.9,108.4,108.0,106.8,105.6,105.0,105.4,106.6,11.9,14.1,18.3,22.0,23.1,21.2,16.8,13.0,7.2,9.3,12.6,16.9,21.4,24.7,27.0,23.8,19.6,15.5,11.9,9.0,15.7,17.4,19.2,20.2,19.7,18.0,16.2,15.2,61.7,63.8,68.1,72.1,73.4,71.4,67.1,62.8,57.8,60.2,63.6,68.2,72.9,76.7,79.2,76.3,72.4,68.2,64.1,60.3,65.7,67.4,69.3,70.2,69.6,67.8,65.9,65.1,-99.6,-103.7,-105.0,-102.9,-98.5,-94.1,-93.1,-95.2,-97.9,-100.5,-101.9,-102.3,-100.9,-98.4,-95.0,-93.8,-93.6,-93.7,-94.5,-95.8,-97.3,-96.3,-96.9,-98.7,-100.6,-101.5,-100.9,-99.2,-91.6,-95.8,-97.3,-95.3,-91.0,-86.8,-85.3,-87.0,-88.9,-91.8,-93.7,-94.4,-93.3,-91.3,-88.5,-86.8,-86.0,-85.9,-86.4,-87.2,-89.4,-88.5,-89.2,-91.0,-92.9,-93.8,-93.1,-91.3,626.5,627.2,626.7,625.3,623.8,623.2,623.6,625.0,631.4,628.8,626.0,624.0,623.4,623.7,624.3,623.2,622.4,623.0,625.0,628.1,625.8,625.2,625.0,625.3,626.0,626.6,626.8,626.5,596.3,597.5,598.2,597.9,596.9,595.6,595.0,595.4,597.5,596.5,595.5,595.3,596.4,598.6,600.8,597.9,595.4,594.1,594.3,595.8,596.8,596.7,596.9,597.5,597.9,598.1,597.8,597.2,42.4,-60.2,664.2,0.062,0.374,0.091,293.1,291.8,292.0,293.0,294.4,297.6,302.1,308.3,317.7,329.2,341.2,352.2,360.7,366.3,369.5,371.7,373.2,295.7,300.3,306.5,312.8,318.4,331.6,339.3,347.1,354.4,359.4,323.6,321.7,319.8,317.8,312.1,315.3,318.8,323.4,327.7,301.5,305.5,310.7,314.6,310.0,304.8,336.3,341.0,346.5,350.9,346.5,341.1,305.9,309.5,314.7,318.2,322.6,329.7,336.5,329.4,322.3,317.5,313.4,308.6,308.1,314.5,318.1,322.5,333.8,322.5,318.0,314.2,109.7,121.1,132.7,144.0,154.8,164.4,172.3,178.6,181.2,181.2,177.3,171.0,162.5,151.8,140.0,127.8,115.7,96.8,91.6,90.3,91.4,94.5,95.3,92.8,92.8,95.2,100.5,104.1,110.7,117.2,124.0,131.7,133.2,134.5,133.9,133.1,105.8,102.3,102.8,107.0,107.7,107.4,108.4,104.6,105.1,108.9,110.1,109.8,150.6,145.5,143.4,144.7,144.1,147.3,152.7,158.9,160.8,160.8,160.0,157.1,150.7,147.8,148.2,148.4,152.6,155.0,155.0,154.2,-7.0,-9.2,-8.9,-7.1,-4.5,1.0,8.7,18.7,33.7,52.3,72.3,91.1,105.6,115.1,120.3,123.8,126.5,-2.2,5.6,15.8,25.9,34.7,55.6,67.6,80.2,91.7,99.6,42.7,39.2,35.8,32.3,24.2,29.0,34.4,41.6,48.4,7.6,14.2,22.6,28.9,21.4,13.0,63.4,70.6,79.2,86.3,79.0,70.6,14.6,20.1,28.0,33.4,40.3,51.7,62.9,51.3,39.9,32.5,26.2,18.8,18.1,27.8,33.3,40.3,58.6,40.4,33.3,27.4,-105.4,-85.1,-64.4,-44.4,-25.1,-8.0,5.6,15.9,19.9,19.7,13.5,3.3,-10.8,-28.5,-48.0,-68.2,-88.6,-122.8,-130.2,-130.7,-127.0,-120.8,-118.3,-122.0,-121.9,-117.8,-109.2,-104.1,-92.5,-81.4,-70.0,-59.7,-56.8,-54.4,-55.3,-56.6,-106.2,-111.0,-109.4,-102.0,-101.2,-102.4,-97.6,-103.3,-102.2,-96.2,-94.0,-94.9,-30.2,-37.8,-40.6,-38.3,-39.1,-34.2,-26.0,-16.0,-13.0,-13.1,-14.3,-19.2,-29.9,-33.8,-32.8,-32.5,-26.1,-22.1,-22.2,-23.6,724.7,724.4,724.3,723.8,718.3,708.2,694.1,675.6,664.0,662.0,667.8,674.0,676.8,677.9,676.9,676.3,677.4,694.1,686.4,677.6,668.1,661.6,655.0,653.0,652.5,651.4,651.0,654.5,647.6,640.7,633.8,652.9,647.7,643.5,642.6,642.5,685.2,679.3,674.6,671.0,674.2,678.7,657.6,654.9,652.6,652.7,651.5,653.7,671.3,656.2,647.3,643.9,642.3,644.4,650.8,646.1,644.6,646.7,650.3,658.8,667.5,649.0,645.2,643.6,650.8,645.9,647.8,651.4,0.614,-0.021,0.351,0.092,323.371,131.871,-36.135,-6.420,-6.756,12.151,-9.099,-6.759,9.849,2.183,5.133,5.978,-0.167,1.045,0.115,-2.617,-3.216,0.643,2.501,-1.429,-0.963,0.862,0.743,0.095,-0.674,0.604,0.083,-0.957,0.440,0.241,0.014,-0.051,0.062,-0.030,-0.023,0.074,0.14,0.03,1.30,0.00,0.53,4.08,0.24,0.36,0.00,0.00,0.08,0.24,0.32,0.00,1.76,1.55,0.13,0.00,0.00,1.00,0.00,1.00,1.00,0.00,0.00,0.00,0.00,0.00,0.00,1.00,0.00,1.00,1.00,0.00,0.00
161,0,16.000,0.98,1,-0.180470,0.122752,-0.975891,-0.329880,0.109815,-0.937614,-0.261,0.121,306.3,307.7,310.5,313.0,313.7,312.4,309.4,307.0,303.1,304.6,306.8,309.7,312.6,314.8,316.2,314.1,311.4,308.6,306.2,304.3,308.8,309.8,311.1,311.7,311.4,310.3,309.1,308.5,340.7,342.0,344.9,347.6,348.6,347.3,344.4,341.4,337.8,339.6,342.1,345.3,348.3,350.7,352.2,350.4,348.0,345.3,342.4,339.7,343.3,344.5,345.8,346.4,345.9,344.7,343.4,342.9,103.6,101.0,100.2,101.5,104.2,107.0,107.7,106.4,105.1,103.2,102.0,101.6,102.5,104.3,106.6,107.3,107.3,107.2,106.8,106.2,105.1,105.7,105.3,104.2,103.0,102.4,102.8,103.9,106.4,103.7,102.8,104.2,107.0,109.8,110.7,109.5,108.4,106.3,104.9,104.5,105.4,107.0,109.2,110.1,110.3,110.2,109.8,109.4,108.0,108.6,108.2,107.0,105.8,105.2,105.6,106.8,14.1,16.4,20.6,24.3,25.3,23.4,18.9,15.1,9.4,11.6,14.9,19.2,23.7,27.0,29.1,25.9,21.8,17.6,14.0,11.1,17.9,19.5,21.4,22.4,21.9,20.3,18.5,17.5,63.5,65.6,69.9,73.9,75.2,73.1,68.8,64.5,59.5,61.9,65.4,70.1,74.7,78.4,80.9,77.9,74.1,69.9,65.8,62.0,67.4,69.1,71.0,71.9,71.3,69.6,67.7,66.8,-99.7,-103.7,-105.0,-102.7,-98.3,-94.0,-93.1,-95.3,-98.1,-100.6,-102.0,-102.3,-100.8,-98.2,-94.8,-93.6,-93.5,-93.7,-94.5,-95.9,-97.2,-96.3,-96.8,-98.6,-100.5,-101.5,-100.9,-99.2,-91.0,-95.1,-96.6,-94.6,-90.2,-86.1,-84.6,-86.3,-88.3,-91.2,-93.1,-93.7,-92.5,-90.5,-87.7,-86.0,-85.3,-85.2,-85.8,-86.6,-88.7,-87.9,-88.5,-90.3,-92.2,-93.1,-92.5,-90.7,622.0,622.7,622.2,620.8,619.4,618.8,619.2,620.6,626.9,624.3,621.5,619.5,619.0,619.3,619.9,618.7,618.0,618.6,620.6,623.7,621.4,620.8,620.6,620.9,621.5,622.1,622.3,622.0,593.4,594.6,595.4,595.2,594.1,592.9,592.1,592.5,594.5,593.5,592.6,592.4,593.7,596.0,598.2,595.3,592.7,591.3,591.4,592.8,593.9,593.8,594.1,594.7,595.1,595.2,594.9,594.4,44.4,-60.6,665.6,0.068,0.359,0.107,294.3,292.8,292.8,293.5,294.8,297.9,302.4,308.6,317.9,329.4,341.2,352.2,360.9,366.8,370.2,372.5,374.2,297.3,301.9,308.2,314.6,320.2,333.4,341.1,349.1,356.4,361.2,325.3,323.3,321.4,319.3,313.3,316.5,320.1,324.7,329.1,303.0,307.1,312.2,316.1,311.5,306.3,337.7,342.5,348.0,352.3,347.9,342.4,306.7,310.5,315.8,319.3,323.8,330.9,337.5,330.4,323.2,318.3,314.2,309.4,308.9,315.5,319.2,323.7,334.9,323.5,318.9,315.1,108.7,120.1,131.6,142.9,153.7,163.4,171.6,178.1,181.0,181.1,177.3,171.2,162.7,152.2,140.4,128.2,116.0,96.3,91.1,89.8,91.0,94.2,95.1,92.7,93.0,95.8,101.5,104.1,110.7,117.2,124.1,131.5,133.1,134.5,133.9,133.2,105.2,101.8,102.4,106.7,107.4,106.9,108.5,104.7,105.3,109.2,110.4,109.9,150.1,145.2,143.2,144.7,144.1,147.4,152.7,158.9,160.7,160.6,159.7,156.6,150.2,147.6,148.1,148.4,152.7,155.0,154.8,154.0,-4.8,-7.4,-7.5,-6.1,-3.8,1.5,9.2,19.2,34.2,52.8,72.7,91.7,106.5,116.5,122.1,125.8,128.7,0.5,8.3,18.6,28.8,37.7,58.4,70.8,83.6,95.2,102.8,45.5,41.8,38.3,34.8,26.2,31.1,36.5,43.8,50.7,10.1,16.8,25.2,31.5,24.0,15.5,65.7,73.2,81.8,88.7,81.5,73.0,15.9,21.7,29.9,35.3,42.4,53.7,64.9,53.1,41.5,33.9,27.6,20.1,19.5,29.5,35.2,42.2,60.6,42.1,34.9,28.9,-107.0,-86.9,-66.3,-46.3,-26.9,-9.7,4.4,15.2,19.5,19.7,13.7,3.6,-10.4,-28.0,-47.6,-67.9,-88.4,-123.8,-131.2,-131.7,-127.9,-121.5,-118.8,-122.3,-121.9,-117.3,-108.2,-104.4,-92.7,-81.5,-69.9,-60.1,-57.1,-54.6,-55.4,-56.6,-107.2,-112.0,-110.2,-102.6,-102.0,-103.3,-97.7,-103.4,-102.2,-96.0,-93.9,-94.9,-31.2,-38.4,-41.0,-38.5,-39.2,-34.3,-26.1,-16.1,-13.1,-13.4,-14.8,-20.0,-30.8,-34.2,-33.1,-32.6,-26.2,-22.3,-22.5,-24.1,724.5,724.4,724.6,724.5,719.4,709.8,696.2,678.1,666.6,664.9,671.0,677.5,680.5,681.7,680.7,679.9,680.7,694.7,687.1,678.3,668.8,662.5,656.1,654.4,654.3,653.6,654.0,655.8,648.8,641.9,635.0,654.4,649.1,644.9,644.3,644.4,685.8,679.9,675.4,672.0,675.0,679.4,659.3,656.7,654.5,654.9,653.5,655.6,673.2,657.9,649.0,645.6,644.0,646.6,653.5,648.6,646.7,648.7,652.2,660.8,669.4,650.8,647.1,645.5,653.4,647.9,649.8,653.3,0.612,-0.015,0.331,0.108,324.494,131.705,-36.097,-7.194,-5.719,13.888,-9.132,-6.063,9.341,1.686,4.715,6.425,-0.901,0.956,0.526,-2.476,-2.588,1.189,2.413,-2.035,-0.672,0.799,0.510,0.104,-0.713,0.834,0.084,-1.104,0.566,0.224,-0.015,-0.044,0.071,-0.023,-0.016,0.069,0.20,0.02,1.23,0.02,0.53,4.05,0.26,0.35,0.00,0.00,0.11,0.22,0.40,0.00,1.63,1.55,0.00,1.00,0.00,1.00,0.00,1.00,1.00,0.00,0.00,0.00,0.00,0.00,0.00,1.00,0.00,1.00,1.00,0.00,0.00
162,0,16.100,0.98,1,-0.183029,0.124953,-0.975134,-0.329264,0.112642,-0.937495,-0.262,0.124,306.5,308.0,310.8,313.3,313.9,312.7,309.7,307.2,303.4,304.8,307.0,309.9,312.9,315.0,316.4,314.3,311.6,308.9,306.4,304.5,309.0,310.1,311.3,312.0,311.7,310.6,309.4,308.7,341.0,342.3,345.2,348.0,349.0,347.7,344.7,341.7,338.1,339.9,342.4,345.6,348.7,351.0,352.5,350.8,348.4,345.6,342.7,340.0,343.6,344.8,346.1,346.7,346.2,345.0,343.8,343.2,103.8,101.2,100.3,101.6,104.4,107.2,107.9,106.5,105.3,103.4,102.2,101.8,102.7,104.5,106.8,107.5,107.5,107.4,107.0,106.4,105.3,105.9,105.5,104.4,103.2,102.6,103.0,104.1,106.7,103.9,103.0,104.4,107.3,110.1,111.0,109.8,108.7,106.6,105.2,104.7,105.7,107.3,109.5,110.4,110.6,110.5,110.1,109.7,108.3,108.9,108.5,107.3,106.0,105.4,105.8,107.0,14.4,16.7,20.9,24.6,25.6,23.6,19.1,15.4,9.7,11.9,15.2,19.5,23.9,27.2,29.4,26.1,22.0,17.9,14.3,11.4,18.2,19.8,21.6,22.6,22.2,20.6,18.7,17.7,63.4,65.5,69.8,73.8,75.1,73.0,68.7,64.4,59.3,61.8,65.3,70.0,74.6,78.3,80.8,77.8,74.0,69.8,65.7,61.9,67.3,69.0,70.9,71.8,71.2,69.5,67.6,66.7,-98.9,-102.9,-104.1,-101.9,-97.5,-93.1,-92.2,-94.4,-97.3,-99.8,-101.2,-101.5,-99.9,-97.3,-93.9,-92.7,-92.6,-92.8,-93.7,-95.1,-96.4,-95.4,-96.0,-97.7,-99.7,-100.6,-100.1,-98.3,-89.9,-94.0,-95.5,-93.5,-89.1,-84.9,-83.5,-85.2,-87.2,-90.0,-91.9,-92.5,-91.4,-89.4,-86.6,-84.9,-84.1,-84.1,-84.6,-85.4,-87.6,-86.7,-87.4,-89.2,-91.1,-92.0,-91.3,-89.5,618.5,619.1,618.6,617.2,615.7,615.2,615.7,617.1,623.5,620.8,617.9,615.9,615.3,615.6,616.2,615.1,614.5,615.1,617.1,620.2,617.8,617.2,617.0,617.3,617.9,618.5,618.7,618.5,588.4,589.7,590.4,590.3,589.3,588.0,587.3,587.6,589.5,588.5,587.7,587.5,588.9,591.1,593.4,590.4,587.9,586.5,586.5,587.9,589.0,588.9,589.3,589.8,590.3,590.3,590.0,589.4,44.8,-60.5,666.3,0.075,0.359,0.109,294.7,293.1,293.0,293.7,295.0,298.0,302.5,308.7,318.1,329.6,341.3,352.3,361.0,366.9,370.5,372.8,374.5,297.7,302.3,308.5,314.9,320.5,333.7,341.6,349.6,356.8,361.5,325.5,323.6,321.6,319.6,313.6,316.8,320.4,325.0,329.4,303.3,307.3,312.5,316.4,311.7,306.5,338.0,342.8,348.4,352.7,348.2,342.8,306.8,310.7,316.0,319.5,324.0,331.2,337.9,330.7,323.4,318.5,314.4,309.6,309.0,315.7,319.4,323.9,335.2,323.7,319.1,315.2,108.7,119.8,131.2,142.4,153.2,163.0,171.3,178.0,181.0,181.1,177.3,171.1,162.7,152.3,140.6,128.5,116.3,96.1,90.9,89.7,90.8,94.1,95.0,92.6,92.9,95.8,101.5,104.3,110.9,117.4,124.2,131.7,133.3,134.7,134.2,133.5,105.3,101.9,102.6,106.9,107.6,107.2,108.8,105.0,105.6,109.5,110.7,110.2,150.2,145.3,143.4,144.9,144.3,147.6,152.9,159.1,160.9,160.8,159.9,156.8,150.3,147.8,148.4,148.6,152.8,155.2,155.0,154.1,-4.1,-6.8,-7.1,-5.8,-3.6,1.7,9.4,19.5,34.6,53.2,72.9,92.0,106.9,116.9,122.6,126.4,129.3,1.3,9.0,19.2,29.3,38.1,59.1,71.4,84.3,95.8,103.4,45.9,42.3,38.8,35.2,26.6,31.5,37.0,44.3,51.2,10.5,17.2,25.7,32.0,24.4,15.9,66.2,73.7,82.4,89.4,82.1,73.5,16.2,22.0,30.2,35.7,42.7,54.2,65.6,53.6,41.9,34.3,27.9,20.4,19.7,29.9,35.5,42.5,61.3,42.4,35.2,29.2,-107.0,-87.3,-67.1,-47.2,-27.9,-10.5,3.9,15.1,19.6,19.7,13.6,3.5,-10.4,-28.0,-47.4,-67.6,-88.0,-124.2,-131.5,-131.9,-128.1,-121.7,-118.9,-122.4,-122.0,-117.3,-108.2,-104.1,-92.5,-81.2,-69.7,-59.8,-56.8,-54.3,-55.1,-56.2,-107.1,-111.8,-110.0,-102.3,-101.6,-103.0,-97.3,-103.1,-101.8,-95.6,-93.4,-94.5,-31.1,-38.2,-40.7,-38.2,-38.9,-34.0,-25.8,-15.7,-12.8,-13.1,-14.5,-19.8,-30.7,-33.8,-32.7,-32.3,-25.9,-22.0,-22.2,-23.8,724.0,724.0,724.4,724.6,720.0,710.8,697.6,679.6,668.0,666.2,672.1,678.4,681.3,682.4,681.4,680.6,681.4,694.7,687.2,678.4,668.9,662.8,656.0,654.3,654.4,653.9,654.2,656.1,649.2,642.3,635.4,655.0,649.8,645.7,645.0,645.1,686.3,680.3,675.7,672.3,675.4,679.9,659.5,656.9,654.8,655.2,653.7,655.8,674.1,658.6,649.6,646.2,644.5,647.2,654.5,649.5,647.5,649.5,653.0,661.7,670.3,651.5,647.8,646.1,654.3,648.6,650.5,654.1,0.612,-0.007,0.330,0.111,324.741,131.792,-36.494,-8.585,-5.809,14.447,-8.890,-7.044,8.195,2.139,3.921,7.280,-1.318,1.354,0.161,-2.771,-2.480,1.250,2.036,-1.792,-0.450,0.788,0.356,0.243,-0.718,0.882,0.024,-1.193,0.629,0.237,-0.021,-0.073,0.079,-0.026,-0.012,0.073,0.19,0.02,1.00,0.03,0.47,3.73,0.15,0.40,0.00,0.00,0.15,0.13,0.51,0.00,1.60,1.49,0.00,1.00,0.00,1.00,0.00,1.00,1.00,0.00,0.00,0.00,0.00,0.00,0.00,1.00,0.00,1.00,1.00,0.00,0.00
163,0,16.200,0.98,1,-0.178911,0.124440,-0.975964,-0.324580,0.112849,-0.939102,-0.257,0.123,306.5,307.9,310.7,313.2,313.9,312.7,309.7,307.2,303.3,304.8,307.0,309.9,312.9,315.0,316.5,314.4,311.6,308.9,306.4,304.5,309.0,310.1,311.3,312.0,311.6,310.6,309.3,308.7,340.9,342.2,345.1,347.9,349.0,347.7,344.7,341.7,338.0,339.8,342.3,345.6,348.6,351.0,352.5,350.8,348.4,345.6,342.7,339.9,343.6,344.8,346.1,346.7,346.2,345.0,343.7,343.1,104.3,101.7,100.8,102.1,104.9,107.7,108.4,107.1,105.8,103.9,102.7,102.3,103.2,104.9,107.3,108.0,108.0,107.9,107.6,106.9,105.8,106.4,106.0,104.9,103.6,103.1,103.5,104.6,106.9,104.2,103.2,104.6,107.5,110.3,111.2,110.1,108.9,106.8,105.4,104.9,105.8,107.4,109.6,110.5,110.8,110.7,110.4,110.0,108.5,109.1,108.7,107.5,106.2,105.6,106.0,107.2,14.3,16.6,20.8,24.5,25.5,23.6,19.1,15.4,9.6,11.8,15.1,19.4,23.8,27.1,29.3,26.1,22.0,17.9,14.2,11.4,18.1,19.7,21.6,22.6,22.1,20.5,18.6,17.7,62.9,64.9,69.2,73.3,74.6,72.6,68.3,64.0,58.9,61.3,64.9,69.5,74.1,77.8,80.3,77.4,73.6,69.4,65.3,61.5,66.8,68.6,70.4,71.3,70.7,69.0,67.1,66.2,-97.8,-101.8,-103.1,-100.9,-96.5,-92.1,-91.2,-93.4,-96.3,-98.8,-100.1,-100.5,-99.0,-96.4,-93.0,-91.8,-91.6,-91.8,-92.6,-94.0,-95.4,-94.4,-95.0,-96.8,-98.7,-99.6,-99.1,-97.3,-89.0,-93.1,-94.7,-92.6,-88.3,-84.1,-82.6,-84.3,-86.2,-89.1,-91.1,-91.7,-90.6,-88.7,-85.8,-84.1,-83.3,-83.2,-83.7,-84.5,-86.8,-85.9,-86.5,-88.4,-90.3,-91.1,-90.5,-88.7,616.8,617.4,616.8,615.4,614.0,613.5,614.0,615.4,621.7,619.1,616.2,614.2,613.6,613.9,614.5,613.4,612.8,613.4,615.4,618.5,616.1,615.5,615.3,615.5,616.2,616.8,617.0,616.7,584.8,586.1,586.9,586.8,585.8,584.6,583.8,584.0,585.9,584.9,584.1,584.0,585.4,587.7,590.0,587.0,584.4,583.0,583.0,584.3,585.5,585.4,585.8,586.3,586.7,586.8,586.4,585.9,45.1,-60.3,668.0,0.077,0.350,0.104,294.5,293.0,292.8,293.6,294.9,298.0,302.7,309.0,318.5,329.8,341.4,352.3,361.0,367.0,370.6,372.9,374.6,297.7,302.3,308.5,314.8,320.4,333.5,341.4,349.4,356.7,361.6,325.4,323.5,321.6,319.6,313.6,316.9,320.5,325.1,329.5,303.2,307.3,312.5,316.4,311.8,306.5,337.9,342.7,348.3,352.7,348.2,342.7,307.1,311.0,316.3,319.8,324.2,331.3,338.1,330.9,323.7,319.0,314.9,310.1,309.4,316.1,319.7,324.1,335.5,323.9,319.4,315.7,109.2,120.2,131.5,142.6,153.3,163.0,171.3,178.0,180.9,181.1,177.4,171.3,163.0,152.6,140.9,128.7,116.5,96.5,91.4,90.2,91.3,94.5,95.3,92.8,93.1,95.9,101.7,104.6,111.3,117.8,124.6,132.1,133.7,135.0,134.4,133.7,105.9,102.4,103.1,107.4,108.1,107.7,109.0,105.2,105.8,109.6,110.9,110.5,150.4,145.7,143.8,145.2,144.6,147.7,152.9,159.1,160.9,160.8,160.0,156.9,150.6,148.1,148.6,148.8,152.8,155.2,155.1,154.2,-4.4,-7.2,-7.5,-6.1,-3.7,1.7,9.7,20.1,35.3,53.8,73.4,92.4,107.4,117.6,123.5,127.2,130.2,1.2,8.9,19.1,29.2,38.0,58.9,71.3,84.3,96.1,103.9,45.8,42.3,38.9,35.3,26.7,31.7,37.2,44.6,51.6,10.5,17.2,25.7,32.1,24.5,16.0,66.3,73.8,82.6,89.7,82.4,73.7,16.7,22.7,30.8,36.2,43.1,54.7,66.2,54.2,42.5,35.1,28.8,21.2,20.3,30.5,36.1,43.0,61.9,42.9,35.8,30.0,-106.3,-86.7,-66.7,-47.0,-27.8,-10.5,3.9,15.1,19.6,19.8,13.8,3.9,-10.0,-27.6,-47.2,-67.6,-88.1,-123.8,-131.0,-131.4,-127.7,-121.3,-118.8,-122.5,-122.1,-117.5,-108.4,-103.8,-92.1,-80.9,-69.3,-59.4,-56.4,-53.9,-54.8,-55.9,-106.5,-111.3,-109.5,-101.9,-101.2,-102.5,-97.2,-103.1,-101.8,-95.7,-93.4,-94.4,-30.8,-37.7,-40.3,-37.9,-38.7,-33.8,-25.9,-15.9,-12.9,-13.1,-14.5,-19.6,-30.4,-33.5,-32.4,-32.1,-26.0,-22.0,-22.2,-23.7,725.2,725.1,725.3,725.7,721.5,712.7,699.7,681.8,670.3,668.7,674.7,681.3,684.5,685.8,684.9,684.2,684.8,696.7,689.1,680.3,670.8,664.6,657.7,656.1,656.4,656.2,656.8,658.1,651.2,644.2,637.3,656.7,651.6,647.6,647.1,647.3,688.5,682.5,677.9,674.5,677.6,682.1,661.5,659.1,657.1,657.6,656.0,657.9,676.0,660.4,651.4,648.2,646.5,649.4,656.8,651.5,649.3,651.3,654.7,663.4,672.2,653.3,649.7,648.1,656.5,650.5,652.4,655.8,0.610,-0.005,0.319,0.107,324.841,132.033,-34.902,-11.032,-5.883,14.975,-8.502,-6.655,8.188,2.563,3.409,6.993,-1.352,1.245,-0.322,-3.277,-2.186,1.349,1.789,-1.725,-0.267,1.151,0.773,0.341,-0.873,0.943,0.024,-1.072,0.568,0.172,-0.034,-0.083,0.079,-0.028,-0.014,0.068,0.29,0.13,0.87,0.06,0.45,3.61,0.12,0.40,0.00,0.00,0.30,0.10,0.63,0.00,1.34,1.20,0.00,1.00,0.00,1.00,0.00,1.00,1.00,0.00,0.00,0.00,0.00,0.00,0.00,1.00,0.00,1.00,1.00,0.00,0.00
164,0,16.300,0.98,1,-0.171386,0.118673,-0.978030,-0.311962,0.109708,-0.943739,-0.246,0.118,304.7,306.1,308.9,311.4,312.2,311.0,308.0,305.5,301.6,303.0,305.2,308.0,311.0,313.3,314.8,312.7,309.9,307.2,304.7,302.8,307.3,308.4,309.6,310.2,309.9,308.8,307.5,306.9,339.1,340.4,343.3,346.1,347.2,345.9,343.0,340.0,336.2,338.0,340.5,343.7,346.9,349.3,350.8,349.1,346.7,343.9,340.9,338.2,341.8,343.0,344.3,344.9,344.4,343.1,341.9,341.3,105.4,102.7,101.7,103.0,105.8,108.7,109.4,108.1,106.9,105.0,103.7,103.3,104.1,105.9,108.2,108.9,109.0,109.0,108.7,108.1,106.9,107.4,107.0,105.8,104.6,104.1,104.5,105.6,107.4,104.6,103.6,105.0,107.9,110.7,111.7,110.6,109.5,107.4,105.9,105.4,106.2,107.8,110.0,110.9,111.3,111.2,110.9,110.5,109.0,109.6,109.2,107.9,106.7,106.1,106.5,107.7,11.6,13.7,17.9,21.6,22.7,20.9,16.4,12.7,7.0,9.1,12.3,16.5,21.0,24.4,26.6,23.4,19.3,15.2,11.6,8.7,15.4,17.0,18.9,19.8,19.3,17.7,15.9,14.9,60.0,62.0,66.2,70.3,71.8,69.8,65.5,61.2,56.0,58.5,61.9,66.6,71.2,74.9,77.4,74.6,70.8,66.7,62.5,58.7,64.0,65.7,67.6,68.5,67.8,66.0,64.2,63.3,-95.7,-99.8,-101.1,-99.0,-94.6,-90.2,-89.2,-91.3,-94.1,-96.7,-98.1,-98.4,-97.0,-94.5,-91.1,-89.8,-89.6,-89.7,-90.5,-91.9,-93.4,-92.4,-93.0,-94.8,-96.7,-97.7,-97.1,-95.3,-87.8,-92.0,-93.6,-91.6,-87.3,-83.1,-81.5,-83.2,-85.0,-87.9,-89.9,-90.6,-89.6,-87.8,-85.0,-83.2,-82.3,-82.1,-82.6,-83.3,-85.6,-84.8,-85.5,-87.3,-89.2,-90.1,-89.4,-87.5,613.7,614.2,613.6,612.1,610.8,610.4,610.9,612.3,618.8,616.0,613.1,611.0,610.4,610.7,611.3,610.3,609.7,610.4,612.4,615.5,613.0,612.4,612.1,612.4,613.0,613.6,613.9,613.6,582.0,583.3,584.1,584.0,583.1,581.9,581.1,581.3,583.1,582.1,581.3,581.2,582.7,585.0,587.4,584.4,581.8,580.3,580.3,581.5,582.7,582.7,583.1,583.6,584.0,584.0,583.7,583.1,43.2,-60.3,672.6,0.071,0.330,0.094,292.7,291.2,291.1,291.9,293.3,296.5,301.4,308.1,317.8,329.3,340.8,351.7,360.3,366.0,369.4,371.5,372.9,295.9,300.3,306.5,312.8,318.4,331.6,339.5,347.6,355.0,359.9,323.6,321.8,320.1,318.2,312.4,315.7,319.3,323.8,328.1,301.5,305.5,310.7,314.7,310.1,304.8,336.1,340.9,346.5,350.9,346.5,341.0,306.1,310.2,315.3,318.7,323.0,329.8,336.6,329.5,322.8,318.1,314.2,309.5,308.4,315.1,318.6,322.9,333.9,322.8,318.5,314.8,110.5,121.1,132.0,142.8,153.2,162.6,170.6,177.2,179.9,180.0,176.4,170.7,162.7,152.5,141.0,129.0,116.9,97.6,92.5,91.2,92.2,95.3,95.7,93.2,93.4,96.2,102.0,105.5,112.2,118.7,125.6,133.1,134.6,135.8,135.2,134.5,107.0,103.5,104.0,108.3,109.1,108.8,109.6,105.7,106.2,109.9,111.3,111.0,150.7,146.5,144.7,146.0,145.3,148.2,152.7,157.7,159.2,159.1,158.5,156.1,150.9,149.0,149.4,149.5,152.6,153.7,153.7,152.9,-7.7,-10.3,-10.6,-9.1,-6.5,-0.9,7.6,18.7,34.4,53.3,73.1,92.3,107.5,117.6,123.2,126.5,129.0,-1.9,5.6,15.9,26.2,35.1,56.2,68.8,82.2,94.1,102.4,43.3,40.0,36.7,33.5,25.0,30.1,35.6,42.9,49.8,7.7,14.3,22.9,29.6,21.9,13.2,64.0,71.6,80.5,87.8,80.4,71.7,15.2,21.5,29.4,34.8,41.6,52.7,64.2,52.3,41.2,33.9,27.8,20.4,18.8,29.2,34.7,41.5,59.8,41.4,34.5,28.7,-104.9,-85.9,-66.4,-47.0,-28.2,-11.2,2.8,13.8,18.0,18.2,12.4,2.9,-10.7,-28.0,-47.6,-68.0,-88.5,-123.0,-130.3,-130.9,-127.3,-121.1,-119.0,-122.9,-122.8,-118.2,-109.1,-103.4,-91.5,-80.0,-68.3,-58.3,-55.4,-53.1,-54.0,-55.3,-105.6,-110.5,-108.9,-101.3,-100.3,-101.4,-97.2,-103.3,-102.2,-96.2,-93.6,-94.4,-30.4,-36.6,-39.1,-36.8,-37.8,-33.4,-26.5,-18.1,-15.7,-15.8,-17.0,-21.1,-30.0,-32.3,-31.4,-31.2,-26.6,-24.5,-24.6,-26.0,731.3,731.1,731.2,731.6,727.5,718.4,704.5,686.2,674.8,674.0,681.2,688.9,693.1,695.0,694.5,693.3,693.7,702.9,695.1,686.2,676.5,670.2,662.8,661.5,662.4,662.8,664.1,664.1,657.0,649.7,642.5,662.1,657.2,653.2,652.9,653.3,694.5,688.4,683.7,680.5,683.4,687.9,667.9,665.6,663.8,664.6,662.7,664.4,679.5,664.3,656.4,653.4,651.8,654.7,662.0,655.8,653.3,655.1,658.2,666.4,675.5,658.2,654.8,653.3,661.2,654.7,656.3,659.6,0.605,-0.008,0.299,0.096,323.447,132.272,-24.615,-13.010,-11.868,13.408,-8.480,-3.566,6.773,3.536,1.958,7.814,-2.153,0.475,-0.498,-3.551,-0.569,1.369,0.672,-1.405,0.098,1.002,0.756,0.502,-1.040,1.154,0.018,-1.190,0.453,0.093,-0.062,-0.070,0.083,-0.007,0.007,0.044,0.31,0.13,0.82,0.12,0.33,3.44,0.16,0.32,0.00,0.00,0.46,0.02,0.48,0.00,1.03,0.83,0.00,1.00,1.00,1.00,0.00,1.00,1.00,0.00,0.00,0.00,0.00,0.00,0.00,1.00,0.00,0.00,0.00,0.00,0.00
165,0,16.400,0.98,1,-0.171164,0.110231,-0.979057,-0.311269,0.100633,-0.944978,-0.246,0.109,304.0,305.4,308.2,310.7,311.5,310.3,307.3,304.7,300.9,302.3,304.5,307.4,310.4,312.6,314.1,312.0,309.2,306.4,304.0,302.0,306.6,307.7,308.9,309.5,309.2,308.1,306.8,306.2,338.7,340.0,342.9,345.7,346.9,345.6,342.6,339.5,335.8,337.5,340.1,343.3,346.5,348.9,350.4,348.7,346.3,343.5,340.5,337.7,341.4,342.6,343.9,344.5,344.0,342.8,341.5,340.9,105.1,102.4,101.4,102.7,105.6,108.5,109.2,107.9,106.7,104.7,103.4,102.9,103.8,105.6,108.0,108.8,108.9,108.8,108.5,107.9,106.6,107.2,106.8,105.6,104.4,103.8,104.2,105.4,107.2,104.4,103.4,104.8,107.7,110.5,111.6,110.4,109.3,107.1,105.6,105.1,106.0,107.6,109.8,110.8,111.1,111.1,110.8,110.4,108.8,109.4,109.0,107.7,106.5,105.9,106.3,107.5,10.3,12.5,16.6,20.3,21.4,19.6,15.1,11.4,5.8,7.9,11.1,15.3,19.8,23.1,25.3,22.1,18.0,13.9,10.3,7.5,14.2,15.8,17.6,18.5,18.1,16.4,14.6,13.7,58.9,60.9,65.1,69.2,70.6,68.6,64.4,60.1,54.9,57.3,60.8,65.4,70.0,73.8,76.3,73.4,69.6,65.5,61.4,57.6,62.8,64.6,66.5,67.3,66.7,64.9,63.0,62.2,-94.8,-98.9,-100.2,-98.1,-93.7,-89.3,-88.3,-90.4,-93.2,-95.8,-97.2,-97.6,-96.2,-93.6,-90.2,-88.9,-88.6,-88.8,-89.6,-91.0,-92.5,-91.5,-92.1,-93.9,-95.8,-96.7,-96.2,-94.4,-87.3,-91.5,-93.1,-91.1,-86.8,-82.6,-81.1,-82.7,-84.5,-87.5,-89.5,-90.3,-89.2,-87.3,-84.4,-82.6,-81.8,-81.6,-82.0,-82.8,-85.2,-84.3,-85.0,-86.8,-88.7,-89.6,-88.9,-87.1,605.6,606.1,605.4,603.9,602.6,602.2,602.7,604.2,610.7,607.9,605.0,602.8,602.2,602.4,603.0,602.0,601.5,602.2,604.3,607.4,604.9,604.2,603.9,604.2,604.8,605.4,605.7,605.5,576.9,578.2,579.0,578.9,578.0,576.7,575.9,576.1,577.9,577.0,576.2,576.2,577.5,579.9,582.2,579.2,576.6,575.1,575.1,576.4,577.6,577.5,577.9,578.5,578.9,578.9,578.5,578.0,42.1,-60.0,669.9,0.068,0.330,0.092,292.1,290.8,290.8,291.7,293.1,296.2,301.1,307.7,317.4,328.9,340.6,351.5,360.1,365.7,368.9,371.0,372.4,294.9,299.2,305.5,311.9,317.6,331.0,338.9,347.2,354.6,359.5,323.0,321.2,319.4,317.6,311.8,315.0,318.6,323.2,327.5,300.8,304.7,310.0,314.1,309.4,304.1,335.7,340.5,346.1,350.6,346.1,340.6,305.7,309.7,314.8,318.2,322.4,329.2,335.9,328.9,322.1,317.6,313.7,309.0,307.9,314.6,318.1,322.4,333.2,322.3,317.9,314.3,110.5,121.3,132.3,143.1,153.6,163.0,170.9,177.4,180.0,180.1,176.5,170.7,162.6,152.5,141.0,129.0,117.0,98.1,92.8,91.4,92.5,95.5,96.1,93.6,93.8,96.6,102.4,105.4,112.2,118.9,125.8,133.2,134.8,136.0,135.4,134.6,106.8,103.2,103.7,108.1,108.9,108.7,109.5,105.4,105.9,109.8,111.2,110.9,151.0,146.8,145.0,146.3,145.6,148.4,152.9,157.6,159.0,158.9,158.3,156.0,151.1,149.2,149.7,149.7,152.8,153.5,153.5,152.8,-8.8,-11.1,-11.0,-9.6,-7.0,-1.4,7.1,17.9,33.5,52.4,72.5,91.7,106.7,116.5,122.0,125.2,127.7,-3.7,3.8,14.2,24.6,33.7,55.0,67.8,81.1,93.2,101.5,42.2,38.8,35.5,32.2,23.9,28.9,34.5,41.7,48.6,6.4,13.0,21.7,28.4,20.7,11.9,63.1,70.7,79.7,87.0,79.5,70.7,14.4,20.6,28.4,33.8,40.5,51.4,62.9,51.0,40.1,32.9,26.8,19.6,18.0,28.3,33.7,40.5,58.4,40.3,33.5,27.8,-104.7,-85.4,-65.7,-46.3,-27.4,-10.5,3.3,14.0,18.1,18.2,12.4,2.8,-10.8,-28.1,-47.5,-67.6,-88.0,-121.9,-129.4,-130.0,-126.4,-120.2,-118.0,-121.8,-121.7,-117.1,-108.0,-103.1,-91.1,-79.5,-67.6,-57.8,-54.9,-52.6,-53.6,-54.9,-105.6,-110.7,-109.0,-101.2,-100.2,-101.4,-97.1,-103.4,-102.3,-96.1,-93.5,-94.3,-29.9,-36.0,-38.5,-36.2,-37.2,-32.9,-26.1,-18.2,-16.0,-16.1,-17.2,-21.1,-29.6,-31.8,-30.9,-30.8,-26.2,-24.7,-24.8,-26.1,730.4,730.2,730.0,729.8,725.3,715.9,701.9,683.2,671.7,670.9,678.5,686.3,690.8,692.6,692.1,690.8,691.2,701.0,692.9,683.8,674.0,667.4,660.6,659.4,660.2,660.4,661.9,661.4,654.1,646.7,639.4,659.3,654.3,650.2,649.8,650.3,692.0,686.0,681.2,678.1,680.9,685.5,665.7,663.4,661.6,662.5,660.5,662.3,676.6,661.6,653.8,650.9,649.3,652.3,659.4,653.0,650.4,652.1,655.2,663.4,672.6,655.6,652.3,650.9,658.5,651.8,653.3,656.6,0.607,-0.011,0.301,0.093,322.912,132.356,-21.612,-10.576,-12.506,13.380,-8.098,-1.758,6.386,3.379,4.037,7.263,-1.818,0.976,-0.059,-3.179,-0.341,1.005,1.574,-1.158,0.577,1.253,0.770,0.569,-1.040,1.143,0.166,-1.241,0.508,0.118,-0.027,-0.072,0.070,-0.001,0.012,0.052,0.37,0.13,0.85,0.13,0.23,3.34,0.18,0.23,0.00,0.00,0.61,0.04,0.37,0.00,0.64,0.45,0.00,1.00,1.00,1.00,0.00,1.00,1.00,0.00,0.00,0.00,0.00,0.00,0.00,1.00,0.00,0.00,0.00,0.00,0.00
166,0,16.500,0.98,1,-0.171986,0.107851,-0.979178,-0.312420,0.098399,-0.944834,-0.247,0.107,303.9,305.3,308.1,310.7,311.4,310.2,307.2,304.7,300.8,302.2,304.4,307.3,310.3,312.6,314.1,311.9,309.1,306.4,303.9,302.0,306.5,307.6,308.8,309.4,309.1,308.0,306.8,306.1,338.6,339.9,342.8,345.6,346.8,345.5,342.5,339.5,335.7,337.5,340.0,343.2,346.4,348.8,350.3,348.6,346.2,343.4,340.4,337.7,341.3,342.6,343.8,344.4,343.9,342.7,341.4,340.8,105.1,102.5,101.5,102.8,105.6,108.5,109.2,107.9,106.7,104.7,103.4,102.9,103.8,105.6,108.0,108.8,108.9,108.9,108.5,107.9,106.6,107.2,106.8,105.6,104.4,103.8,104.2,105.4,107.2,104.4,103.4,104.8,107.7,110.5,111.5,110.4,109.3,107.1,105.6,105.1,106.0,107.6,109.8,110.8,111.1,111.1,110.8,110.3,108.8,109.4,109.0,107.7,106.4,105.8,106.3,107.5,10.2,12.4,16.6,20.3,21.3,19.5,15.1,11.4,5.7,7.8,11.0,15.2,19.7,23.0,25.2,22.0,17.9,13.8,10.3,7.4,14.1,15.7,17.5,18.4,18.0,16.3,14.5,13.6,59.0,60.9,65.2,69.2,70.7,68.7,64.5,60.1,55.0,57.4,60.9,65.5,70.1,73.8,76.3,73.5,69.7,65.6,61.4,57.6,62.9,64.7,66.5,67.4,66.7,65.0,63.1,62.3,-94.9,-99.0,-100.3,-98.1,-93.8,-89.4,-88.4,-90.5,-93.3,-95.9,-97.3,-97.7,-96.3,-93.7,-90.3,-89.0,-88.7,-88.9,-89.6,-91.0,-92.5,-91.6,-92.2,-94.0,-95.9,-96.8,-96.2,-94.5,-87.6,-91.8,-93.4,-91.4,-87.1,-82.9,-81.4,-83.0,-84.8,-87.8,-89.8,-90.5,-89.5,-87.6,-84.7,-82.9,-82.1,-81.9,-82.3,-83.1,-85.5,-84.6,-85.3,-87.1,-89.0,-89.9,-89.2,-87.3,606.3,606.8,606.1,604.7,603.3,602.9,603.4,604.9,611.4,608.7,605.7,603.6,602.9,603.1,603.7,602.7,602.2,602.9,605.0,608.1,605.6,604.9,604.7,604.9,605.5,606.1,606.4,606.2,578.7,580.0,580.8,580.7,579.7,578.5,577.7,577.9,579.7,578.8,578.0,577.9,579.3,581.6,583.9,580.9,578.3,576.9,576.9,578.2,579.3,579.3,579.7,580.2,580.6,580.7,580.3,579.8,42.0,-59.9,669.6,0.064,0.332,0.091,292.0,290.8,290.8,291.6,293.1,296.2,301.1,307.6,317.3,328.9,340.6,351.6,360.1,365.7,368.9,370.9,372.3,294.8,299.1,305.4,311.8,317.5,330.9,338.9,347.1,354.5,359.4,323.0,321.2,319.4,317.5,311.7,315.0,318.6,323.1,327.4,300.7,304.7,309.9,314.0,309.3,304.0,335.6,340.4,346.1,350.5,346.0,340.5,305.6,309.7,314.7,318.1,322.4,329.2,335.9,328.8,322.1,317.5,313.6,309.0,307.8,314.5,318.1,322.4,333.1,322.2,317.9,314.3,110.7,121.5,132.5,143.4,153.8,163.2,171.1,177.5,180.1,180.1,176.5,170.7,162.7,152.5,141.0,129.1,117.1,98.1,92.8,91.4,92.5,95.5,96.1,93.6,93.8,96.6,102.4,105.4,112.2,118.9,125.8,133.3,134.8,136.0,135.4,134.6,106.8,103.2,103.7,108.1,109.0,108.7,109.5,105.4,105.9,109.8,111.2,110.8,151.0,146.8,145.0,146.3,145.6,148.4,152.9,157.6,158.9,158.9,158.3,156.0,151.1,149.2,149.7,149.7,152.8,153.5,153.5,152.8,-8.9,-11.1,-11.1,-9.6,-7.0,-1.4,7.0,17.8,33.3,52.3,72.4,91.7,106.7,116.5,121.9,125.0,127.5,-3.8,3.6,14.1,24.4,33.5,54.9,67.7,81.0,93.0,101.2,42.1,38.7,35.4,32.1,23.8,28.8,34.3,41.6,48.5,6.3,12.9,21.6,28.2,20.5,11.8,62.9,70.5,79.5,86.8,79.4,70.6,14.3,20.5,28.3,33.7,40.4,51.4,62.8,50.9,40.0,32.8,26.7,19.5,17.9,28.2,33.6,40.4,58.3,40.3,33.4,27.7,-104.4,-85.0,-65.2,-45.8,-27.0,-10.1,3.6,14.1,18.2,18.2,12.5,2.9,-10.7,-28.0,-47.4,-67.5,-87.9,-121.8,-129.3,-130.0,-126.4,-120.2,-118.0,-121.8,-121.7,-117.1,-108.0,-103.1,-91.1,-79.4,-67.6,-57.7,-54.9,-52.5,-53.5,-54.9,-105.5,-110.6,-109.0,-101.2,-100.2,-101.3,-97.1,-103.4,-102.3,-96.1,-93.5,-94.4,-29.8,-35.9,-38.4,-36.2,-37.2,-32.9,-26.1,-18.3,-16.0,-16.1,-17.2,-21.1,-29.5,-31.8,-30.9,-30.8,-26.2,-24.7,-24.8,-26.1,730.4,730.1,729.9,729.6,725.0,715.4,701.3,682.6,670.9,670.2,677.8,685.7,690.1,692.0,691.5,690.2,690.7,700.8,692.7,683.7,673.9,667.3,660.5,659.3,660.0,660.2,661.6,661.3,653.9,646.5,639.2,659.1,654.0,649.9,649.5,649.9,691.7,685.7,681.0,677.9,680.7,685.2,665.5,663.2,661.4,662.2,660.3,662.1,676.2,661.3,653.5,650.5,649.0,651.9,659.0,652.5,649.9,651.6,654.8,662.9,672.2,655.2,651.9,650.5,658.1,651.3,652.9,656.1,0.607,-0.014,0.303,0.092,322.859,132.386,-21.805,-10.121,-12.551,13.037,-8.193,-1.517,6.476,3.469,4.014,7.421,-1.776,1.064,-0.008,-3.154,-0.239,0.947,1.668,-1.340,0.548,1.201,0.833,0.563,-1.042,1.139,0.179,-1.237,0.518,0.114,-0.029,-0.074,0.072,-0.000,0.011,0.052,0.18,0.00,0.72,0.31,0.11,3.26,0.15,0.22,0.00,0.00,0.75,0.10,0.13,0.04,0.36,0.19,0.00,1.00,1.00,1.00,0.00,1.00,1.00,0.00,0.00,0.00,0.00,0.00,0.00,1.00,0.00,0.00,0.00,0.00,0.00
167,0,16.600,0.98,1,-0.161070,0.089784,-0.982851,-0.295027,0.083351,-0.951847,-0.232,0.089,303.5,304.8,307.6,310.2,311.1,309.9,306.9,304.3,300.4,301.8,303.9,306.8,309.9,312.2,313.7,311.6,308.8,306.0,303.6,301.6,306.1,307.2,308.5,309.1,308.7,307.6,306.3,305.7,338.2,339.4,342.3,345.2,346.3,345.1,342.2,339.1,335.3,337.0,339.5,342.8,346.0,348.4,349.9,348.2,345.8,343.1,340.1,337.3,340.9,342.2,343.4,344.0,343.5,342.2,340.9,340.4,105.3,102.6,101.5,102.7,105.5,108.5,109.3,108.1,107.0,104.9,103.5,102.9,103.8,105.5,107.9,108.7,108.9,109.0,108.7,108.1,106.7,107.3,106.8,105.6,104.4,103.8,104.3,105.5,106.5,103.7,102.6,103.9,106.8,109.7,110.8,109.7,108.7,106.4,104.8,104.2,105.1,106.7,108.9,109.9,110.3,110.3,110.0,109.7,108.0,108.6,108.2,106.9,105.6,105.0,105.5,106.8,9.6,11.6,15.7,19.5,20.7,18.9,14.5,10.8,5.1,7.1,10.2,14.4,18.9,22.3,24.6,21.5,17.4,13.3,9.7,6.8,13.4,15.1,16.9,17.8,17.2,15.6,13.8,12.9,58.1,59.9,64.1,68.2,69.8,67.9,63.7,59.3,54.1,56.5,59.9,64.6,69.2,72.9,75.4,72.6,68.9,64.8,60.6,56.8,62.0,63.8,65.6,66.5,65.8,64.0,62.2,61.3,-94.1,-98.3,-99.7,-97.7,-93.3,-88.9,-87.8,-89.8,-92.4,-95.1,-96.6,-97.2,-95.8,-93.3,-89.9,-88.5,-88.2,-88.2,-88.9,-90.2,-91.9,-91.0,-91.7,-93.5,-95.4,-96.3,-95.6,-93.8,-88.2,-92.4,-94.1,-92.2,-87.9,-83.7,-82.0,-83.6,-85.3,-88.3,-90.4,-91.3,-90.3,-88.5,-85.6,-83.8,-82.8,-82.6,-82.9,-83.6,-86.1,-85.3,-86.0,-87.9,-89.7,-90.6,-89.8,-88.0,602.9,603.4,602.8,601.3,599.9,599.5,600.0,601.5,608.0,605.3,602.4,600.2,599.5,599.7,600.3,599.3,598.8,599.5,601.6,604.7,602.2,601.6,601.3,601.5,602.1,602.8,603.1,602.8,575.7,577.0,577.9,577.9,577.0,575.7,574.8,575.0,576.7,575.8,575.1,575.1,576.6,579.0,581.3,578.3,575.6,574.1,574.0,575.2,576.5,576.5,576.9,577.4,577.8,577.8,577.4,576.9,42.0,-60.7,670.8,0.040,0.307,0.081,291.3,290.2,290.4,291.4,292.9,296.1,301.1,308.0,317.7,329.2,340.8,351.5,360.0,365.6,368.9,370.8,372.0,294.2,298.4,304.8,311.3,317.2,330.0,338.0,346.3,354.0,359.1,322.5,320.8,319.2,317.5,311.8,315.1,318.7,323.2,327.5,300.3,304.2,309.5,313.7,309.0,303.6,335.2,339.9,345.6,350.0,345.7,340.1,306.3,310.4,315.2,318.5,322.6,328.9,335.4,328.8,322.6,318.2,314.5,310.0,308.6,315.1,318.5,322.6,332.7,322.5,318.4,314.9,111.6,122.2,132.9,143.6,153.9,163.2,171.0,177.2,179.5,179.5,175.9,170.2,162.3,152.2,140.7,128.7,116.6,98.9,93.4,91.9,92.8,95.7,95.9,93.2,93.2,96.0,101.9,105.1,111.8,118.5,125.5,133.1,134.5,135.6,134.9,134.1,107.0,103.3,103.6,108.0,109.0,108.9,108.8,104.6,105.0,108.9,110.4,110.1,151.1,146.8,144.9,146.0,145.2,147.9,152.1,155.9,156.9,157.0,156.5,154.9,151.0,149.1,149.4,149.3,151.9,151.6,151.6,151.1,-10.2,-12.2,-11.8,-10.1,-7.3,-1.6,7.1,18.4,34.2,53.1,72.9,92.1,107.4,117.4,123.1,126.0,128.2,-4.9,2.4,13.2,23.8,33.1,53.7,66.6,80.4,92.9,101.6,41.5,38.4,35.3,32.2,23.9,29.0,34.6,41.8,48.8,5.7,12.2,21.0,27.8,20.1,11.2,62.7,70.3,79.4,86.7,79.4,70.4,15.4,21.7,29.2,34.4,40.8,51.1,62.2,50.9,40.8,33.9,28.1,21.0,19.0,29.1,34.4,40.9,57.6,40.8,34.2,28.8,-103.0,-84.0,-64.7,-45.5,-26.8,-10.2,3.4,13.7,17.3,17.2,11.5,2.1,-11.4,-28.8,-48.5,-68.9,-89.6,-121.1,-129.0,-129.9,-126.5,-120.5,-119.0,-123.2,-123.5,-119.1,-109.8,-104.2,-92.1,-80.3,-68.4,-58.1,-55.4,-53.3,-54.4,-55.9,-105.6,-111.0,-109.7,-101.9,-100.7,-101.5,-98.8,-105.4,-104.5,-98.3,-95.6,-96.2,-29.7,-35.9,-38.7,-36.7,-37.9,-33.8,-27.4,-21.0,-19.3,-19.2,-20.1,-22.9,-29.6,-32.0,-31.4,-31.4,-27.6,-27.9,-27.8,-28.9,732.8,732.2,731.6,731.1,726.4,716.7,702.6,683.6,672.1,671.9,680.2,689.2,695.2,698.1,698.5,697.2,697.6,704.6,696.4,687.2,677.5,671.0,664.5,663.5,664.9,665.7,667.6,665.1,657.2,649.2,641.3,661.1,655.9,651.9,651.9,652.7,695.3,689.5,684.6,681.5,684.2,688.7,669.9,667.9,666.3,667.3,665.0,666.5,675.6,661.4,654.7,652.0,650.6,653.5,660.5,653.4,650.5,652.1,655.0,662.3,671.4,656.3,653.2,652.1,659.2,652.2,653.5,656.5,0.605,-0.036,0.276,0.081,322.780,131.984,-13.632,-12.824,-16.851,15.869,-9.624,0.874,7.415,3.198,4.272,6.204,-1.450,1.418,-0.828,-3.012,1.403,0.179,0.622,-1.247,1.637,1.314,0.617,0.457,-0.990,0.939,0.226,-1.249,0.514,0.083,-0.052,-0.106,0.093,-0.017,0.010,0.030,0.29,0.03,0.76,0.36,0.10,3.32,0.08,0.18,0.00,0.00,0.99,0.27,0.08,0.07,0.21,0.10,0.00,1.00,1.00,1.00,0.00,1.00,1.00,0.00,0.00,0.00,0.00,1.00,0.00,0.00,0.00,0.00,0.00,0.00,0.00
168,0,16.700,0.98,1,-0.161053,0.092687,-0.982584,-0.300041,0.086544,-0.949992,-0.234,0.092,303.7,305.0,307.8,310.4,311.2,310.1,307.1,304.5,300.7,302.0,304.1,307.0,310.1,312.3,313.9,311.8,309.0,306.2,303.8,301.8,306.3,307.4,308.6,309.2,308.9,307.8,306.5,305.9,338.4,339.7,342.5,345.4,346.5,345.3,342.5,339.4,335.6,337.3,339.8,343.0,346.2,348.6,350.1,348.4,346.1,343.3,340.4,337.6,341.2,342.4,343.7,344.2,343.7,342.4,341.2,340.7,105.5,102.8,101.7,102.9,105.7,108.7,109.5,108.3,107.2,105.1,103.7,103.2,104.0,105.7,108.1,108.9,109.1,109.2,108.9,108.4,106.9,107.5,107.0,105.8,104.6,104.1,104.5,105.7,106.7,103.9,102.8,104.1,107.0,109.8,110.9,109.9,108.9,106.6,105.0,104.4,105.3,106.8,109.0,110.0,110.4,110.5,110.2,109.9,108.2,108.8,108.3,107.1,105.8,105.2,105.7,106.9,9.9,12.0,16.1,19.8,21.0,19.3,14.9,11.1,5.5,7.4,10.6,14.8,19.3,22.7,25.0,21.8,17.7,13.6,10.0,7.2,13.8,15.4,17.2,18.1,17.6,16.0,14.2,13.3,59.1,60.9,65.1,69.2,70.8,68.9,64.7,60.3,55.1,57.5,60.9,65.5,70.2,73.9,76.4,73.7,69.9,65.8,61.6,57.8,63.0,64.8,66.7,67.5,66.8,65.0,63.2,62.3,-94.3,-98.4,-99.8,-97.8,-93.5,-89.0,-87.9,-89.9,-92.5,-95.2,-96.8,-97.3,-96.0,-93.5,-90.1,-88.7,-88.3,-88.3,-89.0,-90.3,-92.0,-91.1,-91.8,-93.6,-95.5,-96.4,-95.7,-93.9,-88.8,-93.0,-94.7,-92.8,-88.5,-84.3,-82.7,-84.2,-85.9,-89.0,-91.1,-91.9,-91.0,-89.1,-86.3,-84.4,-83.5,-83.2,-83.5,-84.2,-86.8,-85.9,-86.7,-88.5,-90.4,-91.2,-90.5,-88.6,605.7,606.2,605.5,604.0,602.6,602.3,602.8,604.3,610.8,608.1,605.1,602.9,602.3,602.5,603.1,602.1,601.5,602.3,604.4,607.5,605.0,604.3,604.0,604.3,604.9,605.5,605.8,605.6,581.7,583.0,583.8,583.8,582.9,581.7,580.8,581.0,582.7,581.8,581.1,581.0,582.5,584.9,587.2,584.2,581.6,580.0,580.0,581.2,582.4,582.4,582.8,583.4,583.7,583.8,583.4,582.8,42.6,-60.8,674.0,0.041,0.310,0.078,291.4,290.3,290.6,291.6,293.1,296.3,301.3,308.2,317.9,329.5,341.1,351.9,360.3,365.8,369.0,370.8,371.9,294.5,298.9,305.2,311.6,317.3,330.5,338.2,346.2,353.6,358.8,322.8,321.2,319.6,317.9,312.2,315.5,319.1,323.5,327.8,300.6,304.4,309.7,313.8,309.2,303.8,335.5,340.2,345.8,350.2,345.9,340.4,306.6,310.7,315.6,318.9,322.9,329.2,335.5,329.0,322.8,318.5,314.8,310.3,308.8,315.4,318.8,322.9,332.8,322.8,318.7,315.2,112.0,122.5,133.3,144.0,154.3,163.5,171.0,177.0,179.2,179.3,175.8,170.2,162.2,152.1,140.6,128.6,116.5,98.5,93.3,92.0,93.0,95.8,96.1,93.4,93.2,95.6,101.1,105.2,112.1,118.8,125.8,133.4,134.9,136.0,135.2,134.4,107.2,103.5,103.9,108.1,109.2,109.1,109.0,104.8,105.2,109.0,110.5,110.3,151.4,147.2,145.2,146.4,145.6,148.2,152.4,156.0,157.0,157.1,156.6,155.1,151.3,149.4,149.7,149.7,152.2,151.7,151.8,151.2,-10.1,-12.1,-11.6,-9.7,-6.9,-1.3,7.4,18.8,34.6,53.6,73.7,93.0,108.2,117.9,123.4,126.2,128.3,-4.4,3.2,13.9,24.4,33.5,54.8,67.3,80.5,92.5,101.3,42.2,39.2,36.1,33.1,24.8,29.8,35.4,42.6,49.4,6.1,12.6,21.4,28.2,20.5,11.6,63.5,70.9,80.0,87.3,80.0,71.2,15.9,22.4,29.9,35.1,41.5,51.8,62.6,51.4,41.3,34.5,28.7,21.6,19.5,29.7,35.1,41.6,58.0,41.4,34.8,29.4,-102.8,-83.7,-64.2,-44.9,-26.3,-9.7,3.5,13.4,16.9,16.9,11.4,2.0,-11.6,-29.0,-48.7,-69.2,-89.9,-122.1,-129.6,-130.2,-126.8,-120.9,-119.4,-123.5,-123.9,-120.1,-111.3,-104.4,-92.1,-80.3,-68.2,-57.9,-55.2,-53.1,-54.2,-55.7,-105.6,-111.1,-109.7,-102.0,-100.7,-101.5,-98.9,-105.4,-104.6,-98.4,-95.6,-96.2,-29.2,-35.6,-38.4,-36.4,-37.6,-33.5,-27.0,-20.9,-19.2,-19.2,-20.0,-22.7,-29.2,-31.6,-31.0,-31.0,-27.2,-27.8,-27.8,-28.8,735.1,734.6,734.2,733.9,729.2,719.2,704.8,685.8,674.3,674.0,682.3,691.4,697.2,699.9,699.9,698.4,698.7,706.5,698.6,689.9,680.5,674.3,667.8,666.6,667.4,667.6,668.7,668.3,660.6,652.9,645.3,664.5,659.4,655.6,655.3,656.0,697.9,692.1,687.3,684.2,686.9,691.4,672.5,670.3,668.7,669.7,667.5,669.1,678.4,664.6,658.2,655.5,654.2,656.8,663.2,656.3,653.7,655.2,658.1,665.3,674.2,659.6,656.6,655.4,661.9,655.4,656.7,659.7,0.603,-0.034,0.280,0.078,323.008,132.130,-18.269,-12.715,-19.876,13.630,-9.607,1.516,7.474,3.785,3.322,6.693,-0.602,1.735,-0.837,-3.083,0.709,-0.116,0.997,-1.260,1.140,1.295,0.841,0.544,-1.184,0.681,0.167,-1.174,0.484,0.089,-0.046,-0.106,0.105,-0.008,0.005,0.034,0.26,0.03,0.72,0.34,0.05,3.30,0.06,0.17,0.00,0.00,1.24,0.39,0.00,0.10,0.10,0.00,0.00,1.00,1.00,1.00,0.00,1.00,1.00,0.00,0.00,0.00,0.00,1.00,0.00,0.00,0.00,0.00,0.00,0.00,0.00
169,0,16.800,0.98,1,-0.168433,0.094318,-0.981190,-0.306332,0.088956,-0.947759,-0.241,0.095,303.0,304.3,307.1,309.6,310.5,309.3,306.4,303.8,300.0,301.3,303.4,306.3,309.3,311.6,313.2,311.0,308.3,305.5,303.1,301.2,305.6,306.7,307.9,308.5,308.1,307.0,305.8,305.2,337.5,338.7,341.6,344.4,345.6,344.4,341.5,338.4,334.6,336.4,338.8,342.1,345.2,347.6,349.2,347.5,345.1,342.3,339.4,336.6,340.2,341.4,342.7,343.2,342.7,341.5,340.2,339.7,105.8,103.1,102.0,103.2,106.0,108.9,109.8,108.6,107.5,105.4,104.0,103.4,104.2,106.0,108.3,109.2,109.4,109.5,109.2,108.6,107.2,107.7,107.3,106.1,104.9,104.3,104.8,106.0,106.9,104.1,103.0,104.3,107.2,110.0,111.1,110.1,109.1,106.8,105.3,104.7,105.5,107.0,109.2,110.3,110.6,110.7,110.4,110.1,108.4,109.0,108.5,107.3,106.0,105.5,105.9,107.2,8.9,10.9,15.0,18.7,19.9,18.2,13.8,10.1,4.5,6.4,9.5,13.7,18.2,21.6,23.9,20.8,16.6,12.6,9.0,6.2,12.8,14.4,16.2,17.1,16.5,14.9,13.1,12.2,57.8,59.7,63.9,68.0,69.5,67.6,63.4,59.1,53.9,56.2,59.6,64.3,68.9,72.7,75.2,72.4,68.7,64.5,60.4,56.6,61.8,63.5,65.4,66.2,65.5,63.7,61.9,61.1,-94.0,-98.1,-99.6,-97.5,-93.2,-88.8,-87.6,-89.7,-92.3,-95.0,-96.5,-97.0,-95.7,-93.2,-89.8,-88.4,-88.0,-88.0,-88.7,-90.0,-91.8,-90.9,-91.5,-93.3,-95.2,-96.1,-95.5,-93.7,-88.6,-92.9,-94.5,-92.7,-88.4,-84.2,-82.5,-84.0,-85.7,-88.8,-90.9,-91.8,-90.8,-89.0,-86.1,-84.2,-83.3,-83.0,-83.4,-84.1,-86.6,-85.8,-86.5,-88.3,-90.2,-91.0,-90.3,-88.5,606.7,607.2,606.4,604.9,603.5,603.2,603.8,605.3,611.9,609.1,606.1,603.9,603.2,603.4,603.9,603.0,602.5,603.3,605.4,608.6,606.0,605.3,605.0,605.2,605.8,606.5,606.8,606.6,582.8,584.0,584.8,584.8,583.8,582.6,581.8,582.0,583.8,582.9,582.1,582.0,583.4,585.8,588.1,585.1,582.5,581.0,581.0,582.3,583.4,583.4,583.8,584.3,584.7,584.7,584.4,583.8,41.3,-60.4,673.9,0.044,0.320,0.076,291.0,289.9,290.2,291.3,292.8,296.0,300.8,307.6,317.3,328.8,340.5,351.4,359.8,365.2,368.3,370.0,371.2,293.8,298.2,304.5,310.8,316.4,329.5,337.2,345.2,352.6,357.9,321.9,320.2,318.6,316.9,311.3,314.6,318.1,322.6,326.9,299.9,303.7,309.0,313.1,308.4,303.1,334.6,339.2,344.8,349.3,345.0,339.4,305.9,309.9,314.7,318.0,322.1,328.3,334.8,328.2,322.0,317.6,313.9,309.5,308.0,314.6,317.9,322.1,332.0,322.0,317.8,314.4,112.1,122.8,133.6,144.3,154.6,163.7,171.2,177.2,179.4,179.4,176.0,170.4,162.4,152.2,140.7,128.7,116.7,98.6,93.4,92.1,93.1,95.9,96.1,93.4,93.3,95.7,101.1,105.4,112.3,119.1,126.1,133.7,135.1,136.2,135.5,134.6,107.5,103.8,104.1,108.4,109.5,109.4,109.2,105.0,105.4,109.2,110.7,110.5,151.7,147.5,145.5,146.6,145.8,148.4,152.6,156.3,157.3,157.3,156.9,155.4,151.6,149.7,150.0,149.9,152.5,152.0,152.0,151.5,-10.8,-12.7,-12.2,-10.3,-7.4,-1.8,6.6,17.7,33.5,52.5,72.7,92.0,107.1,116.7,122.0,124.8,126.9,-5.5,2.1,12.6,23.0,32.0,53.1,65.6,78.8,90.9,99.6,40.7,37.6,34.5,31.4,23.3,28.4,33.9,41.1,48.0,5.0,11.4,20.1,26.9,19.2,10.4,61.9,69.3,78.3,85.7,78.4,69.5,14.7,21.0,28.5,33.7,40.2,50.4,61.5,50.1,40.0,33.1,27.3,20.3,18.3,28.4,33.7,40.2,56.8,40.1,33.5,28.1,-102.5,-83.3,-63.7,-44.4,-25.7,-9.3,3.9,13.7,17.2,17.2,11.7,2.4,-11.2,-28.7,-48.4,-68.8,-89.5,-122.0,-129.4,-130.0,-126.6,-120.7,-119.1,-123.3,-123.7,-119.8,-111.0,-104.0,-91.7,-79.8,-67.8,-57.4,-54.7,-52.6,-53.8,-55.3,-105.2,-110.6,-109.2,-101.6,-100.2,-101.0,-98.4,-105.0,-104.1,-98.0,-95.2,-95.8,-28.7,-35.1,-37.9,-35.9,-37.1,-33.1,-26.6,-20.5,-18.8,-18.7,-19.5,-22.2,-28.7,-31.2,-30.5,-30.6,-26.8,-27.3,-27.3,-28.3,735.6,735.0,734.5,734.1,729.4,719.3,704.8,685.7,674.0,673.6,681.8,690.7,696.2,698.7,698.6,697.1,697.4,706.7,698.6,689.7,680.2,673.7,666.9,665.6,666.5,666.6,667.7,667.9,660.3,652.6,645.0,664.4,659.3,655.3,654.9,655.6,698.0,692.0,687.1,684.0,686.7,691.3,671.8,669.6,667.8,668.8,666.7,668.3,678.5,664.5,658.0,655.2,653.8,656.3,662.7,655.8,653.2,654.8,657.8,665.2,674.3,659.5,656.3,655.0,661.5,655.0,656.3,659.5,0.603,-0.032,0.292,0.076,322.242,132.350,-18.149,-12.438,-19.736,13.869,-9.395,1.754,7.489,4.294,2.776,6.946,-1.062,1.353,-1.258,-3.035,0.640,0.087,1.183,-1.594,1.005,1.082,1.170,0.637,-1.246,0.689,0.177,-1.153,0.392,0.072,-0.037,-0.108,0.110,-0.011,0.002,0.031,0.42,0.17,0.94,0.13,0.11,3.33,0.05,0.15,0.00,0.00,1.33,0.41,0.07,0.06,0.10,0.00,0.00,1.00,1.00,1.00,0.00,1.00,1.00,0.00,0.00,0.00,0.00,1.00,0.00,0.00,0.00,0.00,0.00,0.00,0.00
170,0,16.900,0.98,1,-0.165012,0.100078,-0.981201,-0.305017,0.094367,-0.947660,-0.239,0.100,303.4,304.7,307.5,310.0,310.9,309.7,306.8,304.2,300.4,301.7,303.8,306.7,309.7,311.9,313.5,311.4,308.7,305.9,303.5,301.6,306.0,307.1,308.3,308.9,308.5,307.4,306.2,305.6,337.7,338.9,341.7,344.5,345.7,344.5,341.7,338.6,334.9,336.6,339.0,342.2,345.3,347.7,349.3,347.6,345.2,342.5,339.6,336.9,340.4,341.6,342.9,343.4,342.9,341.6,340.4,339.9,105.7,103.0,102.0,103.2,105.9,108.8,109.6,108.5,107.4,105.4,104.0,103.4,104.2,105.9,108.2,109.0,109.2,109.3,109.1,108.5,107.1,107.6,107.2,106.0,104.8,104.3,104.7,105.9,106.7,103.9,102.9,104.1,107.0,109.8,110.9,109.8,108.9,106.7,105.1,104.5,105.3,106.8,109.0,110.0,110.4,110.4,110.2,109.8,108.2,108.8,108.3,107.1,105.8,105.3,105.8,107.0,9.7,11.7,15.8,19.6,20.8,19.1,14.7,10.9,5.2,7.2,10.3,14.5,19.0,22.4,24.8,21.6,17.5,13.4,9.8,6.9,13.6,15.2,17.0,17.9,17.3,15.7,13.9,13.0,58.8,60.6,64.8,68.9,70.5,68.6,64.4,60.0,54.8,57.2,60.6,65.2,69.9,73.6,76.2,73.4,69.7,65.5,61.4,57.5,62.8,64.5,66.4,67.2,66.5,64.7,62.9,62.1,-95.4,-99.6,-101.0,-99.0,-94.7,-90.2,-89.1,-91.1,-93.7,-96.3,-97.9,-98.4,-97.1,-94.7,-91.3,-89.9,-89.5,-89.5,-90.2,-91.5,-93.2,-92.3,-93.0,-94.8,-96.7,-97.6,-96.9,-95.1,-90.0,-94.2,-95.9,-94.0,-89.7,-85.5,-83.9,-85.4,-87.0,-90.1,-92.2,-93.0,-92.1,-90.3,-87.5,-85.6,-84.7,-84.4,-84.7,-85.4,-87.9,-87.1,-87.8,-89.7,-91.6,-92.4,-91.6,-89.8,615.3,615.8,615.2,613.7,612.3,611.9,612.5,613.9,620.4,617.7,614.7,612.6,611.9,612.2,612.8,611.8,611.2,611.9,614.0,617.1,614.6,614.0,613.7,613.9,614.5,615.2,615.5,615.2,589.7,590.9,591.7,591.7,590.8,589.5,588.7,588.9,590.7,589.8,589.0,588.9,590.3,592.7,595.0,592.0,589.4,587.9,587.9,589.2,590.4,590.3,590.7,591.2,591.6,591.7,591.3,590.8,41.9,-60.9,676.0,0.047,0.318,0.075,291.2,290.1,290.4,291.5,293.0,296.1,301.0,307.7,317.4,328.9,340.6,351.4,359.8,365.3,368.5,370.3,371.5,294.3,298.6,304.9,311.2,316.8,329.6,337.3,345.4,352.8,358.0,322.1,320.5,318.9,317.2,311.6,314.9,318.5,323.0,327.2,300.3,304.1,309.3,313.4,308.8,303.6,334.8,339.4,345.0,349.4,345.1,339.6,306.2,310.2,315.0,318.3,322.4,328.8,335.3,328.6,322.4,318.0,314.3,309.8,308.4,314.9,318.3,322.4,332.5,322.3,318.2,314.7,112.0,122.5,133.3,144.0,154.3,163.4,171.0,177.0,179.3,179.4,175.9,170.2,162.2,152.0,140.5,128.4,116.3,98.7,93.5,92.1,93.1,95.9,96.1,93.3,93.1,95.5,101.0,105.3,112.1,118.9,125.9,133.4,134.9,136.0,135.2,134.3,107.4,103.8,104.1,108.3,109.3,109.2,109.0,104.9,105.2,109.0,110.5,110.3,151.4,147.2,145.2,146.3,145.5,148.1,152.3,156.2,157.3,157.4,156.9,155.3,151.4,149.4,149.7,149.6,152.2,152.0,152.1,151.5,-10.4,-12.4,-11.9,-10.0,-7.1,-1.5,6.9,18.1,33.9,52.9,73.1,92.4,107.5,117.3,122.8,125.6,127.7,-4.7,2.7,13.3,23.7,32.8,53.5,66.0,79.2,91.4,100.2,41.2,38.2,35.2,32.1,23.9,29.0,34.6,41.8,48.8,5.7,12.1,20.8,27.6,20.0,11.2,62.4,69.8,78.7,86.1,78.8,70.0,15.3,21.6,29.1,34.4,40.9,51.3,62.4,51.0,40.8,33.8,28.0,20.9,18.8,29.0,34.3,41.0,57.8,40.8,34.2,28.7,-102.9,-83.8,-64.3,-45.0,-26.4,-9.8,3.5,13.6,17.1,17.2,11.6,2.1,-11.6,-29.2,-49.0,-69.6,-90.3,-122.1,-129.6,-130.3,-126.9,-121.0,-119.6,-123.9,-124.3,-120.4,-111.6,-104.6,-92.3,-80.4,-68.4,-58.1,-55.3,-53.2,-54.4,-55.9,-105.6,-110.9,-109.5,-102.1,-100.7,-101.5,-99.1,-105.5,-104.6,-98.7,-95.9,-96.5,-29.3,-35.7,-38.5,-36.5,-37.7,-33.7,-27.2,-20.6,-18.8,-18.7,-19.6,-22.4,-29.2,-31.8,-31.1,-31.2,-27.3,-27.4,-27.3,-28.4,736.8,736.2,735.8,735.6,731.0,721.3,707.0,688.0,676.4,675.9,684.0,692.8,698.3,701.0,700.9,699.5,699.8,708.5,700.4,691.5,682.1,675.7,669.0,667.7,668.5,668.7,669.8,669.8,662.3,654.7,647.2,666.5,661.3,657.4,657.1,657.9,699.8,693.8,689.0,685.9,688.6,693.1,673.7,671.4,669.7,670.5,668.5,670.2,681.0,666.9,660.2,657.3,655.9,658.5,664.9,658.2,655.6,657.2,660.3,667.8,676.8,661.7,658.5,657.2,663.8,657.3,658.7,661.9,0.601,-0.029,0.288,0.075,322.522,132.181,-19.786,-13.929,-18.321,13.954,-9.841,1.337,8.073,3.566,2.879,7.195,-1.078,1.291,-1.370,-2.928,0.469,0.317,1.104,-1.550,1.000,0.994,1.363,0.379,-0.956,0.581,0.330,-1.086,0.420,0.063,-0.028,-0.082,0.113,-0.018,0.006,0.022,0.39,0.21,0.88,0.02,0.11,3.25,0.05,0.13,0.00,0.00,1.12,0.24,0.07,0.02,0.29,0.28,0.00,1.00,1.00,1.00,0.00,1.00,1.00,0.00,0.00,0.00,0.00,1.00,0.00,0.00,0.00,0.00,0.00,0.00,0.00
171,0,17.000,0.98,1,-0.162703,0.115093,-0.979939,-0.304257,0.112984,-0.945866,-0.238,0.118,303.2,304.5,307.3,309.9,310.8,309.7,306.7,304.1,300.2,301.5,303.7,306.6,309.6,312.0,313.6,311.5,308.7,305.9,303.4,301.5,305.9,307.0,308.2,308.8,308.4,307.3,306.1,305.5,337.9,339.0,341.9,344.8,346.0,344.9,342.0,338.9,335.1,336.8,339.2,342.5,345.6,348.1,349.7,348.0,345.6,342.9,339.9,337.1,340.7,341.9,343.2,343.7,343.1,341.9,340.6,340.1,106.4,103.7,102.5,103.7,106.5,109.5,110.4,109.2,108.1,106.0,104.6,104.0,104.8,106.5,108.8,109.7,110.0,110.1,109.9,109.3,107.8,108.3,107.8,106.6,105.4,104.9,105.4,106.6,107.1,104.2,103.1,104.3,107.2,110.1,111.2,110.2,109.3,107.0,105.4,104.7,105.4,106.9,109.1,110.2,110.7,110.8,110.6,110.3,108.5,109.1,108.6,107.3,106.1,105.5,106.0,107.3,9.2,11.2,15.3,19.1,20.4,18.8,14.4,10.6,4.8,6.8,9.9,14.1,18.6,22.1,24.4,21.3,17.2,13.1,9.5,6.6,13.2,14.8,16.6,17.5,16.9,15.2,13.5,12.6,58.0,59.8,63.9,68.0,69.7,67.9,63.7,59.3,54.1,56.4,59.8,64.4,69.0,72.8,75.4,72.7,69.0,64.9,60.7,56.9,62.0,63.8,65.6,66.4,65.7,63.9,62.0,61.3,-92.8,-96.9,-98.4,-96.5,-92.2,-87.7,-86.5,-88.4,-91.0,-93.7,-95.3,-95.9,-94.6,-92.2,-88.8,-87.3,-86.9,-86.8,-87.4,-88.8,-90.6,-89.8,-90.4,-92.2,-94.1,-95.0,-94.3,-92.5,-87.8,-92.1,-93.8,-92.1,-87.8,-83.6,-81.8,-83.2,-84.8,-87.9,-90.2,-91.1,-90.3,-88.5,-85.7,-83.7,-82.7,-82.3,-82.6,-83.2,-85.8,-85.1,-85.8,-87.7,-89.6,-90.3,-89.6,-87.7,604.8,605.2,604.6,603.2,601.9,601.5,602.1,603.5,609.9,607.2,604.2,602.0,601.4,601.7,602.4,601.4,600.8,601.5,603.6,606.7,604.2,603.5,603.2,603.4,604.0,604.6,604.9,604.7,578.7,580.0,580.8,580.8,579.9,578.7,577.8,578.0,579.7,578.8,578.1,578.0,579.4,581.8,584.2,581.2,578.6,577.0,577.0,578.2,579.4,579.4,579.8,580.3,580.7,580.7,580.4,579.8,42.8,-59.1,673.5,0.085,0.312,0.052,291.0,290.2,290.8,292.2,294.0,297.2,302.3,309.3,319.0,330.4,341.8,352.4,360.7,366.0,369.0,370.7,371.6,293.9,298.1,304.3,310.7,316.5,329.7,337.4,345.5,352.9,358.2,322.2,320.8,319.4,317.9,312.4,315.7,319.3,323.8,328.0,300.1,303.9,309.2,313.5,308.9,303.6,335.0,339.6,345.3,349.8,345.5,340.0,307.4,311.1,316.0,319.4,323.4,329.9,336.3,330.1,323.9,319.5,315.7,311.0,309.7,315.9,319.4,323.5,333.6,323.6,319.4,315.9,112.5,123.0,133.7,144.2,154.4,163.7,171.6,178.0,180.4,180.3,176.6,170.6,162.3,152.0,140.4,128.2,116.0,99.3,94.0,92.6,93.5,96.4,96.4,93.4,93.1,95.5,101.0,106.1,113.1,120.0,127.1,134.6,136.0,137.1,136.3,135.3,108.2,104.4,104.7,109.0,110.1,110.0,109.4,105.1,105.4,109.1,110.8,110.7,153.2,148.6,146.4,147.5,146.7,149.3,153.7,158.5,160.1,160.2,159.7,157.8,153.1,150.8,151.0,150.9,153.7,154.5,154.6,154.0,-10.7,-12.2,-11.2,-8.6,-5.4,0.4,9.1,20.7,36.5,55.3,75.0,93.9,108.8,118.2,123.2,125.7,127.3,-5.3,1.8,12.3,22.8,32.0,53.2,65.6,78.9,91.0,99.7,41.0,38.4,35.7,33.0,25.0,30.2,35.8,43.0,49.8,5.4,11.7,20.5,27.5,20.0,11.1,62.4,69.6,78.7,86.2,79.1,70.1,17.3,23.0,30.5,35.9,42.3,53.0,63.9,53.3,43.1,36.2,30.2,22.9,20.9,30.6,36.0,42.5,59.4,42.8,36.2,30.6,-101.1,-82.3,-63.2,-44.4,-26.0,-9.3,4.5,15.2,18.9,18.7,12.7,2.7,-11.4,-29.1,-49.0,-69.6,-90.4,-120.1,-127.7,-128.5,-125.2,-119.4,-118.2,-122.8,-123.5,-119.6,-110.9,-102.6,-90.2,-78.3,-66.2,-56.0,-53.2,-51.2,-52.5,-54.1,-103.7,-109.2,-107.9,-100.3,-98.8,-99.6,-97.7,-104.5,-103.8,-97.8,-94.8,-95.2,-26.3,-33.2,-36.4,-34.4,-35.7,-31.6,-24.8,-16.9,-14.3,-14.1,-15.0,-18.4,-26.3,-29.5,-28.9,-29.0,-24.8,-23.3,-23.2,-24.3,730.6,730.5,730.8,731.5,727.7,718.7,705.4,687.5,676.0,675.4,683.1,691.8,696.9,699.0,698.3,696.2,695.9,703.0,695.0,686.2,676.9,670.9,664.5,663.0,663.8,664.1,665.4,665.5,658.4,651.3,644.2,663.5,658.7,655.0,654.7,655.2,695.4,689.3,684.6,681.7,684.6,689.1,669.4,667.1,665.5,666.6,664.6,666.2,678.8,664.5,657.7,654.8,653.3,656.2,663.0,657.2,655.0,656.7,659.7,666.7,674.6,659.6,656.4,654.9,662.0,656.1,657.7,660.8,0.604,0.010,0.279,0.054,323.154,133.088,-25.278,-15.832,-17.610,17.032,-8.151,-2.035,8.787,6.019,4.641,7.942,-0.999,0.391,-0.174,-3.004,-0.006,0.886,2.113,-1.791,1.243,1.149,1.287,0.614,-0.829,0.484,0.449,-1.152,0.432,0.056,0.016,-0.077,0.120,-0.016,0.001,0.038,0.36,0.26,0.90,0.10,0.11,3.18,0.02,0.08,0.00,0.00,0.75,0.12,0.07,0.00,0.38,0.57,0.00,1.00,1.00,1.00,0.00,1.00,0.00,0.00,0.00,0.00,0.00,1.00,0.00,0.00,0.00,0.00,0.00,0.00,0.00
172,0,17.100,0.98,1,-0.161037,0.119794,-0.979651,-0.306650,0.117999,-0.944480,-0.238,0.123,303.2,304.5,307.2,309.8,310.8,309.7,306.7,304.1,300.1,301.5,303.6,306.5,309.6,311.9,313.5,311.4,308.7,305.9,303.4,301.4,305.8,307.0,308.2,308.8,308.3,307.2,306.0,305.4,338.2,339.3,342.2,345.1,346.3,345.2,342.3,339.2,335.4,337.0,339.5,342.7,345.9,348.4,350.0,348.3,345.9,343.2,340.2,337.4,340.9,342.2,343.5,344.0,343.4,342.2,340.9,340.4,107.2,104.5,103.4,104.5,107.3,110.3,111.2,110.0,108.9,106.8,105.5,104.8,105.6,107.3,109.6,110.5,110.8,110.9,110.7,110.1,108.6,109.1,108.6,107.4,106.2,105.7,106.2,107.4,107.8,104.9,103.8,105.0,107.9,110.8,112.0,111.0,110.0,107.7,106.1,105.4,106.2,107.6,109.8,110.9,111.4,111.6,111.4,111.0,109.3,109.8,109.3,108.0,106.8,106.2,106.7,108.0,9.2,11.1,15.2,19.0,20.3,18.7,14.3,10.5,4.7,6.6,9.8,14.0,18.5,22.0,24.4,21.3,17.2,13.1,9.5,6.5,13.1,14.8,16.6,17.4,16.8,15.1,13.4,12.5,58.3,60.1,64.3,68.4,70.0,68.2,64.1,59.7,54.5,56.8,60.1,64.7,69.4,73.2,75.8,73.0,69.3,65.2,61.0,57.2,62.3,64.1,66.0,66.7,66.0,64.2,62.4,61.6,-91.6,-95.8,-97.3,-95.4,-91.1,-86.6,-85.4,-87.3,-89.9,-92.6,-94.1,-94.7,-93.5,-91.1,-87.8,-86.3,-85.8,-85.7,-86.3,-87.6,-89.5,-88.6,-89.3,-91.1,-93.0,-93.9,-93.2,-91.4,-86.7,-91.0,-92.7,-91.0,-86.7,-82.5,-80.7,-82.1,-83.7,-86.8,-89.0,-90.0,-89.1,-87.4,-84.7,-82.6,-81.6,-81.2,-81.5,-82.1,-84.8,-84.0,-84.8,-86.6,-88.5,-89.2,-88.5,-86.6,605.3,605.7,605.1,603.7,602.4,602.1,602.7,604.0,610.4,607.6,604.7,602.5,602.0,602.3,603.0,602.0,601.4,602.1,604.1,607.2,604.7,604.1,603.8,604.0,604.5,605.1,605.4,605.2,578.3,579.4,580.2,580.2,579.4,578.2,577.4,577.6,579.3,578.4,577.6,577.5,578.9,581.3,583.7,580.8,578.1,576.7,576.6,577.8,579.0,579.0,579.4,579.9,580.2,580.2,579.9,579.4,43.0,-58.0,674.7,0.086,0.317,0.046,290.9,290.2,290.9,292.4,294.3,297.7,302.7,309.7,319.3,330.7,342.1,352.7,361.0,366.2,369.2,370.8,371.8,293.7,297.8,304.1,310.5,316.3,330.0,337.6,345.6,353.0,358.3,322.3,320.9,319.5,318.0,312.5,315.8,319.5,323.9,328.1,300.1,303.9,309.2,313.4,308.8,303.5,335.3,339.8,345.6,350.1,345.8,340.2,307.7,311.5,316.2,319.5,323.5,329.9,336.1,330.0,323.9,319.6,315.9,311.3,310.0,316.2,319.6,323.6,333.4,323.7,319.6,316.1,113.6,124.2,134.9,145.4,155.6,164.8,172.5,178.7,181.0,180.9,177.0,170.9,162.6,152.2,140.6,128.5,116.3,100.1,94.9,93.5,94.5,97.3,97.4,94.4,93.9,96.0,101.3,106.9,114.0,121.0,128.2,135.5,137.0,138.1,137.2,136.2,109.0,105.2,105.5,109.7,110.9,110.8,110.1,105.9,106.1,109.8,111.5,111.4,153.9,149.4,147.3,148.5,147.6,150.1,154.4,159.0,160.5,160.6,160.1,158.3,153.8,151.7,151.9,151.8,154.3,154.9,155.0,154.4,-11.0,-12.2,-10.9,-8.2,-4.8,1.2,9.9,21.3,37.1,55.9,75.6,94.6,109.4,118.6,123.5,125.9,127.5,-5.7,1.4,11.9,22.5,31.7,53.8,66.1,79.1,91.1,100.0,41.3,38.6,35.9,33.2,25.3,30.5,36.1,43.2,50.0,5.2,11.6,20.5,27.5,19.9,11.0,63.0,70.1,79.3,86.8,79.6,70.7,17.8,23.6,31.0,36.2,42.5,52.9,63.6,53.3,43.3,36.5,30.6,23.4,21.4,31.1,36.4,42.8,59.1,43.0,36.5,31.0,-99.4,-80.3,-61.2,-42.4,-23.9,-7.5,6.0,16.4,20.0,19.7,13.4,3.2,-10.9,-28.8,-48.6,-69.2,-89.9,-118.9,-126.5,-127.2,-123.8,-118.0,-116.8,-121.4,-122.3,-118.8,-110.4,-101.4,-88.9,-76.8,-64.5,-54.6,-51.8,-49.8,-51.1,-52.8,-102.5,-108.0,-106.7,-99.2,-97.6,-98.4,-96.7,-103.3,-102.7,-96.8,-93.7,-94.1,-25.1,-31.9,-35.0,-33.0,-34.4,-30.4,-23.8,-16.2,-13.7,-13.5,-14.4,-17.5,-25.2,-28.1,-27.5,-27.6,-23.8,-22.8,-22.6,-23.6,731.7,731.8,732.3,732.8,728.9,719.6,706.1,688.4,677.1,676.7,684.3,692.7,697.7,699.4,698.6,696.4,695.8,704.4,696.3,687.4,678.1,672.0,665.4,663.8,664.3,664.3,665.4,666.4,659.5,652.5,645.5,664.5,659.8,656.3,655.9,656.3,696.6,690.6,685.7,682.8,685.8,690.4,670.3,667.9,666.2,667.4,665.5,667.1,679.4,665.8,659.1,656.4,654.9,657.5,663.7,658.3,656.4,658.1,661.0,667.7,675.2,661.0,657.9,656.5,662.7,657.5,659.0,662.0,0.603,0.013,0.284,0.048,323.274,133.828,-25.902,-15.381,-19.780,15.639,-6.771,-1.222,7.616,4.925,4.747,6.497,0.093,0.184,0.565,-2.968,0.449,-0.275,1.815,-1.406,0.863,1.549,1.256,0.325,-0.762,0.372,0.613,-0.969,0.363,0.007,0.004,-0.069,0.083,-0.017,0.023,0.043,0.24,0.21,0.76,0.10,0.04,2.94,0.00,0.00,0.00,0.00,0.41,0.02,0.00,0.00,0.52,0.85,0.00,0.00,1.00,1.00,0.00,1.00,0.00,0.00,0.00,0.00,0.00,0.00,0.00,0.00,0.00,0.00,0.00,0.00,0.00
173,0,17.200,0.98,1,-0.161123,0.115760,-0.980122,-0.307187,0.113803,-0.944820,-0.239,0.119,303.2,304.5,307.3,309.9,310.8,309.7,306.7,304.1,300.2,301.5,303.6,306.5,309.6,311.9,313.5,311.4,308.7,305.9,303.4,301.4,305.9,307.0,308.2,308.8,308.4,307.2,306.0,305.5,338.1,339.3,342.2,345.1,346.3,345.1,342.3,339.1,335.4,337.0,339.5,342.7,345.9,348.3,349.9,348.3,345.9,343.1,340.2,337.4,340.9,342.2,343.4,343.9,343.4,342.1,340.9,340.4,107.3,104.5,103.4,104.6,107.3,110.3,111.2,110.0,109.0,106.9,105.5,104.9,105.6,107.3,109.6,110.5,110.8,110.9,110.7,110.1,108.6,109.1,108.7,107.5,106.2,105.7,106.2,107.4,107.8,105.0,103.8,105.0,107.9,110.8,111.9,111.0,110.0,107.7,106.1,105.4,106.2,107.7,109.8,110.9,111.4,111.5,111.3,111.0,109.3,109.8,109.3,108.1,106.8,106.2,106.8,108.0,9.2,11.2,15.2,19.1,20.4,18.8,14.4,10.6,4.8,6.7,9.8,14.1,18.6,22.1,24.4,21.3,17.2,13.2,9.5,6.6,13.2,14.9,16.6,17.5,16.9,15.2,13.4,12.6,58.5,60.3,64.4,68.6,70.2,68.4,64.3,59.9,54.7,56.9,60.3,64.9,69.6,73.4,76.0,73.2,69.5,65.4,61.2,57.4,62.5,64.3,66.1,66.9,66.2,64.4,62.6,61.8,-91.7,-95.9,-97.5,-95.5,-91.2,-86.7,-85.5,-87.4,-90.0,-92.7,-94.3,-94.9,-93.7,-91.2,-87.9,-86.4,-85.9,-85.8,-86.4,-87.7,-89.6,-88.8,-89.5,-91.3,-93.2,-94.0,-93.3,-91.5,-87.0,-91.3,-93.0,-91.3,-87.0,-82.8,-81.0,-82.4,-84.0,-87.1,-89.3,-90.3,-89.4,-87.7,-84.9,-82.9,-81.9,-81.5,-81.8,-82.4,-85.1,-84.3,-85.1,-86.9,-88.8,-89.5,-88.8,-86.9,606.4,606.9,606.2,604.9,603.6,603.2,603.8,605.1,611.5,608.8,605.8,603.7,603.1,603.5,604.1,603.1,602.5,603.2,605.2,608.3,605.8,605.2,604.9,605.1,605.7,606.3,606.6,606.4,580.4,581.5,582.3,582.3,581.5,580.3,579.5,579.7,581.4,580.4,579.6,579.6,581.0,583.4,585.8,582.8,580.2,578.7,578.7,579.9,581.1,581.1,581.4,581.9,582.3,582.3,582.0,581.4,43.0,-57.9,674.4,0.081,0.317,0.047,290.9,290.2,290.9,292.5,294.3,297.6,302.6,309.5,319.2,330.7,342.1,352.8,361.0,366.2,369.2,370.8,371.7,293.7,297.8,304.1,310.6,316.3,330.0,337.7,345.6,353.0,358.3,322.3,320.9,319.5,318.0,312.6,315.8,319.4,323.9,328.0,300.1,303.9,309.2,313.4,308.9,303.5,335.3,339.8,345.5,350.0,345.8,340.2,307.7,311.5,316.2,319.5,323.5,329.9,336.1,330.0,323.9,319.6,315.8,311.3,309.9,316.2,319.6,323.6,333.4,323.7,319.6,316.1,113.8,124.4,135.2,145.7,155.9,165.0,172.6,178.8,181.1,181.0,177.1,171.0,162.7,152.3,140.7,128.5,116.4,100.3,95.0,93.6,94.5,97.3,97.4,94.4,93.9,96.1,101.4,106.9,114.0,121.0,128.2,135.5,137.0,138.1,137.2,136.2,109.0,105.2,105.5,109.7,110.9,110.9,110.1,105.9,106.1,109.8,111.5,111.4,153.9,149.4,147.3,148.5,147.6,150.1,154.4,158.9,160.4,160.6,160.1,158.3,153.8,151.7,151.9,151.8,154.3,154.9,155.0,154.4,-11.0,-12.2,-10.9,-8.2,-4.8,1.1,9.7,21.1,36.8,55.8,75.6,94.6,109.4,118.6,123.4,125.8,127.4,-5.7,1.4,12.0,22.5,31.8,53.9,66.1,79.2,91.2,99.9,41.3,38.6,35.9,33.2,25.3,30.4,36.1,43.1,49.9,5.3,11.7,20.5,27.5,19.9,11.0,63.0,70.0,79.2,86.7,79.6,70.6,17.8,23.6,31.0,36.2,42.5,52.9,63.5,53.2,43.2,36.4,30.5,23.3,21.4,31.0,36.3,42.7,59.0,42.9,36.4,31.0,-99.1,-79.9,-60.7,-41.8,-23.4,-7.0,6.3,16.6,20.1,19.8,13.6,3.4,-10.8,-28.6,-48.4,-69.0,-89.7,-118.7,-126.3,-127.1,-123.8,-118.0,-116.8,-121.4,-122.2,-118.7,-110.2,-101.5,-88.9,-76.8,-64.5,-54.5,-51.8,-49.7,-51.1,-52.8,-102.4,-107.9,-106.7,-99.1,-97.6,-98.3,-96.7,-103.3,-102.7,-96.8,-93.7,-94.1,-25.1,-31.9,-35.0,-33.0,-34.4,-30.4,-23.8,-16.2,-13.7,-13.5,-14.4,-17.6,-25.1,-28.1,-27.5,-27.6,-23.8,-22.8,-22.6,-23.6,731.9,731.9,732.2,732.6,728.5,719.1,705.5,687.7,676.3,675.9,683.5,692.0,697.0,698.8,698.1,696.0,695.6,704.4,696.3,687.5,678.2,671.9,665.4,663.8,664.3,664.3,665.4,666.4,659.4,652.4,645.4,664.2,659.5,655.9,655.5,656.0,696.4,690.4,685.6,682.6,685.6,690.2,670.2,667.8,666.1,667.2,665.3,667.0,679.0,665.4,658.8,656.0,654.6,657.2,663.2,657.8,655.9,657.6,660.5,667.2,674.8,660.6,657.5,656.1,662.3,657.0,658.5,661.6,0.603,0.008,0.286,0.049,323.269,133.877,-26.023,-14.844,-19.737,15.335,-6.866,-0.864,7.810,4.620,4.824,6.692,-0.022,0.102,0.583,-2.855,0.563,-0.349,2.036,-1.556,0.844,1.528,1.372,0.376,-0.712,0.455,0.670,-0.983,0.345,0.011,0.001,-0.071,0.080,-0.021,0.019,0.043,0.15,0.28,0.73,0.10,0.03,2.99,0.00,0.00,0.00,0.00,0.18,0.02,0.00,0.06,0.36,0.83,0.00,0.00,1.00,1.00,0.00,1.00,0.00,0.00,0.00,0.00,0.00,0.00,0.00,0.00,0.00,0.00,0.00,0.00,0.00
174,0,17.300,0.98,1,-0.158516,0.106179,-0.981631,-0.297759,0.103105,-0.949057,-0.232,0.108,302.9,304.3,307.0,309.7,310.6,309.5,306.5,303.9,299.9,301.2,303.4,306.3,309.4,311.7,313.3,311.2,308.4,305.6,303.1,301.1,305.6,306.8,308.0,308.6,308.2,307.0,305.8,305.2,337.8,339.0,341.9,344.8,346.0,344.8,341.9,338.8,335.0,336.7,339.2,342.4,345.6,348.1,349.7,348.0,345.6,342.8,339.8,337.0,340.6,341.9,343.1,343.6,343.1,341.8,340.6,340.0,106.6,103.8,102.7,103.8,106.7,109.7,110.6,109.4,108.3,106.2,104.8,104.2,104.9,106.6,109.0,109.9,110.2,110.3,110.1,109.5,108.0,108.5,108.0,106.8,105.5,105.0,105.5,106.7,107.2,104.4,103.2,104.5,107.4,110.3,111.5,110.4,109.4,107.2,105.6,104.9,105.7,107.2,109.4,110.5,110.9,111.0,110.8,110.5,108.7,109.3,108.8,107.5,106.3,105.7,106.2,107.5,8.7,10.7,14.7,18.5,19.8,18.2,13.9,10.1,4.3,6.2,9.3,13.5,18.0,21.5,23.9,20.8,16.7,12.6,9.0,6.1,12.7,14.3,16.1,16.9,16.4,14.7,12.9,12.1,57.4,59.2,63.4,67.5,69.2,67.3,63.2,58.8,53.6,55.9,59.3,63.9,68.5,72.3,74.9,72.1,68.4,64.3,60.1,56.3,61.4,63.2,65.1,65.9,65.2,63.4,61.5,60.7,-91.6,-95.8,-97.3,-95.4,-91.1,-86.6,-85.4,-87.3,-89.9,-92.6,-94.1,-94.7,-93.5,-91.1,-87.8,-86.3,-85.8,-85.7,-86.3,-87.6,-89.5,-88.6,-89.3,-91.1,-93.0,-93.9,-93.2,-91.4,-86.9,-91.2,-92.9,-91.1,-86.8,-82.6,-80.9,-82.4,-84.0,-87.1,-89.2,-90.1,-89.3,-87.5,-84.8,-82.8,-81.7,-81.4,-81.7,-82.4,-85.0,-84.2,-84.9,-86.8,-88.6,-89.4,-88.7,-86.8,599.0,599.4,598.7,597.3,596.0,595.7,596.3,597.7,604.1,601.4,598.4,596.2,595.6,595.9,596.5,595.6,595.0,595.7,597.8,600.9,598.3,597.7,597.4,597.6,598.2,598.8,599.1,598.9,574.6,575.8,576.6,576.6,575.8,574.6,573.8,573.9,575.6,574.7,573.9,573.8,575.3,577.7,580.1,577.1,574.5,573.0,572.9,574.1,575.3,575.3,575.7,576.2,576.6,576.6,576.2,575.7,42.3,-58.6,671.0,0.062,0.307,0.054,290.7,290.0,290.7,292.2,294.1,297.4,302.4,309.2,318.8,330.2,341.6,352.2,360.4,365.5,368.5,370.1,371.1,293.2,297.3,303.6,310.1,315.9,329.9,337.6,345.7,353.2,358.4,322.1,320.7,319.3,317.8,312.3,315.5,319.1,323.6,327.8,299.8,303.6,309.0,313.3,308.6,303.2,334.9,339.5,345.3,349.8,345.5,339.9,307.4,311.2,316.0,319.2,323.1,329.4,335.7,329.4,323.3,319.1,315.5,310.9,309.6,315.9,319.3,323.2,332.9,323.2,319.2,315.8,112.9,123.7,134.7,145.4,155.7,164.9,172.6,178.8,181.1,180.9,177.1,171.0,162.7,152.3,140.6,128.4,116.2,99.8,94.3,92.7,93.6,96.5,96.6,93.7,93.4,95.8,101.3,106.1,113.2,120.2,127.4,134.8,136.2,137.3,136.4,135.4,108.3,104.5,104.8,109.1,110.2,110.2,109.6,105.3,105.6,109.4,111.0,110.9,153.1,148.7,146.5,147.7,146.8,149.4,153.6,157.9,159.2,159.3,158.9,157.1,153.0,150.9,151.1,151.0,153.5,153.6,153.8,153.2,-11.3,-12.5,-11.2,-8.6,-5.1,0.8,9.3,20.4,36.0,54.7,74.5,93.4,108.0,117.1,122.1,124.5,126.2,-6.5,0.5,11.1,21.7,31.0,53.4,65.9,79.2,91.4,100.1,40.9,38.2,35.4,32.6,24.8,29.8,35.4,42.5,49.3,4.8,11.2,20.1,27.1,19.4,10.4,62.1,69.5,78.7,86.2,78.9,69.9,17.2,23.1,30.4,35.5,41.7,51.9,62.6,51.9,42.1,35.4,29.7,22.7,20.8,30.5,35.7,41.9,58.0,42.0,35.6,30.3,-100.5,-81.1,-61.4,-42.2,-23.6,-7.2,6.2,16.4,19.9,19.7,13.6,3.4,-10.8,-28.6,-48.5,-69.1,-89.9,-119.2,-127.2,-128.2,-124.9,-119.1,-117.6,-122.2,-122.9,-119.2,-110.4,-102.4,-89.8,-77.7,-65.5,-55.4,-52.7,-50.7,-52.1,-53.7,-103.2,-108.7,-107.5,-99.9,-98.4,-99.0,-97.4,-104.1,-103.3,-97.4,-94.3,-94.8,-26.3,-33.0,-36.1,-34.1,-35.4,-31.5,-25.0,-17.9,-15.7,-15.5,-16.3,-19.3,-26.4,-29.2,-28.6,-28.8,-25.1,-24.6,-24.4,-25.4,730.9,730.6,730.3,729.9,725.2,715.6,702.1,684.2,673.0,672.8,681.1,690.1,695.4,697.3,696.9,694.9,694.9,702.5,694.5,685.5,676.2,669.8,663.1,662.2,663.4,664.0,665.7,664.3,656.8,649.2,641.7,661.0,656.1,652.3,652.1,652.9,693.9,688.1,683.3,680.3,683.2,687.6,668.9,666.8,665.2,666.4,664.2,665.7,675.3,661.6,655.1,652.5,651.1,654.0,660.6,654.0,651.6,653.1,655.9,662.7,671.1,656.9,653.9,652.7,659.3,653.1,654.3,657.3,0.605,-0.011,0.275,0.055,322.943,133.246,-20.842,-11.958,-19.089,18.129,-7.955,0.641,7.599,5.231,4.218,4.572,-2.013,0.736,-0.149,-3.230,1.816,-0.954,1.986,-1.931,0.756,1.222,1.049,0.162,-0.412,0.716,0.633,-0.943,0.475,0.026,-0.023,-0.093,0.060,-0.027,0.001,0.036,0.13,0.32,0.69,0.10,0.06,3.08,0.00,0.00,0.00,0.00,0.09,0.02,0.00,0.14,0.25,0.84,0.00,0.00,1.00,1.00,0.00,1.00,0.00,0.00,0.00,0.00,0.00,0.00,0.00,0.00,0.00,0.00,0.00,0.00,0.00
175,0,17.400,0.98,1,-0.157238,0.106995,-0.981748,-0.296620,0.103723,-0.949346,-0.231,0.109,303.0,304.3,307.1,309.7,310.6,309.6,306.6,303.9,300.0,301.3,303.4,306.3,309.4,311.8,313.4,311.3,308.5,305.7,303.2,301.2,305.7,306.8,308.1,308.6,308.2,307.1,305.9,305.3,337.8,339.0,341.9,344.8,346.0,344.8,342.0,338.8,335.0,336.7,339.2,342.5,345.6,348.1,349.7,348.0,345.6,342.8,339.9,337.0,340.6,341.9,343.1,343.7,343.1,341.9,340.6,340.1,106.6,103.8,102.7,103.9,106.7,109.7,110.6,109.4,108.3,106.2,104.9,104.2,105.0,106.7,109.0,109.9,110.2,110.3,110.1,109.5,108.0,108.5,108.0,106.8,105.6,105.1,105.6,106.8,107.3,104.4,103.3,104.5,107.5,110.3,111.5,110.5,109.5,107.2,105.6,105.0,105.7,107.2,109.4,110.5,110.9,111.0,110.8,110.5,108.8,109.3,108.8,107.6,106.3,105.7,106.2,107.5,8.8,10.8,14.9,18.7,20.0,18.4,14.0,10.2,4.4,6.3,9.4,13.6,18.2,21.6,24.0,20.9,16.8,12.7,9.1,6.2,12.8,14.5,16.2,17.1,16.5,14.8,13.1,12.2,57.6,59.4,63.6,67.7,69.3,67.5,63.3,58.9,53.7,56.0,59.4,64.1,68.7,72.5,75.0,72.3,68.6,64.5,60.3,56.4,61.6,63.4,65.2,66.0,65.3,63.5,61.7,60.9,-91.8,-95.9,-97.5,-95.5,-91.2,-86.7,-85.5,-87.5,-90.0,-92.7,-94.3,-94.9,-93.7,-91.2,-87.9,-86.4,-86.0,-85.9,-86.5,-87.8,-89.6,-88.8,-89.5,-91.3,-93.2,-94.0,-93.4,-91.5,-87.1,-91.3,-93.1,-91.3,-87.0,-82.8,-81.0,-82.5,-84.1,-87.2,-89.3,-90.2,-89.4,-87.6,-84.9,-82.9,-81.9,-81.5,-81.9,-82.5,-85.1,-84.3,-85.1,-86.9,-88.8,-89.6,-88.8,-87.0,600.4,600.9,600.2,598.8,597.5,597.1,597.7,599.1,605.5,602.8,599.8,597.6,597.0,597.3,598.0,597.0,596.4,597.1,599.2,602.3,599.8,599.1,598.8,599.0,599.6,600.2,600.5,600.3,575.7,576.9,577.8,577.8,577.0,575.8,574.9,575.1,576.8,575.8,575.0,575.0,576.5,578.9,581.3,578.3,575.7,574.2,574.1,575.3,576.5,576.5,576.9,577.4,577.8,577.8,577.4,576.9,42.3,-58.7,672.0,0.062,0.305,0.056,290.7,290.0,290.7,292.2,294.1,297.4,302.3,309.0,318.6,330.0,341.4,352.0,360.2,365.4,368.4,370.1,371.1,293.4,297.5,303.8,310.3,316.1,329.9,337.6,345.7,353.1,358.4,322.2,320.7,319.3,317.8,312.3,315.5,319.1,323.6,327.8,299.9,303.7,309.1,313.3,308.7,303.3,334.9,339.6,345.3,349.8,345.5,339.9,307.4,311.2,316.0,319.2,323.1,329.4,335.7,329.4,323.3,319.1,315.5,310.9,309.6,315.9,319.2,323.2,332.9,323.2,319.2,315.8,112.8,123.6,134.6,145.3,155.6,164.9,172.6,178.8,181.1,181.0,177.3,171.2,162.8,152.3,140.7,128.4,116.2,99.8,94.3,92.8,93.8,96.6,96.7,93.8,93.5,95.8,101.3,106.1,113.2,120.2,127.4,134.8,136.2,137.3,136.4,135.4,108.4,104.6,104.9,109.1,110.3,110.2,109.6,105.4,105.7,109.4,111.1,110.9,153.1,148.7,146.5,147.7,146.8,149.4,153.6,157.8,159.2,159.3,158.8,157.1,153.0,150.9,151.1,151.0,153.5,153.6,153.7,153.2,-11.3,-12.5,-11.2,-8.6,-5.2,0.6,9.1,20.2,35.8,54.5,74.2,93.2,107.9,117.1,122.2,124.7,126.4,-6.3,0.8,11.5,22.1,31.4,53.5,66.0,79.2,91.5,100.3,41.0,38.3,35.5,32.7,24.8,29.8,35.4,42.5,49.4,4.9,11.3,20.2,27.3,19.6,10.6,62.3,69.7,78.8,86.3,79.1,70.1,17.2,23.1,30.5,35.6,41.7,52.0,62.7,51.9,42.1,35.4,29.7,22.7,20.8,30.5,35.7,42.0,58.1,42.0,35.6,30.3,-100.7,-81.3,-61.6,-42.4,-23.8,-7.3,6.2,16.4,20.0,19.9,13.8,3.6,-10.6,-28.5,-48.5,-69.2,-90.1,-119.3,-127.2,-128.1,-124.8,-119.0,-117.6,-122.2,-122.9,-119.3,-110.5,-102.5,-89.9,-77.8,-65.6,-55.6,-52.8,-50.8,-52.1,-53.8,-103.3,-108.8,-107.5,-100.1,-98.5,-99.2,-97.6,-104.2,-103.4,-97.5,-94.5,-94.9,-26.4,-33.0,-36.1,-34.1,-35.5,-31.5,-25.0,-17.9,-15.7,-15.6,-16.4,-19.3,-26.4,-29.2,-28.7,-28.8,-25.1,-24.7,-24.5,-25.5,731.5,731.3,731.0,730.7,726.1,716.7,703.3,685.4,674.2,673.9,682.2,691.2,696.6,698.5,698.1,696.2,696.1,703.5,695.5,686.5,677.3,670.9,664.3,663.3,664.4,665.1,666.8,665.4,657.9,650.3,642.8,662.1,657.2,653.4,653.2,654.1,695.1,689.2,684.5,681.5,684.3,688.8,670.0,667.9,666.3,667.4,665.3,666.8,676.4,662.7,656.2,653.6,652.2,655.1,661.6,655.0,652.7,654.3,657.0,663.9,672.2,658.0,655.0,653.8,660.4,654.2,655.5,658.4,0.604,-0.011,0.273,0.056,322.934,133.267,-21.258,-12.854,-19.009,18.360,-8.329,0.800,7.699,4.879,4.211,4.308,-1.702,0.868,-0.456,-3.075,1.682,-0.883,1.861,-1.898,0.724,1.229,1.118,0.212,-0.318,0.759,0.671,-0.964,0.489,0.019,-0.025,-0.100,0.060,-0.027,0.005,0.034,0.13,0.27,0.62,0.13,0.07,3.20,0.00,0.00,0.00,0.00,0.00,0.06,0.00,0.21,0.16,0.84,0.00,0.00,1.00,1.00,0.00,1.00,0.00,0.00,0.00,0.00,0.00,0.00,0.00,0.00,0.00,0.00,0.00,0.00,0.00
176,0,17.500,0.98,1,-0.148404,0.103642,-0.983481,-0.286836,0.103476,-0.952375,-0.221,0.107,303.2,304.5,307.3,310.0,310.9,309.9,306.9,304.2,300.2,301.5,303.6,306.5,309.7,312.1,313.7,311.6,308.8,306.0,303.5,301.5,306.0,307.1,308.3,308.9,308.5,307.3,306.1,305.5,338.2,339.3,342.2,345.1,346.4,345.3,342.4,339.2,335.4,337.1,339.5,342.8,346.0,348.5,350.1,348.5,346.1,343.3,340.3,337.4,341.0,342.3,343.5,344.0,343.5,342.2,340.9,340.4,106.3,103.5,102.3,103.5,106.3,109.3,110.2,109.1,108.0,105.9,104.5,103.9,104.6,106.2,108.5,109.5,109.8,109.9,109.7,109.2,107.6,108.1,107.6,106.4,105.2,104.7,105.2,106.4,106.4,103.5,102.3,103.5,106.5,109.4,110.6,109.6,108.7,106.4,104.7,104.0,104.7,106.2,108.3,109.4,109.9,110.1,109.9,109.6,107.9,108.4,107.9,106.6,105.3,104.8,105.3,106.6,9.1,11.0,15.1,18.9,20.3,18.8,14.4,10.5,4.7,6.6,9.7,13.9,18.5,22.0,24.4,21.3,17.2,13.1,9.5,6.5,13.1,14.8,16.6,17.4,16.8,15.1,13.3,12.5,57.7,59.4,63.6,67.7,69.5,67.7,63.6,59.1,53.9,56.2,59.5,64.1,68.8,72.6,75.2,72.5,68.8,64.7,60.5,56.6,61.8,63.6,65.4,66.1,65.4,63.6,61.8,61.0,-91.9,-96.1,-97.7,-95.8,-91.5,-87.0,-85.7,-87.6,-90.1,-92.8,-94.4,-95.0,-93.9,-91.6,-88.3,-86.8,-86.2,-86.1,-86.7,-87.9,-89.8,-89.0,-89.7,-91.5,-93.4,-94.3,-93.5,-91.7,-87.7,-92.0,-93.8,-92.1,-87.9,-83.6,-81.8,-83.2,-84.7,-87.8,-90.0,-90.9,-90.2,-88.6,-85.9,-83.9,-82.8,-82.4,-82.6,-83.2,-85.8,-85.1,-85.9,-87.7,-89.6,-90.3,-89.5,-87.7,598.0,598.4,597.8,596.4,595.2,594.8,595.3,596.7,603.0,600.3,597.4,595.3,594.7,595.0,595.7,594.7,594.1,594.7,596.8,599.8,597.4,596.8,596.5,596.7,597.3,597.9,598.1,597.9,572.0,573.2,574.1,574.2,573.4,572.2,571.3,571.4,573.0,572.0,571.3,571.4,572.9,575.4,577.8,574.8,572.1,570.5,570.4,571.5,572.8,572.9,573.3,573.8,574.1,574.1,573.7,573.2,43.5,-60.5,675.1,0.060,0.287,0.048,290.7,290.0,290.7,292.3,294.3,297.6,302.8,309.8,319.5,330.7,341.8,352.3,360.6,365.9,368.8,370.5,371.4,293.7,297.8,304.1,310.5,316.2,330.1,337.6,345.5,352.9,358.3,322.4,321.2,319.9,318.6,313.0,316.3,320.0,324.5,328.7,300.1,303.9,309.3,313.7,309.0,303.6,335.3,339.9,345.6,350.2,346.0,340.3,308.1,312.0,316.8,320.2,324.3,330.6,336.9,330.8,324.8,320.4,316.6,311.9,310.5,316.8,320.3,324.4,334.2,324.5,320.3,316.7,112.5,123.0,133.7,144.2,154.4,163.6,171.3,177.5,179.8,179.8,176.3,170.5,162.4,152.0,140.1,127.6,115.2,99.1,93.8,92.3,93.2,95.9,95.8,92.7,92.2,94.3,99.6,105.5,112.5,119.4,126.5,134.0,135.4,136.4,135.5,134.4,108.1,104.3,104.5,108.6,109.8,109.9,108.8,104.5,104.7,108.3,110.0,110.0,152.2,147.6,145.4,146.5,145.5,148.1,152.3,156.8,158.3,158.5,158.1,156.3,152.1,149.8,150.0,149.8,152.3,152.7,152.9,152.3,-11.2,-12.6,-11.2,-8.5,-4.9,1.1,10.0,21.7,37.4,56.0,75.4,94.3,109.3,118.8,123.9,126.4,128.0,-5.8,1.3,11.9,22.6,31.8,54.2,66.4,79.5,91.7,100.8,41.7,39.2,36.8,34.2,26.0,31.3,37.1,44.2,51.2,5.3,11.7,20.7,28.0,20.2,11.2,63.2,70.6,79.9,87.6,80.3,71.2,18.5,24.5,32.0,37.4,43.8,54.3,65.1,54.6,44.6,37.6,31.7,24.4,22.3,32.1,37.5,44.0,60.5,44.2,37.6,32.0,-101.4,-82.5,-63.3,-44.5,-26.1,-9.6,3.9,14.3,17.9,18.0,12.3,2.6,-11.4,-29.4,-49.8,-71.1,-92.5,-120.9,-128.8,-129.7,-126.5,-120.9,-119.9,-124.8,-125.9,-122.5,-114.0,-104.2,-91.7,-79.6,-67.3,-57.2,-54.5,-52.5,-54.0,-55.7,-104.3,-109.9,-108.8,-101.4,-99.8,-100.3,-99.5,-106.2,-105.6,-99.9,-96.7,-97.0,-28.0,-34.9,-38.2,-36.3,-37.7,-33.8,-27.2,-19.7,-17.3,-17.0,-17.7,-20.7,-28.0,-31.2,-30.7,-30.9,-27.2,-26.3,-26.1,-27.0,732.4,731.8,731.7,732.1,728.3,719.2,706.1,688.4,677.4,677.5,686.0,695.9,701.7,704.2,703.8,702.0,701.9,706.3,698.7,690.1,681.1,675.2,668.5,667.5,668.7,669.3,670.5,669.6,662.0,654.4,646.8,665.8,660.9,657.2,657.1,658.1,698.8,692.9,688.3,685.2,688.1,692.4,673.8,671.9,670.5,671.6,669.4,670.7,679.5,665.6,659.3,656.6,655.3,658.3,665.0,658.4,655.8,657.3,660.1,666.9,675.2,661.1,658.0,656.8,663.8,657.4,658.7,661.7,0.601,-0.013,0.251,0.049,323.514,132.365,-22.057,-18.410,-18.667,18.439,-9.540,-0.020,8.035,7.806,2.834,4.346,-1.908,0.720,-0.215,-2.704,0.820,-0.842,1.429,-1.904,0.753,1.072,1.253,0.421,-0.662,0.469,0.795,-0.997,0.298,-0.014,-0.002,-0.099,0.075,-0.048,-0.010,0.027,0.09,0.13,0.62,0.10,0.09,3.09,0.00,0.00,0.00,0.00,0.00,0.15,0.00,0.16,0.37,0.95,0.00,1.00,1.00,1.00,0.00,1.00,0.00,0.00,0.00,0.00,0.00,0.00,0.00,0.00,0.00,0.00,0.00,0.00,0.00
177,0,17.600,0.93,1,-0.154367,0.118765,-0.980850,-0.297834,0.118585,-0.947223,-0.230,0.122,303.1,304.4,307.2,309.9,310.9,309.7,306.7,304.1,300.0,301.4,303.6,306.5,309.6,312.0,313.7,311.5,308.7,305.9,303.3,301.3,305.8,307.0,308.2,308.8,308.4,307.2,306.0,305.4,338.3,339.5,342.4,345.4,346.7,345.5,342.6,339.4,335.5,337.2,339.7,343.0,346.2,348.7,350.4,348.7,346.3,343.5,340.4,337.6,341.2,342.5,343.7,344.2,343.7,342.4,341.1,340.6,106.0,103.2,102.1,103.3,106.1,109.1,110.0,108.8,107.7,105.6,104.3,103.6,104.4,106.1,108.4,109.3,109.6,109.7,109.5,108.9,107.4,107.9,107.4,106.2,105.0,104.4,104.9,106.2,106.5,103.6,102.4,103.6,106.6,109.5,110.7,109.7,108.8,106.5,104.8,104.1,104.8,106.3,108.5,109.6,110.1,110.2,110.0,109.7,108.0,108.5,108.0,106.7,105.4,104.9,105.4,106.7,8.9,10.8,14.9,18.8,20.1,18.5,14.1,10.3,4.4,6.4,9.5,13.8,18.3,21.8,24.2,21.1,17.0,12.9,9.2,6.3,12.9,14.5,16.3,17.2,16.6,14.9,13.1,12.3,57.4,59.2,63.3,67.5,69.2,67.4,63.3,58.9,53.6,55.9,59.3,63.9,68.5,72.3,74.9,72.2,68.5,64.4,60.2,56.4,61.5,63.3,65.1,65.9,65.1,63.3,61.5,60.7,-91.9,-96.0,-97.6,-95.6,-91.3,-86.8,-85.6,-87.5,-90.1,-92.8,-94.3,-94.9,-93.7,-91.3,-88.0,-86.6,-86.1,-86.0,-86.6,-87.9,-89.7,-88.9,-89.6,-91.4,-93.3,-94.1,-93.4,-91.6,-86.9,-91.1,-93.0,-91.2,-87.0,-82.7,-80.9,-82.3,-83.9,-87.0,-89.1,-90.1,-89.3,-87.7,-85.0,-83.0,-81.9,-81.5,-81.7,-82.3,-84.9,-84.2,-85.0,-86.8,-88.7,-89.5,-88.7,-86.8,595.1,595.6,595.0,593.6,592.4,592.0,592.5,593.8,600.1,597.4,594.5,592.4,591.9,592.3,593.0,591.9,591.3,591.9,593.9,596.9,594.5,593.9,593.7,593.9,594.5,595.0,595.3,595.1,567.3,568.5,569.4,569.4,568.6,567.4,566.5,566.6,568.3,567.4,566.6,566.6,568.1,570.6,573.0,569.9,567.3,565.7,565.6,566.8,568.1,568.1,568.5,569.0,569.4,569.4,569.0,568.4,43.1,-59.2,669.4,0.089,0.304,0.044,290.6,289.9,290.6,292.2,294.2,297.7,302.9,310.0,319.7,331.0,342.1,352.6,360.8,366.0,368.9,370.6,371.5,293.5,297.7,303.9,310.4,316.2,330.3,337.9,345.8,353.2,358.5,322.5,321.2,319.9,318.5,312.8,316.2,319.9,324.4,328.7,299.9,303.8,309.2,313.6,308.9,303.5,335.4,340.0,345.9,350.5,346.2,340.5,307.5,311.3,316.4,320.0,324.2,331.1,337.6,331.4,324.8,320.2,316.2,311.1,309.9,316.5,320.1,324.3,334.8,324.5,320.2,316.4,112.2,122.9,133.8,144.5,154.8,164.2,172.1,178.6,181.1,180.9,176.9,170.7,162.2,151.7,139.9,127.5,115.2,98.3,93.0,91.6,92.5,95.5,95.5,92.4,91.9,94.1,99.3,105.5,112.5,119.4,126.5,134.0,135.5,136.5,135.6,134.6,107.8,104.0,104.3,108.6,109.7,109.6,108.9,104.6,104.8,108.5,110.2,110.1,152.7,147.7,145.4,146.6,145.7,148.4,153.1,159.1,161.3,161.5,161.0,158.5,152.6,149.9,150.2,150.1,153.1,155.4,155.6,155.0,-11.3,-12.6,-11.3,-8.5,-4.9,1.2,10.1,21.7,37.4,55.9,75.1,93.7,108.1,117.2,122.0,124.5,126.1,-6.0,1.2,11.6,22.1,31.4,53.9,66.1,79.0,90.9,99.6,41.3,38.8,36.3,33.7,25.5,30.8,36.6,43.7,50.5,4.9,11.4,20.4,27.6,19.8,10.8,62.6,69.9,79.2,86.8,79.6,70.5,17.4,23.2,31.1,36.7,43.2,54.4,65.5,55.1,44.4,37.2,30.9,23.0,21.2,31.3,36.9,43.6,61.0,44.0,37.2,31.3,-100.8,-81.8,-62.5,-43.6,-25.1,-8.4,5.4,16.1,19.9,19.5,13.1,2.8,-11.5,-29.4,-49.4,-70.2,-91.1,-120.8,-128.5,-129.2,-126.0,-120.2,-118.9,-123.7,-124.6,-121.2,-112.8,-102.9,-90.6,-78.7,-66.6,-56.5,-53.8,-51.8,-53.2,-54.8,-103.6,-109.1,-107.8,-100.3,-98.9,-99.7,-98.0,-104.7,-104.1,-98.3,-95.2,-95.5,-27.0,-34.4,-37.7,-35.7,-37.1,-32.9,-25.7,-15.8,-12.3,-12.0,-12.9,-17.1,-26.9,-30.6,-30.0,-30.2,-25.6,-21.7,-21.5,-22.6,723.9,723.9,724.4,725.2,721.7,713.0,700.3,683.2,672.1,671.6,679.0,687.3,691.7,693.2,692.3,690.7,690.6,697.6,690.2,681.6,672.5,666.7,660.1,658.9,659.7,660.0,660.9,661.1,654.1,647.2,640.1,659.0,654.3,650.7,650.4,651.0,690.6,684.6,680.0,677.0,680.1,684.5,665.1,663.0,661.4,662.5,660.5,662.0,675.4,660.8,653.3,650.4,649.0,652.0,659.1,653.8,651.6,653.4,656.3,663.5,671.4,655.4,652.1,650.7,658.4,652.8,654.4,657.4,0.608,0.014,0.271,0.046,323.516,132.756,-33.789,-15.812,-12.718,18.117,-7.306,-5.061,8.005,8.121,3.691,6.406,-0.942,-0.146,0.251,-2.660,-0.327,0.021,2.256,-1.871,0.047,1.530,1.399,0.181,-0.952,0.717,0.615,-0.852,0.579,-0.031,0.068,-0.063,0.086,-0.016,0.001,0.048,0.11,0.27,0.64,0.17,0.08,3.05,0.00,0.04,0.00,0.00,0.00,0.19,0.00,0.08,0.60,1.01,0.00,1.00,1.00,1.00,0.00,1.00,0.00,0.00,0.00,0.00,0.00,0.00,0.00,0.00,0.00,0.00,0.00,0.00,0.00
178,0,17.700,0.93,1,-0.153681,0.114921,-0.981415,-0.298344,0.114502,-0.947565,-0.230,0.118,303.3,304.6,307.5,310.2,311.1,310.0,306.9,304.2,300.2,301.5,303.7,306.7,309.9,312.3,313.9,311.8,308.9,306.1,303.5,301.5,306.0,307.2,308.4,309.0,308.6,307.4,306.2,305.6,338.7,339.9,342.8,345.8,347.1,345.9,343.0,339.8,335.8,337.6,340.1,343.4,346.7,349.2,350.8,349.2,346.7,343.9,340.8,337.9,341.6,342.9,344.2,344.7,344.1,342.8,341.5,341.0,106.5,103.7,102.6,103.8,106.7,109.7,110.6,109.4,108.2,106.1,104.7,104.1,104.9,106.6,109.0,109.9,110.2,110.3,110.1,109.4,108.0,108.5,108.0,106.8,105.5,105.0,105.5,106.7,107.2,104.3,103.1,104.4,107.3,110.3,111.5,110.5,109.5,107.2,105.5,104.8,105.6,107.1,109.3,110.4,110.9,111.0,110.8,110.5,108.7,109.3,108.8,107.5,106.2,105.6,106.1,107.4,9.1,11.0,15.1,18.9,20.2,18.6,14.2,10.4,4.6,6.6,9.7,14.0,18.5,21.9,24.3,21.2,17.1,13.0,9.4,6.4,13.0,14.7,16.5,17.3,16.8,15.1,13.3,12.4,57.5,59.3,63.4,67.6,69.2,67.5,63.3,58.9,53.7,56.0,59.3,63.9,68.6,72.4,75.0,72.3,68.5,64.4,60.3,56.4,61.5,63.3,65.2,65.9,65.2,63.4,61.6,60.8,-90.2,-94.4,-95.9,-93.9,-89.6,-85.1,-83.9,-85.9,-88.5,-91.2,-92.7,-93.3,-92.0,-89.6,-86.3,-84.8,-84.4,-84.3,-85.0,-86.3,-88.1,-87.2,-87.9,-89.7,-91.6,-92.5,-91.8,-90.0,-85.2,-89.4,-91.2,-89.5,-85.2,-80.9,-79.2,-80.6,-82.2,-85.3,-87.4,-88.4,-87.6,-85.9,-83.2,-81.2,-80.1,-79.7,-80.0,-80.6,-83.2,-82.4,-83.2,-85.1,-87.0,-87.7,-86.9,-85.1,589.3,589.7,589.1,587.7,586.5,586.2,586.7,588.0,594.4,591.6,588.7,586.5,586.0,586.4,587.1,586.1,585.4,586.1,588.1,591.2,588.7,588.1,587.8,588.0,588.6,589.2,589.5,589.3,562.7,563.9,564.8,564.8,564.0,562.8,561.9,562.1,563.7,562.8,562.0,562.0,563.5,565.9,568.3,565.3,562.7,561.1,561.1,562.3,563.5,563.5,563.9,564.4,564.7,564.7,564.4,563.8,43.5,-58.6,670.3,0.085,0.301,0.048,290.8,290.0,290.7,292.2,294.2,297.6,302.9,310.0,319.7,330.9,342.1,352.6,360.8,366.1,369.1,370.8,371.8,293.6,297.9,304.1,310.6,316.3,330.9,338.5,346.4,353.7,358.9,322.9,321.6,320.2,318.8,313.1,316.5,320.2,324.7,328.9,300.1,304.0,309.5,313.9,309.1,303.6,335.8,340.4,346.3,351.0,346.6,340.9,307.6,311.5,316.7,320.2,324.4,331.2,337.7,331.4,324.9,320.3,316.3,311.3,310.0,316.7,320.3,324.5,334.9,324.6,320.3,316.6,112.8,123.5,134.3,144.9,155.2,164.4,172.3,178.7,181.1,180.9,177.0,170.9,162.6,152.1,140.4,128.2,116.0,98.4,93.2,91.8,92.7,95.7,95.9,92.8,92.4,94.5,99.7,106.1,113.0,119.8,126.9,134.5,136.0,137.0,136.2,135.2,108.3,104.5,104.8,109.1,110.3,110.2,109.6,105.3,105.5,109.3,111.0,110.9,153.1,148.3,146.0,147.2,146.3,149.0,153.6,159.5,161.5,161.7,161.2,158.8,153.0,150.5,150.8,150.7,153.6,155.7,155.8,155.3,-11.0,-12.4,-11.2,-8.5,-5.0,1.1,10.1,21.7,37.4,55.8,75.0,93.8,108.3,117.5,122.4,125.1,126.8,-5.8,1.5,11.9,22.4,31.6,54.9,67.1,79.9,91.8,100.4,42.0,39.4,36.9,34.3,26.0,31.3,37.1,44.2,50.9,5.2,11.7,20.8,28.0,20.2,11.1,63.3,70.7,80.1,87.8,80.5,71.3,17.6,23.6,31.5,37.1,43.6,54.7,65.8,55.2,44.5,37.4,31.1,23.2,21.4,31.7,37.3,43.9,61.3,44.2,37.4,31.6,-99.9,-80.8,-61.7,-42.8,-24.4,-8.0,5.6,16.2,20.0,19.6,13.3,3.2,-10.9,-28.7,-48.6,-69.2,-89.9,-120.9,-128.4,-129.2,-125.9,-120.0,-118.4,-123.2,-124.0,-120.7,-112.5,-102.1,-89.9,-78.1,-66.1,-55.7,-53.1,-51.1,-52.4,-54.0,-102.9,-108.4,-107.1,-99.4,-98.0,-98.8,-97.0,-103.7,-103.1,-97.2,-94.0,-94.4,-26.4,-33.6,-36.9,-34.9,-36.2,-32.0,-25.0,-15.3,-12.0,-11.7,-12.6,-16.7,-26.3,-29.7,-29.2,-29.3,-24.8,-21.3,-21.1,-22.2,724.7,724.7,725.0,725.9,722.4,713.6,700.9,683.9,672.8,672.3,679.7,688.1,692.5,694.0,693.1,691.8,691.9,698.6,691.2,682.5,673.4,667.6,660.9,659.9,660.8,661.1,662.0,662.2,655.1,648.1,641.0,659.8,655.3,651.8,651.4,651.9,691.6,685.5,680.9,677.9,681.0,685.4,666.2,664.2,662.7,663.9,661.7,663.2,676.0,661.7,654.2,651.4,650.0,653.1,660.2,654.7,652.4,654.1,656.9,664.2,672.1,656.3,653.1,651.7,659.4,653.6,655.1,658.1,0.607,0.011,0.268,0.050,323.711,133.191,-33.665,-15.627,-14.103,17.311,-5.816,-5.304,6.531,8.265,3.013,7.072,-1.135,0.343,0.222,-2.950,-0.331,-0.414,2.222,-2.371,-0.350,1.533,1.304,-0.114,-1.281,0.692,0.625,-0.824,0.642,0.004,0.053,-0.065,0.076,0.002,0.008,0.053,0.31,0.53,0.62,0.34,0.06,3.02,0.00,0.04,0.00,0.00,0.27,0.25,0.00,0.10,0.54,0.72,0.00,1.00,1.00,1.00,0.00,1.00,0.00,0.00,0.00,0.00,0.00,0.00,0.00,0.00,0.00,0.00,0.00,0.00,0.00
179,0,17.800,0.98,1,-0.140005,0.090380,-0.986017,-0.275970,0.087504,-0.957175,-0.211,0.091,304.2,305.6,308.4,311.1,312.0,310.9,307.9,305.2,301.1,302.5,304.6,307.6,310.8,313.2,314.9,312.7,309.8,307.0,304.4,302.4,307.0,308.2,309.4,310.0,309.6,308.4,307.2,306.6,339.8,341.0,344.0,346.9,348.2,347.0,344.0,340.8,336.9,338.7,341.2,344.6,347.8,350.2,351.8,350.2,347.8,345.0,341.9,339.0,342.6,343.9,345.2,345.8,345.2,343.9,342.6,342.1,107.1,104.2,103.1,104.3,107.2,110.3,111.2,110.0,108.8,106.7,105.3,104.7,105.4,107.1,109.5,110.4,110.7,110.8,110.6,110.0,108.5,109.0,108.5,107.3,106.0,105.5,106.0,107.2,107.8,104.8,103.6,104.9,107.9,110.9,112.1,111.0,109.9,107.7,106.1,105.4,106.2,107.7,109.9,111.0,111.5,111.6,111.3,111.0,109.3,109.8,109.3,108.0,106.7,106.2,106.7,108.0,10.4,12.3,16.4,20.2,21.5,19.9,15.6,11.7,6.0,7.9,11.0,15.2,19.7,23.2,25.6,22.5,18.4,14.3,10.7,7.8,14.4,16.0,17.8,18.6,18.1,16.4,14.6,13.8,59.1,60.9,65.1,69.2,70.9,69.1,64.9,60.5,55.2,57.6,61.0,65.6,70.3,74.0,76.5,73.8,70.2,66.1,61.9,58.0,63.1,64.9,66.8,67.6,66.8,65.0,63.2,62.4,-89.1,-93.3,-94.9,-92.9,-88.6,-84.1,-82.9,-84.8,-87.4,-90.1,-91.6,-92.2,-91.0,-88.6,-85.4,-83.8,-83.4,-83.3,-83.9,-85.2,-87.0,-86.2,-86.8,-88.6,-90.5,-91.4,-90.7,-88.9,-84.6,-88.9,-90.6,-88.8,-84.5,-80.3,-78.5,-80.0,-81.7,-84.7,-86.8,-87.7,-86.9,-85.2,-82.5,-80.5,-79.5,-79.1,-79.4,-80.1,-82.6,-81.8,-82.6,-84.5,-86.3,-87.1,-86.3,-84.5,587.5,587.9,587.2,585.8,584.5,584.2,584.8,586.2,592.6,589.9,586.8,584.7,584.1,584.4,585.1,584.1,583.5,584.2,586.3,589.4,586.8,586.2,585.9,586.1,586.7,587.3,587.6,587.4,563.6,564.8,565.7,565.8,565.1,563.9,563.0,563.0,564.6,563.6,562.9,563.0,564.6,567.1,569.6,566.6,563.8,562.2,562.0,563.1,564.5,564.5,564.9,565.4,565.8,565.7,565.3,564.8,45.3,-59.5,675.2,0.038,0.270,0.059,291.5,290.7,291.2,292.4,294.3,297.8,303.1,310.4,320.3,331.7,343.1,353.6,361.7,366.7,369.6,371.3,372.3,294.4,298.7,305.2,311.7,317.6,331.9,339.5,347.4,354.8,360.2,324.1,322.9,321.5,320.1,314.1,317.6,321.3,325.8,330.1,301.0,304.9,310.4,314.8,310.0,304.5,336.8,341.6,347.4,352.0,347.7,342.0,308.5,313.1,318.0,321.4,325.5,331.6,338.2,331.5,325.5,321.1,317.4,312.7,310.7,317.9,321.4,325.5,335.4,325.4,321.2,317.7,113.7,124.3,134.9,145.5,155.5,164.2,171.3,176.8,178.8,178.9,175.7,170.4,162.6,152.5,141.1,129.1,117.1,99.5,94.1,92.6,93.5,96.3,96.5,93.5,93.2,95.3,100.6,106.4,113.4,120.3,127.5,135.0,136.4,137.5,136.7,135.6,108.8,105.1,105.4,109.5,110.8,110.8,110.0,105.9,106.1,109.9,111.6,111.4,152.3,148.7,146.9,148.0,147.1,149.4,152.9,156.0,156.8,156.9,156.5,155.4,152.3,151.0,151.3,151.1,152.8,151.7,151.8,151.3,-10.0,-11.4,-10.5,-8.2,-4.9,1.4,10.6,22.5,38.6,57.6,77.5,96.7,111.5,120.7,125.8,128.3,130.2,-4.5,3.0,13.8,24.6,34.1,57.3,69.7,82.9,95.3,104.4,44.6,42.0,39.3,36.7,27.9,33.3,39.2,46.4,53.4,6.9,13.5,22.6,29.9,21.9,12.7,66.0,73.8,83.2,90.9,83.4,74.2,19.1,26.3,33.9,39.3,45.8,56.0,67.3,55.7,45.7,38.7,32.8,25.6,22.7,33.8,39.3,45.9,62.5,45.7,39.0,33.5,-99.6,-80.5,-61.2,-42.2,-24.1,-8.4,3.9,13.1,16.2,16.4,11.2,2.4,-11.0,-28.5,-48.4,-69.0,-89.8,-120.6,-128.5,-129.5,-126.2,-120.3,-119.0,-123.8,-124.7,-121.4,-113.0,-102.9,-90.3,-78.0,-65.7,-55.5,-52.8,-50.7,-52.1,-53.8,-103.1,-108.7,-107.5,-100.0,-98.3,-98.9,-97.6,-104.3,-103.7,-97.8,-94.6,-95.0,-27.7,-33.1,-35.8,-33.8,-35.2,-31.7,-26.3,-21.0,-19.6,-19.4,-20.1,-22.2,-27.7,-29.2,-28.6,-28.9,-26.4,-27.8,-27.7,-28.6,735.2,734.3,733.8,733.6,729.2,719.2,704.6,686.1,675.4,676.4,686.5,697.4,704.0,706.7,706.8,705.3,705.9,708.1,700.3,691.5,682.1,675.6,669.6,669.4,671.2,672.3,674.0,670.8,662.7,654.5,646.5,665.9,661.1,657.4,657.5,658.6,699.5,693.6,689.0,686.2,688.6,692.8,675.8,674.4,673.3,674.8,672.1,673.1,679.4,666.1,660.0,657.7,656.7,659.9,667.0,658.5,654.9,655.9,658.4,665.7,675.1,661.3,658.6,657.8,665.0,657.0,657.8,660.6,0.600,-0.032,0.231,0.058,324.608,132.968,-14.075,-14.284,-23.308,14.290,-6.415,5.469,2.874,7.315,0.537,7.803,-2.159,1.219,-0.693,-3.158,0.503,-0.817,0.846,-2.206,-0.347,1.334,1.124,0.050,-1.257,0.356,0.589,-0.903,0.189,-0.047,-0.053,-0.096,0.070,-0.009,-0.011,0.054,0.46,0.70,0.54,0.51,0.02,3.07,0.00,0.04,0.00,0.00,0.44,0.28,0.04,0.10,0.37,0.78,0.00,1.00,1.00,1.00,0.00,1.00,0.00,0.00,0.00,0.00,0.00,0.00,0.00,0.00,0.00,0.00,1.00,0.00,0.00
180,0,17.900,0.98,1,-0.147625,0.110106,-0.982895,-0.285360,0.109816,-0.952108,-0.220,0.113,304.2,305.6,308.4,311.1,312.1,311.0,307.9,305.2,301.1,302.5,304.7,307.6,310.8,313.3,314.9,312.8,309.9,307.0,304.4,302.4,307.0,308.2,309.4,310.0,309.6,308.4,307.2,306.6,339.9,341.1,344.0,347.0,348.3,347.1,344.2,341.0,337.0,338.8,341.3,344.7,347.9,350.4,352.0,350.4,347.9,345.1,342.0,339.1,342.8,344.1,345.4,345.9,345.3,344.0,342.7,342.2,107.4,104.5,103.4,104.6,107.5,110.6,111.5,110.3,109.1,107.0,105.6,104.9,105.7,107.5,109.9,110.8,111.1,111.2,111.0,110.4,108.8,109.4,108.9,107.6,106.3,105.8,106.3,107.6,108.1,105.1,103.9,105.2,108.2,111.2,112.4,111.4,110.4,108.0,106.3,105.7,106.4,107.9,110.2,111.3,111.8,112.0,111.8,111.4,109.6,110.2,109.7,108.4,107.0,106.5,107.0,108.3,10.3,12.2,16.3,20.1,21.4,19.8,15.4,11.6,5.9,7.8,10.9,15.1,19.6,23.1,25.5,22.4,18.3,14.2,10.6,7.7,14.2,15.9,17.7,18.5,17.9,16.3,14.5,13.7,58.8,60.5,64.7,68.8,70.5,68.7,64.6,60.1,54.9,57.2,60.6,65.2,69.9,73.6,76.2,73.5,69.8,65.7,61.5,57.7,62.8,64.6,66.4,67.2,66.4,64.6,62.8,62.0,-87.9,-92.1,-93.6,-91.6,-87.3,-82.8,-81.6,-83.6,-86.2,-88.9,-90.4,-91.0,-89.8,-87.3,-84.0,-82.5,-82.0,-82.0,-82.6,-83.9,-85.8,-84.9,-85.6,-87.4,-89.3,-90.2,-89.5,-87.7,-83.4,-87.7,-89.5,-87.7,-83.5,-79.2,-77.4,-78.9,-80.4,-83.5,-85.7,-86.7,-85.9,-84.2,-81.4,-79.4,-78.3,-77.9,-78.2,-78.8,-81.5,-80.7,-81.5,-83.3,-85.2,-86.0,-85.2,-83.3,582.3,582.7,582.0,580.6,579.4,579.1,579.7,581.1,587.4,584.6,581.6,579.5,578.9,579.2,580.0,579.0,578.4,579.1,581.1,584.2,581.7,581.1,580.8,580.9,581.5,582.1,582.4,582.2,559.0,560.2,561.1,561.2,560.4,559.3,558.3,558.4,559.9,559.0,558.3,558.4,559.9,562.5,564.9,561.9,559.2,557.6,557.4,558.5,559.8,559.9,560.3,560.8,561.1,561.1,560.7,560.2,45.2,-56.9,668.5,0.079,0.283,0.049,291.6,290.8,291.4,292.9,294.8,298.2,303.5,310.8,320.7,332.0,343.2,353.6,361.7,366.9,369.8,371.4,372.4,294.5,298.7,305.0,311.6,317.4,332.2,339.9,347.8,355.1,360.3,324.1,322.8,321.6,320.2,314.3,317.8,321.5,326.0,330.2,301.0,304.9,310.5,314.9,310.1,304.5,336.9,341.7,347.5,352.1,347.8,342.1,308.6,312.9,318.0,321.6,325.7,332.4,338.8,332.5,326.1,321.6,317.6,312.6,311.0,318.0,321.6,325.8,336.1,325.9,321.6,317.8,113.8,124.6,135.4,146.0,156.2,165.4,173.1,179.4,181.7,181.6,177.7,171.7,163.4,152.9,141.2,129.0,116.9,99.2,93.9,92.4,93.3,96.2,96.4,93.4,93.1,95.3,100.6,106.9,114.0,121.0,128.2,135.9,137.4,138.5,137.6,136.6,109.2,105.3,105.6,110.0,111.2,111.1,110.5,106.1,106.4,110.2,112.0,111.8,154.4,150.1,148.1,149.3,148.4,150.9,154.9,159.9,161.5,161.7,161.2,159.1,154.3,152.4,152.7,152.6,155.0,156.0,156.1,155.5,-9.6,-11.0,-9.9,-7.3,-3.9,2.2,11.1,23.0,38.9,57.5,76.8,95.5,109.9,119.0,123.9,126.4,128.0,-4.3,2.9,13.4,24.0,33.3,56.9,69.3,82.3,94.2,102.9,43.9,41.4,38.9,36.3,28.0,33.3,39.0,46.2,53.0,6.8,13.3,22.4,29.7,21.8,12.6,65.2,72.6,82.1,89.7,82.4,73.2,19.2,25.8,33.6,39.2,45.7,56.6,67.6,56.8,46.4,39.2,33.0,25.3,22.9,33.6,39.3,46.0,63.1,46.1,39.3,33.5,-97.7,-78.7,-59.6,-40.8,-22.6,-6.3,7.0,17.3,20.9,20.7,14.5,4.5,-9.6,-27.4,-47.2,-67.8,-88.5,-119.3,-126.9,-127.7,-124.5,-118.7,-117.3,-122.1,-122.9,-119.5,-111.2,-100.6,-88.1,-76.1,-63.9,-53.3,-50.6,-48.6,-50.0,-51.7,-101.1,-106.7,-105.5,-97.8,-96.2,-97.0,-95.5,-102.3,-101.7,-95.7,-92.5,-92.8,-24.2,-30.5,-33.5,-31.5,-32.8,-29.0,-22.8,-14.6,-11.9,-11.7,-12.5,-16.0,-24.0,-26.6,-26.0,-26.2,-22.7,-20.8,-20.6,-21.6,722.7,722.7,723.1,723.9,720.1,711.2,698.3,681.3,670.4,670.6,678.9,688.2,693.2,695.0,694.3,692.7,692.8,696.9,689.4,680.8,671.6,665.8,659.5,659.0,660.4,661.3,662.9,660.9,653.6,646.2,638.8,658.2,653.6,650.1,650.0,650.8,689.7,683.7,679.2,676.6,679.3,683.5,665.6,663.9,662.5,664.1,661.6,662.9,673.7,659.9,653.1,650.5,649.3,652.6,659.7,653.3,650.6,651.9,654.5,661.6,669.7,654.9,652.0,650.8,658.5,651.8,653.0,655.9,0.608,0.009,0.245,0.051,324.810,134.166,-30.873,-14.842,-18.168,18.751,-4.699,-0.701,4.282,7.758,2.803,9.096,-1.916,0.351,-0.458,-3.669,-0.018,-0.068,1.540,-2.596,-0.428,0.933,1.130,0.035,-1.433,0.666,0.660,-1.110,0.285,-0.013,-0.007,-0.048,0.050,-0.001,0.030,0.052,0.58,0.73,0.53,0.52,0.08,3.10,0.00,0.00,0.00,0.00,0.46,0.29,0.06,0.10,0.29,0.78,0.00,1.00,1.00,1.00,0.00,1.00,0.00,0.00,0.00,0.00,0.00,0.00,0.00,0.00,0.00,0.00,1.00,0.00,0.00
181,0,18.000,0.98,1,-0.129963,0.122223,-0.983957,-0.268127,0.120110,-0.955867,-0.202,0.124,307.0,308.4,311.3,314.0,314.9,313.7,310.6,307.9,303.7,305.2,307.5,310.5,313.7,316.1,317.7,315.5,312.7,309.8,307.2,305.1,309.7,310.9,312.2,312.8,312.4,311.2,310.0,309.3,342.5,343.7,346.6,349.6,350.8,349.6,346.7,343.5,339.5,341.4,343.9,347.3,350.4,352.8,354.4,352.8,350.4,347.6,344.6,341.7,345.3,346.6,347.9,348.4,347.8,346.5,345.3,344.7,108.0,105.2,104.2,105.5,108.4,111.4,112.2,111.0,109.7,107.6,106.3,105.8,106.6,108.4,110.8,111.6,111.8,111.8,111.5,110.9,109.5,110.1,109.6,108.4,107.1,106.6,107.0,108.3,109.5,106.6,105.4,106.8,109.8,112.7,113.8,112.8,111.7,109.4,107.8,107.2,108.0,109.5,111.8,112.8,113.3,113.4,113.1,112.7,111.1,111.6,111.1,109.9,108.5,108.0,108.5,109.7,14.4,16.4,20.6,24.4,25.6,23.9,19.4,15.6,9.8,11.9,15.1,19.4,23.9,27.3,29.6,26.5,22.4,18.3,14.6,11.6,18.3,20.0,21.8,22.7,22.1,20.5,18.6,17.7,62.8,64.6,68.8,72.9,74.6,72.8,68.6,64.2,58.9,61.3,64.7,69.4,74.0,77.7,80.1,77.5,73.8,69.8,65.6,61.7,66.8,68.6,70.5,71.2,70.5,68.7,66.9,66.1,-87.7,-91.8,-93.2,-91.2,-86.8,-82.4,-81.3,-83.3,-86.0,-88.6,-90.1,-90.5,-89.2,-86.8,-83.5,-82.1,-81.7,-81.8,-82.4,-83.8,-85.4,-84.5,-85.2,-87.0,-88.9,-89.8,-89.1,-87.3,-82.2,-86.4,-88.2,-86.4,-82.1,-77.9,-76.1,-77.6,-79.3,-82.3,-84.4,-85.3,-84.5,-82.7,-80.0,-78.0,-77.1,-76.7,-77.0,-77.7,-80.2,-79.4,-80.2,-82.0,-83.9,-84.7,-83.9,-82.1,586.8,587.3,586.8,585.5,584.3,583.9,584.3,585.6,591.8,589.1,586.2,584.2,583.8,584.2,585.0,583.9,583.1,583.7,585.6,588.6,586.3,585.8,585.5,585.8,586.3,586.9,587.1,586.9,563.8,565.1,566.1,566.3,565.6,564.3,563.3,563.2,564.6,563.8,563.2,563.4,565.1,567.7,570.2,567.1,564.3,562.6,562.3,563.3,564.8,564.8,565.3,565.9,566.2,566.1,565.6,565.1,49.2,-54.9,670.4,0.100,0.261,0.058,293.5,292.6,293.0,294.4,296.2,299.8,305.1,312.4,322.3,333.6,344.4,354.6,362.6,367.9,371.0,372.8,373.9,297.2,301.4,307.8,314.5,320.5,335.4,343.0,350.8,357.9,362.6,327.2,326.0,324.7,323.4,316.9,320.4,324.3,328.9,333.1,303.7,307.8,313.3,317.6,312.8,307.3,339.5,344.3,350.1,354.5,350.3,344.6,310.4,314.9,320.4,324.1,328.5,335.3,341.6,335.3,328.6,323.8,319.6,314.3,312.8,320.3,324.1,328.5,339.0,328.5,324.0,320.0,114.1,125.0,135.9,146.6,157.0,166.4,174.4,181.1,183.8,183.7,179.5,173.0,164.4,153.9,142.3,130.2,118.1,100.1,94.7,93.0,94.0,97.1,97.6,94.7,94.6,97.1,102.6,108.0,115.3,122.4,129.8,136.8,138.4,139.7,138.9,137.9,109.7,106.0,106.5,110.9,111.9,111.7,111.8,107.6,107.9,111.7,113.4,113.2,154.8,150.5,148.7,150.0,149.2,151.8,156.1,162.3,164.4,164.5,163.8,161.0,154.9,153.0,153.4,153.4,156.2,158.7,158.8,158.0,-6.2,-7.8,-7.0,-4.7,-1.3,4.9,13.9,25.9,41.9,60.5,79.4,97.7,112.0,121.2,126.4,129.2,131.1,0.3,7.4,18.0,28.8,38.3,62.3,74.5,87.4,99.1,107.0,49.0,46.4,44.0,41.5,32.1,37.6,43.5,50.9,57.8,11.2,18.0,27.1,34.2,26.4,17.2,69.4,77.0,86.4,93.8,86.6,77.5,22.2,29.1,37.6,43.4,50.3,61.6,72.6,61.8,50.7,43.1,36.5,28.2,26.0,37.5,43.5,50.5,68.2,50.6,43.4,37.2,-97.0,-77.8,-58.6,-39.7,-21.2,-4.6,9.4,20.4,24.5,24.2,17.5,6.8,-7.8,-25.8,-45.6,-66.2,-86.9,-117.4,-125.4,-126.6,-123.4,-117.4,-115.6,-120.2,-120.8,-116.9,-108.2,-98.8,-86.1,-73.9,-61.5,-52.0,-49.1,-46.8,-48.1,-49.8,-100.0,-105.3,-103.9,-96.2,-95.0,-95.9,-93.4,-100.0,-99.4,-93.4,-90.4,-90.8,-23.5,-30.0,-32.6,-30.5,-31.7,-27.7,-21.0,-10.8,-7.4,-7.2,-8.4,-13.1,-23.2,-25.8,-25.0,-25.0,-20.8,-16.5,-16.4,-17.7,721.0,721.4,722.2,723.6,720.4,712.6,700.9,684.9,674.7,675.1,683.2,692.1,696.7,698.2,697.2,695.7,695.8,695.4,688.4,680.1,671.4,666.1,661.0,660.6,662.3,663.4,665.1,661.7,654.5,647.3,640.2,659.5,654.9,651.5,651.7,652.8,688.2,682.6,678.5,676.2,678.8,682.5,666.7,665.1,663.9,665.6,663.2,664.2,677.2,662.9,655.2,652.6,651.5,655.6,663.9,657.7,654.6,655.7,658.3,665.5,673.6,657.4,654.4,653.5,662.9,655.7,656.7,659.5,0.606,0.033,0.216,0.062,327.149,135.411,-38.250,-13.476,-10.975,20.687,-5.382,-2.679,5.470,6.249,1.785,9.478,-2.500,0.378,1.453,-3.203,-0.022,-0.465,2.467,-2.828,-0.350,1.231,0.971,-0.234,-1.295,0.610,0.687,-0.855,0.460,0.059,0.016,-0.024,0.055,-0.005,0.014,0.056,0.48,0.67,0.62,0.41,0.13,3.07,0.00,0.00,0.00,0.00,0.21,0.20,0.07,0.00,0.42,1.18,0.00,1.00,1.00,1.00,0.00,1.00,0.00,0.00,0.00,0.00,0.00,1.00,0.00,0.00,0.00,0.00,1.00,0.00,0.00
182,0,18.100,0.98,1,-0.129381,0.119701,-0.984343,-0.266728,0.116333,-0.956725,-0.201,0.121,307.3,308.7,311.6,314.3,315.1,313.9,310.8,308.1,304.0,305.5,307.8,310.8,314.0,316.3,317.9,315.7,312.9,310.0,307.4,305.3,310.0,311.1,312.4,313.0,312.6,311.5,310.2,309.6,342.7,343.9,346.9,349.8,351.0,349.8,346.9,343.7,339.8,341.6,344.2,347.5,350.6,353.0,354.5,352.9,350.6,347.8,344.8,341.9,345.5,346.8,348.1,348.6,348.1,346.8,345.5,345.0,108.0,105.2,104.1,105.4,108.3,111.4,112.2,110.9,109.6,107.6,106.2,105.7,106.6,108.3,110.7,111.6,111.7,111.8,111.5,110.8,109.5,110.1,109.6,108.4,107.1,106.5,107.0,108.2,109.7,106.7,105.6,107.0,110.0,112.9,114.0,112.9,111.8,109.6,108.0,107.4,108.2,109.8,112.0,113.0,113.4,113.5,113.2,112.9,111.2,111.8,111.3,110.0,108.7,108.1,108.6,109.9,14.8,16.9,21.0,24.8,26.0,24.3,19.8,16.0,10.2,12.3,15.5,19.8,24.3,27.7,30.0,26.9,22.8,18.7,15.0,12.0,18.7,20.4,22.2,23.1,22.5,20.9,19.1,18.2,63.4,65.2,69.4,73.5,75.1,73.3,69.1,64.7,59.4,61.8,65.3,70.0,74.6,78.2,80.7,78.0,74.4,70.3,66.1,62.2,67.4,69.2,71.0,71.8,71.1,69.3,67.5,66.7,-88.0,-92.1,-93.6,-91.5,-87.1,-82.7,-81.6,-83.7,-86.4,-88.9,-90.4,-90.9,-89.6,-87.1,-83.8,-82.4,-82.1,-82.1,-82.8,-84.2,-85.8,-84.9,-85.5,-87.3,-89.2,-90.1,-89.5,-87.7,-82.3,-86.5,-88.3,-86.4,-82.1,-77.9,-76.2,-77.7,-79.4,-82.4,-84.5,-85.4,-84.5,-82.7,-80.0,-78.1,-77.1,-76.8,-77.1,-77.8,-80.3,-79.5,-80.2,-82.1,-83.9,-84.7,-84.0,-82.1,588.6,589.1,588.5,587.3,586.0,585.6,586.0,587.3,593.5,590.8,587.9,585.9,585.5,585.9,586.7,585.6,584.9,585.4,587.3,590.3,588.0,587.5,587.3,587.5,588.0,588.6,588.8,588.6,565.9,567.2,568.3,568.5,567.7,566.4,565.4,565.3,566.8,565.9,565.3,565.5,567.2,569.8,572.3,569.2,566.4,564.6,564.4,565.4,566.9,566.9,567.4,568.0,568.3,568.2,567.8,567.2,49.4,-54.8,670.0,0.095,0.259,0.064,293.7,292.7,293.1,294.4,296.3,299.8,305.1,312.5,322.4,333.7,344.5,354.7,362.6,367.8,371.0,372.8,373.9,297.5,301.8,308.2,314.9,320.8,335.8,343.4,351.3,358.4,363.0,327.5,326.2,324.9,323.6,317.0,320.5,324.4,328.9,333.2,303.9,308.0,313.5,317.9,313.1,307.5,339.7,344.5,350.3,354.7,350.5,344.8,310.5,315.0,320.5,324.2,328.6,335.3,341.6,335.3,328.6,323.9,319.7,314.3,312.9,320.4,324.2,328.6,339.0,328.5,324.0,320.1,114.2,125.0,135.9,146.7,157.0,166.4,174.5,181.2,183.9,183.8,179.5,173.1,164.6,154.2,142.7,130.7,118.7,100.0,94.7,93.1,94.1,97.2,97.8,95.0,94.9,97.6,103.2,108.1,115.3,122.4,129.7,136.8,138.4,139.7,138.9,137.9,109.6,106.0,106.5,110.9,111.8,111.6,111.9,107.8,108.1,112.0,113.6,113.3,154.8,150.5,148.6,149.9,149.2,151.8,156.1,162.3,164.4,164.5,163.8,160.9,154.9,152.9,153.4,153.4,156.3,158.7,158.8,158.0,-5.9,-7.6,-7.0,-4.7,-1.3,4.9,13.9,25.9,42.0,60.6,79.5,97.8,112.0,121.2,126.4,129.3,131.2,0.9,8.1,18.7,29.5,38.9,62.8,75.2,88.2,100.0,107.8,49.4,46.8,44.3,41.7,32.3,37.8,43.7,51.0,57.9,11.7,18.4,27.5,34.6,26.7,17.6,69.8,77.5,86.7,94.1,86.9,77.8,22.3,29.2,37.7,43.5,50.4,61.6,72.5,61.7,50.7,43.1,36.5,28.3,26.2,37.6,43.5,50.5,68.1,50.6,43.4,37.3,-96.9,-77.8,-58.6,-39.6,-21.1,-4.5,9.5,20.5,24.7,24.4,17.6,6.9,-7.5,-25.3,-45.0,-65.4,-85.8,-117.5,-125.4,-126.5,-123.2,-117.2,-115.3,-119.8,-120.3,-116.1,-107.4,-98.7,-86.0,-73.9,-61.6,-52.0,-49.1,-46.8,-48.1,-49.8,-100.1,-105.4,-103.9,-96.3,-95.1,-96.0,-93.3,-99.8,-99.0,-93.1,-90.1,-90.7,-23.6,-30.0,-32.7,-30.5,-31.6,-27.6,-20.9,-10.7,-7.4,-7.2,-8.4,-13.2,-23.3,-25.9,-25.0,-25.0,-20.7,-16.5,-16.4,-17.7,721.3,721.8,722.6,723.8,720.3,712.2,700.3,684.3,674.2,674.7,683.0,691.9,696.5,698.1,697.2,695.7,695.9,695.1,688.1,679.9,671.2,665.9,660.8,660.6,662.5,663.9,666.0,661.5,654.1,646.8,639.5,659.0,654.4,651.0,651.3,652.4,688.0,682.5,678.4,676.2,678.6,682.3,666.8,665.3,664.2,665.9,663.4,664.4,676.6,662.3,654.7,652.2,651.1,655.3,663.7,657.4,654.3,655.4,657.9,664.9,673.0,657.0,654.0,653.1,662.7,655.4,656.3,659.1,0.607,0.028,0.214,0.067,327.294,135.486,-36.947,-11.775,-10.547,20.869,-5.158,-2.804,5.788,6.352,2.263,9.453,-2.059,-0.014,1.281,-3.742,0.517,-0.268,2.151,-2.802,-0.117,1.090,0.890,-0.037,-1.196,0.770,0.612,-0.802,0.500,0.072,0.023,-0.031,0.054,-0.004,0.016,0.066,0.64,0.69,0.68,0.32,0.12,2.98,0.00,0.00,0.00,0.00,0.06,0.15,0.10,0.00,0.31,0.99,0.00,1.00,1.00,1.00,0.00,1.00,0.00,0.00,0.00,0.00,0.00,1.00,0.00,0.00,0.00,0.00,0.00,0.00,0.00
183,0,18.200,0.98,1,-0.076868,0.115106,-0.990375,-0.208630,0.109785,-0.971813,-0.144,0.114,310.5,312.0,315.1,317.8,318.7,317.4,314.2,311.4,307.0,308.6,311.1,314.2,317.5,319.9,321.5,319.3,316.4,313.4,310.6,308.4,313.3,314.5,315.8,316.5,316.1,314.9,313.6,312.9,346.4,347.6,350.6,353.6,354.8,353.5,350.5,347.3,343.3,345.2,347.9,351.3,354.4,356.7,358.1,356.6,354.3,351.5,348.5,345.5,349.1,350.4,351.7,352.3,351.7,350.5,349.2,348.6,109.4,106.5,105.4,106.8,109.9,113.0,113.8,112.4,110.9,108.9,107.7,107.2,108.2,110.0,112.3,113.2,113.3,113.3,112.9,112.2,111.0,111.6,111.1,109.9,108.6,107.9,108.4,109.7,111.7,108.7,107.6,109.0,112.1,115.1,116.2,115.0,113.7,111.6,110.1,109.6,110.4,112.0,114.2,115.2,115.6,115.6,115.3,114.8,113.3,113.9,113.4,112.1,110.8,110.2,110.6,111.9,18.9,21.0,25.2,29.0,30.2,28.4,23.9,20.1,14.1,16.3,19.6,24.0,28.5,31.9,34.2,31.0,26.9,22.7,19.0,16.0,22.8,24.4,26.3,27.2,26.7,25.0,23.2,22.2,67.2,69.1,73.3,77.4,79.0,77.1,72.9,68.5,63.1,65.7,69.3,73.9,78.5,82.0,84.3,81.7,78.2,74.1,69.9,65.9,71.1,72.9,74.8,75.6,74.9,73.1,71.3,70.5,-83.3,-87.4,-88.8,-86.7,-82.3,-77.8,-76.8,-78.9,-81.8,-84.2,-85.5,-85.9,-84.6,-82.1,-78.9,-77.6,-77.3,-77.5,-78.2,-79.6,-81.0,-80.1,-80.7,-82.5,-84.4,-85.3,-84.7,-82.9,-78.1,-82.3,-84.0,-82.1,-77.8,-73.6,-71.9,-73.5,-75.3,-78.2,-80.1,-80.9,-80.0,-78.3,-75.6,-73.8,-72.8,-72.6,-73.0,-73.7,-76.0,-75.2,-75.9,-77.8,-79.7,-80.5,-79.8,-77.9,570.0,570.5,570.1,568.9,567.7,567.3,567.6,568.8,574.8,572.1,569.3,567.4,567.1,567.7,568.5,567.4,566.5,566.9,568.8,571.7,569.6,569.1,568.9,569.1,569.6,570.2,570.3,570.1,555.7,557.0,558.2,558.6,558.0,556.7,555.5,555.2,556.3,555.5,555.1,555.5,557.4,560.2,562.9,559.7,556.7,554.8,554.3,555.1,556.8,557.0,557.6,558.1,558.4,558.2,557.7,557.1,55.6,-53.2,676.2,0.086,0.173,0.073,295.6,294.7,295.1,296.2,298.1,302.0,307.6,315.4,325.4,336.2,346.2,355.7,363.2,368.3,371.6,373.6,374.6,300.1,304.8,311.8,319.1,325.4,339.6,347.2,355.0,362.2,366.6,332.1,331.2,330.4,329.5,321.3,325.2,329.3,333.9,338.2,306.9,311.3,317.0,321.5,316.5,310.8,343.2,348.3,354.1,358.3,354.2,348.5,313.6,319.0,324.9,328.8,333.2,339.5,345.0,339.1,332.8,327.9,323.6,318.0,316.1,324.6,328.6,333.1,342.4,332.8,328.2,324.1,114.6,125.7,136.9,147.9,158.3,167.6,175.6,182.0,184.6,184.5,180.3,173.7,165.2,154.8,143.4,131.5,119.6,101.6,96.0,94.3,95.4,98.7,99.7,97.1,97.1,99.9,105.8,109.8,117.0,124.0,131.3,138.1,139.7,141.1,140.3,139.4,110.9,107.5,108.1,112.5,113.3,113.0,113.8,109.9,110.4,114.1,115.7,115.4,155.8,151.7,149.9,151.3,150.6,153.4,157.7,163.2,164.9,164.9,164.1,161.4,156.0,154.2,154.7,154.8,157.7,159.2,159.2,158.4,-2.5,-4.0,-3.4,-1.5,2.0,8.9,18.4,31.1,47.5,65.8,83.8,101.5,115.4,124.7,130.3,133.7,135.6,5.3,13.2,24.8,36.6,46.8,70.0,82.7,96.1,108.4,116.3,57.5,55.4,53.4,51.4,39.7,45.6,52.0,59.6,66.7,16.8,24.1,33.6,41.0,32.7,23.1,76.7,85.1,94.7,102.1,94.8,85.3,27.7,36.1,45.2,51.3,58.5,69.1,79.3,68.7,57.9,50.1,43.2,34.5,31.8,44.8,51.1,58.4,74.9,58.1,50.7,44.2,-96.5,-76.8,-57.0,-37.7,-19.0,-2.5,11.3,22.0,26.1,26.0,19.2,8.2,-6.6,-24.8,-44.8,-65.5,-86.2,-115.4,-123.8,-125.2,-122.0,-115.7,-113.9,-118.4,-119.0,-114.9,-105.7,-97.1,-84.3,-72.1,-59.7,-50.4,-47.4,-45.0,-46.2,-47.9,-98.5,-103.6,-102.1,-94.4,-93.3,-94.2,-91.6,-98.1,-97.3,-91.4,-88.3,-88.9,-22.0,-28.2,-31.0,-28.6,-29.7,-25.5,-18.7,-9.5,-6.6,-6.7,-7.9,-12.4,-21.6,-24.0,-23.1,-22.9,-18.6,-16.0,-16.0,-17.3,724.5,725.0,726.0,727.2,724.1,716.7,706.0,691.1,682.4,684.6,694.8,705.9,711.6,713.7,713.4,712.4,713.0,698.9,692.3,684.4,676.5,672.1,670.2,671.8,675.5,678.7,682.2,669.5,661.4,653.5,645.6,665.1,660.6,657.5,658.7,660.7,692.0,686.8,683.7,681.9,683.7,686.5,677.5,677.2,677.2,679.8,676.3,676.2,681.2,667.6,660.8,658.9,658.7,664.3,674.3,665.9,661.1,661.2,663.2,669.7,677.8,663.1,660.8,660.9,672.6,662.3,662.4,664.6,0.599,0.027,0.110,0.077,330.711,136.770,-30.576,-7.629,-10.772,26.507,-6.147,-1.504,2.984,4.847,0.501,8.121,-2.756,2.069,1.355,-1.440,-0.503,-0.486,2.051,-4.908,-0.519,0.313,-0.471,-0.304,-0.947,0.349,-0.045,-0.920,0.293,0.211,-0.090,0.000,0.081,-0.001,-0.009,0.041,0.79,0.67,0.59,0.20,0.06,2.92,0.00,0.00,0.00,0.00,0.05,0.16,0.21,0.00,0.20,0.93,0.00,1.00,1.00,1.00,0.00,1.00,0.00,0.00,0.00,0.00,0.00,1.00,0.00,1.00,0.00,0.00,1.00,0.00,0.00
184,0,18.300,0.98,1,-0.073030,0.106367,-0.991641,-0.209225,0.099809,-0.972761,-0.143,0.105,310.1,311.5,314.5,317.2,318.1,316.9,313.8,311.0,306.7,308.2,310.6,313.7,316.9,319.3,320.9,318.7,315.9,312.9,310.3,308.1,312.9,314.1,315.4,316.0,315.6,314.4,313.1,312.5,345.9,347.1,350.0,352.9,354.1,352.9,350.0,346.8,342.8,344.7,347.4,350.7,353.8,356.0,357.4,355.9,353.6,350.9,347.9,345.0,348.6,349.8,351.1,351.6,351.1,349.9,348.6,348.0,110.2,107.3,106.3,107.6,110.5,113.6,114.4,113.1,111.8,109.8,108.5,108.0,108.8,110.6,112.9,113.8,113.9,113.9,113.6,113.0,111.7,112.3,111.8,110.6,109.3,108.7,109.2,110.4,111.9,109.0,108.0,109.3,112.4,115.3,116.4,115.2,114.0,111.9,110.4,109.9,110.7,112.2,114.4,115.4,115.8,115.8,115.5,115.1,113.5,114.1,113.7,112.4,111.1,110.5,110.9,112.2,18.7,20.8,25.0,28.8,30.1,28.3,23.8,20.0,13.9,16.1,19.4,23.8,28.3,31.7,34.0,30.9,26.8,22.6,18.9,15.9,22.6,24.3,26.2,27.1,26.5,24.8,23.0,22.1,67.8,69.7,73.9,78.0,79.6,77.7,73.5,69.1,63.7,66.3,69.9,74.5,79.1,82.6,85.0,82.4,78.8,74.7,70.5,66.6,71.8,73.5,75.4,76.2,75.5,73.7,71.9,71.1,-84.0,-88.2,-89.6,-87.6,-83.2,-78.8,-77.6,-79.7,-82.4,-84.9,-86.3,-86.8,-85.5,-83.1,-79.9,-78.6,-78.2,-78.2,-78.9,-80.2,-81.8,-80.9,-81.5,-83.3,-85.3,-86.2,-85.5,-83.7,-79.2,-83.5,-85.1,-83.3,-78.9,-74.7,-73.1,-74.6,-76.4,-79.3,-81.3,-82.1,-81.2,-79.4,-76.8,-74.9,-74.0,-73.7,-74.1,-74.8,-77.2,-76.3,-77.1,-78.9,-80.8,-81.6,-80.9,-79.0,582.8,583.4,583.0,581.9,580.6,580.2,580.4,581.6,587.5,584.9,582.1,580.3,580.0,580.6,581.5,580.3,579.4,579.7,581.6,584.4,582.4,581.9,581.8,582.0,582.5,583.0,583.2,582.9,566.6,567.9,569.2,569.6,568.9,567.6,566.4,566.1,567.3,566.5,566.1,566.4,568.3,571.1,573.8,570.6,567.6,565.7,565.3,566.1,567.8,568.0,568.5,569.1,569.3,569.2,568.6,568.1,55.8,-53.5,681.6,0.067,0.182,0.053,294.6,294.0,294.6,295.8,298.2,302.6,308.6,316.5,326.8,338.0,348.2,357.4,364.3,368.7,371.3,372.9,373.7,299.5,304.3,311.3,318.7,325.1,339.2,346.9,354.7,361.8,365.9,331.8,330.9,330.1,329.3,321.3,325.1,329.1,333.6,337.7,306.6,310.9,316.5,320.9,316.0,310.3,342.8,347.7,353.4,357.6,353.5,347.9,313.8,319.2,324.8,328.5,332.8,338.8,344.3,338.4,332.3,327.7,323.6,318.3,316.2,324.5,328.4,332.7,341.7,332.4,328.1,324.2,116.3,127.7,139.1,150.1,160.4,169.2,176.3,181.8,183.7,183.1,178.5,171.7,163.0,152.7,141.7,130.4,119.1,103.1,97.4,95.4,96.4,99.5,100.2,97.7,97.8,100.6,106.5,110.1,117.2,124.1,131.3,138.4,139.9,141.1,140.4,139.5,111.8,108.3,108.7,113.0,114.0,113.8,114.1,110.2,110.6,114.4,115.9,115.6,156.1,152.0,150.1,151.5,150.7,153.4,157.6,162.2,163.6,163.5,162.9,160.7,156.1,154.5,154.9,155.0,157.5,157.9,158.0,157.3,-4.2,-5.4,-4.3,-2.1,2.1,9.8,20.1,33.2,50.1,69.2,87.7,105.2,118.1,126.1,130.7,133.3,134.8,4.4,12.4,24.3,36.3,46.8,70.0,82.9,96.5,108.8,116.4,57.7,55.5,53.5,51.5,40.0,45.9,52.2,59.6,66.5,16.4,23.6,33.0,40.3,32.1,22.6,76.8,85.0,94.5,101.9,94.6,85.2,28.3,36.6,45.4,51.3,58.3,68.5,78.6,68.0,57.6,50.1,43.5,35.1,32.1,45.1,51.2,58.3,74.1,57.9,50.8,44.5,-94.8,-74.4,-53.9,-34.0,-15.5,0.4,12.8,21.8,24.7,23.9,16.3,4.7,-10.4,-28.7,-48.0,-67.8,-87.7,-114.0,-122.7,-124.7,-121.7,-115.6,-114.2,-118.6,-119.2,-115.0,-105.5,-97.5,-84.8,-72.6,-60.3,-50.3,-47.6,-45.3,-46.5,-48.2,-97.9,-103.2,-101.9,-94.5,-93.0,-93.7,-92.0,-98.5,-97.8,-91.9,-88.8,-89.4,-21.7,-28.0,-30.8,-28.5,-29.8,-25.6,-19.0,-11.1,-8.9,-8.9,-10.0,-13.7,-21.5,-23.8,-23.0,-22.9,-19.0,-18.1,-18.0,-19.1,734.7,735.2,735.9,736.0,731.3,722.6,710.0,694.2,685.8,688.8,699.6,710.2,715.8,717.8,717.6,716.6,717.6,706.1,699.5,691.9,683.8,678.9,677.2,679.0,682.6,685.7,689.4,676.0,667.9,659.8,651.9,670.6,666.5,663.6,664.6,666.5,698.1,693.3,690.1,688.3,689.8,692.6,684.3,683.7,683.7,686.3,682.7,682.8,685.7,673.0,666.4,664.7,664.7,669.9,679.2,670.5,665.9,665.8,667.7,674.1,682.3,668.5,666.4,666.7,677.3,667.2,667.0,669.1,0.594,0.009,0.124,0.055,330.545,136.880,-26.203,1.524,-15.587,21.151,-4.948,-0.576,1.116,-0.500,0.272,8.981,-0.827,0.614,2.285,-2.286,-0.043,0.577,2.280,-3.998,-0.188,0.572,-0.527,-0.093,-0.733,0.584,-0.185,-0.949,0.224,0.190,-0.092,-0.008,0.101,-0.009,-0.026,0.066,0.90,0.55,0.46,0.12,0.02,2.90,0.00,0.00,0.00,0.00,0.22,0.25,0.24,0.00,0.07,0.53,0.00,1.00,1.00,1.00,0.00,1.00,0.00,0.00,0.00,0.00,0.00,1.00,0.00,1.00,0.00,0.00,1.00,0.00,0.00
185,0,18.400,0.98,1,-0.066232,0.088806,-0.993844,-0.205277,0.082356,-0.975233,-0.137,0.087,309.7,311.0,313.9,316.6,317.6,316.4,313.4,310.6,306.3,307.8,310.1,313.1,316.3,318.7,320.3,318.2,315.4,312.5,309.9,307.7,312.4,313.6,314.8,315.4,315.0,313.8,312.6,312.0,345.4,346.5,349.4,352.3,353.5,352.3,349.5,346.4,342.5,344.3,346.8,350.1,353.1,355.4,356.8,355.3,353.1,350.4,347.4,344.6,348.1,349.3,350.6,351.1,350.5,349.3,348.0,347.5,110.9,108.0,106.9,108.2,111.0,114.1,115.0,113.7,112.5,110.5,109.2,108.7,109.4,111.1,113.3,114.2,114.4,114.5,114.3,113.7,112.3,112.8,112.4,111.1,109.9,109.3,109.8,111.1,111.9,109.1,108.0,109.3,112.3,115.1,116.2,115.1,114.0,111.9,110.4,109.9,110.7,112.1,114.2,115.2,115.6,115.7,115.4,115.0,113.5,114.1,113.6,112.3,111.0,110.5,110.9,112.2,18.4,20.4,24.5,28.4,29.8,28.1,23.7,19.8,13.6,15.7,19.0,23.4,27.9,31.4,33.8,30.7,26.6,22.4,18.7,15.6,22.4,24.1,25.9,26.8,26.2,24.5,22.6,21.8,68.5,70.3,74.5,78.6,80.3,78.4,74.2,69.8,64.4,66.9,70.5,75.2,79.7,83.3,85.7,83.1,79.5,75.5,71.2,67.3,72.4,74.2,76.1,76.9,76.2,74.4,72.5,71.7,-84.5,-88.7,-90.2,-88.3,-83.9,-79.4,-78.2,-80.2,-82.7,-85.2,-86.7,-87.3,-86.2,-83.9,-80.8,-79.3,-78.9,-78.8,-79.4,-80.6,-82.3,-81.5,-82.2,-84.0,-85.9,-86.7,-86.1,-84.2,-80.8,-85.0,-86.8,-84.9,-80.6,-76.4,-74.7,-76.2,-77.9,-80.8,-82.9,-83.7,-82.8,-81.2,-78.5,-76.6,-75.7,-75.4,-75.7,-76.3,-78.8,-78.0,-78.7,-80.6,-82.5,-83.3,-82.5,-80.6,592.9,593.6,593.2,592.1,590.9,590.4,590.6,591.7,597.7,595.1,592.4,590.6,590.3,590.9,591.7,590.5,589.6,589.9,591.7,594.6,592.6,592.1,592.0,592.3,592.8,593.3,593.4,593.1,577.8,579.1,580.3,580.7,580.0,578.7,577.5,577.3,578.5,577.7,577.2,577.6,579.4,582.2,584.9,581.7,578.7,576.8,576.4,577.2,578.9,579.1,579.6,580.2,580.4,580.3,579.7,579.2,56.2,-54.9,691.5,0.038,0.175,0.044,294.2,293.7,294.4,295.6,298.0,302.5,308.6,316.7,327.0,338.3,348.6,357.8,364.6,368.7,371.0,372.4,373.1,299.0,303.7,310.8,318.0,324.5,338.6,346.1,353.8,360.8,365.2,331.3,330.5,329.8,329.0,321.3,325.0,329.0,333.4,337.4,306.2,310.4,316.0,320.3,315.5,309.9,342.4,347.2,352.8,356.9,353.0,347.5,314.1,319.7,324.9,328.5,332.7,338.3,343.9,338.0,332.3,327.9,323.9,318.9,316.4,324.7,328.4,332.6,341.4,332.4,328.1,324.4,117.6,128.8,140.0,150.7,160.6,168.9,175.2,179.9,181.5,181.0,176.9,170.7,162.4,152.3,141.4,130.3,119.1,104.5,98.9,96.9,97.7,100.4,100.8,98.4,98.3,100.8,106.5,110.3,117.4,124.3,131.5,138.5,139.9,141.1,140.4,139.3,112.6,109.0,109.3,113.4,114.4,114.4,114.1,110.2,110.6,114.2,115.7,115.5,155.6,152.1,150.4,151.6,150.8,153.1,156.6,159.6,160.2,160.2,159.7,158.4,155.5,154.4,154.8,154.8,156.5,155.1,155.1,154.6,-5.2,-6.0,-4.8,-2.5,1.8,9.8,20.4,33.8,51.0,70.5,89.7,107.5,120.6,128.4,132.7,135.0,136.3,3.5,11.7,23.8,35.9,46.6,70.2,83.3,96.8,109.2,117.3,57.8,55.8,53.9,52.0,40.5,46.5,52.8,60.3,67.1,16.0,23.2,32.6,40.0,31.8,22.3,77.5,85.6,95.2,102.6,95.3,86.0,29.1,38.0,46.3,52.2,59.1,69.0,79.2,68.3,58.3,51.0,44.5,36.6,32.9,46.0,52.1,59.1,74.6,58.6,51.5,45.5,-94.1,-73.7,-53.2,-33.5,-15.3,-0.2,11.0,18.8,21.2,20.5,13.8,3.0,-11.8,-30.0,-49.4,-69.3,-89.4,-113.7,-122.3,-124.5,-121.7,-116.1,-115.2,-119.6,-120.5,-116.6,-107.5,-98.9,-86.0,-73.5,-61.0,-50.9,-48.2,-46.1,-47.4,-49.2,-98.3,-103.7,-102.7,-95.5,-93.8,-94.3,-93.7,-100.2,-99.7,-93.8,-90.7,-91.1,-22.8,-28.3,-30.9,-28.8,-30.2,-26.5,-20.9,-15.7,-14.5,-14.5,-15.3,-17.6,-22.8,-24.3,-23.5,-23.6,-21.0,-23.1,-23.0,-23.9,747.8,747.7,747.8,747.3,742.2,732.5,718.6,701.7,693.0,696.8,709.3,721.3,728.4,731.0,731.3,730.1,731.3,719.1,712.3,704.8,696.8,691.2,689.7,691.6,695.2,698.1,701.8,688.2,679.8,671.2,663.0,681.6,677.3,674.2,675.3,677.3,710.3,705.6,702.4,700.6,701.7,704.6,696.6,696.2,696.1,698.7,695.0,695.1,694.7,682.9,677.2,675.5,675.6,680.6,689.0,679.2,674.2,673.8,675.8,682.3,691.0,678.6,676.6,677.1,686.6,675.9,675.5,677.7,0.585,-0.020,0.115,0.044,330.323,136.560,-16.195,0.040,-22.348,15.716,-5.360,5.799,-1.392,-1.572,0.348,9.246,-0.290,1.286,2.275,-2.132,0.369,0.852,1.813,-3.424,-0.325,0.436,-0.121,0.387,-0.532,0.569,-0.075,-1.013,0.056,0.137,-0.102,-0.032,0.102,-0.015,-0.050,0.083,0.72,0.36,0.45,0.07,0.12,3.08,0.00,0.00,0.00,0.00,0.24,0.48,0.33,0.00,0.34,0.78,0.00,1.00,1.00,1.00,0.00,1.00,0.00,0.00,0.00,0.00,0.00,1.00,0.00,1.00,0.00,0.00,0.00,0.00,0.00
186,0,18.500,0.98,1,-0.080006,0.117729,-0.989818,-0.217970,0.114298,-0.969239,-0.151,0.118,309.1,310.5,313.4,316.1,317.1,315.9,312.8,310.1,305.7,307.2,309.6,312.7,315.9,318.2,319.8,317.7,314.9,312.0,309.3,307.1,311.9,313.1,314.3,314.9,314.5,313.3,312.1,311.5,344.9,346.0,348.9,351.9,353.1,351.9,349.0,345.9,341.9,343.8,346.3,349.6,352.7,355.0,356.5,354.9,352.7,349.9,346.9,344.0,347.6,348.9,350.1,350.7,350.1,348.8,347.6,347.1,110.8,108.0,106.9,108.2,111.1,114.1,115.0,113.7,112.5,110.5,109.2,108.6,109.4,111.1,113.4,114.2,114.4,114.5,114.2,113.6,112.3,112.8,112.4,111.1,109.9,109.3,109.8,111.0,112.1,109.2,108.1,109.4,112.4,115.3,116.4,115.3,114.2,112.0,110.5,110.0,110.8,112.3,114.4,115.4,115.8,115.8,115.6,115.2,113.6,114.2,113.7,112.5,111.2,110.6,111.1,112.3,17.5,19.5,23.7,27.6,28.9,27.2,22.8,18.9,12.6,14.8,18.2,22.6,27.1,30.6,32.9,29.8,25.7,21.6,17.8,14.7,21.5,23.2,25.0,25.9,25.3,23.6,21.8,20.9,66.9,68.7,72.9,77.0,78.6,76.8,72.6,68.2,62.8,65.3,68.9,73.5,78.1,81.7,84.1,81.5,77.9,73.8,69.6,65.6,70.8,72.6,74.5,75.3,74.6,72.8,70.9,70.1,-84.0,-88.2,-89.7,-87.7,-83.4,-78.9,-77.7,-79.7,-82.2,-84.8,-86.3,-86.8,-85.6,-83.3,-80.1,-78.7,-78.4,-78.3,-78.9,-80.1,-81.8,-80.9,-81.6,-83.4,-85.3,-86.2,-85.5,-83.7,-79.5,-83.8,-85.5,-83.7,-79.4,-75.1,-73.4,-74.9,-76.7,-79.6,-81.6,-82.4,-81.6,-79.9,-77.3,-75.4,-74.4,-74.1,-74.5,-75.1,-77.5,-76.7,-77.5,-79.3,-81.2,-82.0,-81.2,-79.4,589.0,589.7,589.4,588.3,587.1,586.6,586.7,587.8,593.7,591.2,588.5,586.7,586.5,587.1,588.0,586.7,585.7,586.0,587.8,590.6,588.7,588.3,588.1,588.4,589.0,589.4,589.6,589.3,570.1,571.4,572.6,573.0,572.3,571.0,569.8,569.6,570.9,570.1,569.5,569.9,571.7,574.5,577.1,573.9,571.0,569.2,568.7,569.6,571.2,571.4,571.9,572.5,572.8,572.6,572.1,571.5,54.2,-51.4,675.0,0.084,0.203,0.030,293.7,293.4,294.3,295.8,298.4,302.9,309.0,317.0,327.4,338.8,349.1,358.2,364.7,368.7,371.0,372.5,373.0,298.4,303.0,310.0,317.3,323.9,338.1,345.8,353.7,360.9,364.9,330.8,329.9,329.0,328.2,320.6,324.3,328.3,332.8,336.8,305.6,309.9,315.5,319.9,315.0,309.4,341.8,346.7,352.4,356.6,352.5,347.0,313.4,318.2,323.9,327.7,332.0,338.3,343.7,338.1,331.9,327.2,322.9,317.4,315.8,323.8,327.7,332.1,341.1,332.0,327.5,323.5,117.3,128.9,140.6,151.8,162.3,171.4,178.9,184.5,186.4,185.2,179.7,171.9,162.6,152.0,141.0,129.7,118.5,104.3,98.5,96.3,97.1,100.2,100.7,98.1,98.0,100.8,106.7,110.5,117.5,124.4,131.6,138.9,140.3,141.6,140.8,139.8,112.5,109.0,109.3,113.5,114.5,114.3,114.3,110.4,110.7,114.4,115.9,115.6,157.5,152.7,150.6,151.9,151.1,153.9,158.5,164.6,166.6,166.7,166.1,163.3,157.4,155.0,155.4,155.5,158.6,160.6,160.8,160.1,-5.8,-6.4,-4.9,-2.1,2.5,10.4,20.8,33.8,50.8,70.0,88.3,105.1,117.0,124.1,128.1,130.4,131.6,2.4,10.2,21.7,33.7,44.2,67.4,80.2,93.7,106.0,113.3,55.3,53.2,51.2,49.3,38.4,44.2,50.3,57.6,64.3,14.6,21.6,30.9,38.1,30.2,20.9,74.3,82.2,91.6,98.9,91.8,82.6,27.4,34.7,43.5,49.5,56.5,67.1,76.9,67.0,56.6,49.0,42.2,33.5,31.2,43.5,49.6,56.7,72.5,56.8,49.5,43.1,-92.3,-71.6,-50.8,-30.7,-11.9,4.3,17.1,26.2,29.0,27.1,18.1,5.0,-11.0,-29.5,-48.5,-67.9,-87.4,-110.7,-119.6,-121.9,-119.1,-113.2,-112.1,-116.5,-117.2,-113.1,-103.9,-95.7,-83.3,-71.3,-59.1,-48.9,-46.3,-44.1,-45.4,-47.2,-95.6,-100.9,-99.8,-92.6,-91.2,-91.8,-90.7,-97.0,-96.4,-90.7,-87.7,-88.2,-19.2,-26.6,-29.8,-27.5,-28.9,-24.5,-17.2,-7.2,-3.9,-3.7,-4.7,-9.3,-19.1,-22.7,-21.9,-21.9,-17.1,-13.6,-13.3,-14.4,727.9,729.1,730.1,730.2,725.4,716.8,704.6,689.1,680.7,683.0,692.5,701.3,705.7,706.9,706.2,705.4,706.4,698.4,691.8,684.1,676.0,671.1,669.4,670.9,674.2,677.2,680.8,667.8,660.0,652.2,644.6,663.4,659.4,656.5,657.3,658.9,690.3,685.6,682.4,680.5,682.2,685.1,676.2,675.2,674.9,677.3,674.1,674.4,679.7,666.6,659.3,657.4,657.3,662.3,671.4,664.6,661.2,661.2,663.3,669.2,676.5,661.8,659.5,659.7,670.1,661.9,661.9,664.0,0.601,0.027,0.150,0.033,329.935,137.799,-33.665,6.240,-10.616,23.156,-5.600,-6.401,3.459,-2.755,2.636,8.146,0.676,-0.631,3.285,-2.233,0.428,0.556,2.770,-2.804,-0.454,0.475,-0.497,-0.113,-0.667,0.703,-0.189,-0.829,0.262,0.190,-0.063,0.009,0.074,-0.016,-0.022,0.068,0.52,0.12,0.52,0.05,0.18,3.32,0.00,0.00,0.00,0.00,0.25,0.59,0.35,0.00,0.51,0.92,0.00,1.00,1.00,1.00,0.00,1.00,1.00,0.00,0.00,0.00,0.00,1.00,0.00,1.00,0.00,0.00,0.00,0.00,0.00
187,0,18.600,0.98,1,-0.076342,0.109784,-0.991019,-0.218123,0.104919,-0.970265,-0.149,0.109,309.9,311.3,314.2,316.9,317.9,316.7,313.5,310.8,306.4,308.0,310.4,313.5,316.6,319.0,320.6,318.5,315.6,312.7,310.1,307.9,312.6,313.8,315.1,315.7,315.3,314.1,312.8,312.2,345.8,346.9,349.8,352.7,353.9,352.7,349.9,346.7,342.8,344.6,347.2,350.5,353.6,355.9,357.3,355.8,353.5,350.8,347.8,344.9,348.5,349.7,351.0,351.5,351.0,349.7,348.5,347.9,110.5,107.7,106.6,107.9,110.8,113.8,114.6,113.4,112.1,110.1,108.8,108.3,109.1,110.8,113.1,113.9,114.1,114.2,113.9,113.3,112.0,112.5,112.1,110.8,109.6,109.0,109.5,110.7,111.9,109.0,107.9,109.2,112.2,115.1,116.2,115.1,114.0,111.8,110.3,109.8,110.6,112.1,114.2,115.2,115.6,115.7,115.4,115.0,113.4,114.0,113.5,112.3,111.0,110.4,110.9,112.1,18.6,20.6,24.8,28.7,30.0,28.2,23.8,19.9,13.7,15.9,19.3,23.6,28.2,31.6,33.9,30.8,26.7,22.5,18.8,15.7,22.5,24.2,26.0,26.9,26.3,24.7,22.8,21.9,68.3,70.1,74.3,78.4,80.1,78.2,74.0,69.6,64.2,66.7,70.3,74.9,79.5,83.1,85.5,82.9,79.3,75.2,71.0,67.1,72.2,74.0,75.9,76.7,76.0,74.2,72.3,71.5,-84.4,-88.5,-90.0,-88.0,-83.7,-79.2,-78.0,-80.0,-82.6,-85.2,-86.7,-87.2,-86.0,-83.6,-80.4,-79.0,-78.7,-78.7,-79.3,-80.5,-82.2,-81.3,-82.0,-83.8,-85.7,-86.5,-85.9,-84.1,-80.0,-84.3,-86.0,-84.1,-79.8,-75.6,-73.9,-75.4,-77.2,-80.1,-82.1,-82.9,-82.1,-80.3,-77.7,-75.8,-74.9,-74.6,-74.9,-75.6,-78.0,-77.2,-77.9,-79.8,-81.7,-82.5,-81.7,-79.9,588.3,589.0,588.7,587.6,586.3,585.8,585.9,587.0,593.0,590.4,587.7,586.0,585.7,586.3,587.1,585.9,584.9,585.2,587.0,589.8,587.9,587.5,587.3,587.6,588.2,588.7,588.8,588.5,571.7,573.0,574.2,574.5,573.9,572.6,571.4,571.2,572.4,571.6,571.1,571.5,573.3,576.0,578.7,575.5,572.5,570.7,570.3,571.2,572.8,572.9,573.5,574.0,574.3,574.2,573.7,573.1,55.8,-52.7,680.7,0.076,0.199,0.035,294.4,294.1,294.9,296.4,299.0,303.5,309.6,317.6,327.8,339.1,349.3,358.4,365.0,369.1,371.4,372.9,373.5,299.2,303.9,310.9,318.2,324.7,339.2,346.8,354.6,361.6,365.7,331.7,330.8,330.0,329.1,321.4,325.1,329.1,333.6,337.6,306.3,310.6,316.3,320.6,315.8,310.1,342.7,347.6,353.3,357.4,353.4,347.8,314.1,319.1,324.7,328.5,332.8,338.9,344.2,338.7,332.5,327.8,323.6,318.2,316.4,324.5,328.4,332.8,341.7,332.6,328.2,324.2,117.0,128.7,140.4,151.6,161.9,170.8,177.9,183.2,184.9,183.9,178.6,171.2,162.2,151.7,140.8,129.6,118.4,103.9,98.2,96.1,96.9,99.9,100.5,98.1,98.0,100.8,106.6,110.3,117.3,124.2,131.3,138.5,139.9,141.2,140.5,139.4,112.2,108.6,109.0,113.2,114.2,114.0,114.1,110.1,110.5,114.2,115.7,115.5,156.9,152.3,150.1,151.5,150.7,153.5,158.0,163.5,165.3,165.4,164.7,162.2,156.9,154.5,155.0,155.0,158.1,159.4,159.6,158.9,-4.7,-5.3,-3.8,-1.1,3.5,11.5,21.9,34.9,51.8,71.0,89.4,106.4,118.6,125.9,129.9,132.4,133.6,3.7,11.8,23.5,35.4,46.0,69.9,82.8,96.1,108.2,115.6,57.3,55.2,53.2,51.3,40.0,45.9,52.1,59.4,66.1,15.9,23.1,32.5,39.6,31.6,22.2,76.5,84.4,93.9,101.2,94.0,84.8,28.7,36.3,45.1,51.2,58.2,68.7,78.4,68.4,58.0,50.4,43.5,35.0,32.5,45.0,51.2,58.4,74.0,58.3,50.9,44.6,-93.5,-72.6,-51.6,-31.4,-12.7,3.2,15.5,24.1,26.7,25.0,16.5,3.8,-11.9,-30.3,-49.3,-68.7,-88.3,-112.3,-121.0,-123.3,-120.5,-114.7,-113.5,-117.8,-118.4,-114.3,-105.1,-97.0,-84.4,-72.3,-60.1,-50.0,-47.4,-45.1,-46.4,-48.2,-96.9,-102.3,-101.2,-93.9,-92.4,-93.1,-91.8,-98.3,-97.7,-91.8,-88.8,-89.3,-20.2,-27.6,-30.7,-28.5,-29.8,-25.5,-18.2,-9.0,-6.1,-6.0,-7.0,-11.2,-20.2,-23.6,-22.9,-22.8,-18.1,-15.6,-15.4,-16.5,733.7,734.7,735.7,735.6,730.6,721.7,709.1,693.5,685.0,687.6,697.5,706.8,711.5,712.8,712.1,711.4,712.5,704.1,697.7,690.2,682.3,677.4,675.9,677.5,680.7,683.3,686.7,674.1,666.3,658.5,650.9,669.4,665.3,662.4,663.2,664.8,696.0,691.4,688.2,686.4,687.9,690.9,682.3,681.4,681.2,683.7,680.4,680.6,684.9,672.3,665.4,663.4,663.4,668.5,677.2,670.0,666.3,666.3,668.3,674.3,681.7,667.6,665.3,665.6,675.8,667.2,667.1,669.2,0.596,0.018,0.144,0.038,330.633,137.309,-33.491,6.397,-13.064,20.789,-4.352,-4.439,2.058,-2.744,2.415,8.219,0.850,0.142,3.853,-1.878,0.191,0.989,2.881,-3.217,-0.318,0.543,-0.529,0.181,-0.847,0.439,-0.131,-0.929,0.364,0.218,-0.040,0.036,0.122,-0.013,-0.012,0.064,0.47,0.24,0.70,0.17,0.26,3.50,0.00,0.00,0.00,0.00,0.07,0.53,0.41,0.00,0.62,1.25,0.00,1.00,1.00,1.00,0.00,1.00,1.00,0.00,0.00,0.00,0.00,1.00,0.00,1.00,0.00,0.00,0.00,0.00,0.00
188,0,18.700,0.98,1,-0.063006,0.104602,-0.992516,-0.200414,0.100018,-0.974593,-0.133,0.104,311.6,313.0,315.9,318.7,319.7,318.5,315.4,312.6,308.1,309.7,312.1,315.2,318.4,320.8,322.5,320.3,317.5,314.5,311.8,309.6,314.4,315.6,316.9,317.5,317.1,315.9,314.6,314.0,347.7,348.8,351.7,354.6,355.9,354.7,351.8,348.7,344.7,346.6,349.2,352.5,355.5,357.8,359.2,357.7,355.5,352.8,349.8,346.9,350.4,351.7,352.9,353.4,352.9,351.6,350.4,349.9,110.6,107.7,106.6,107.9,110.8,113.9,114.8,113.5,112.3,110.3,108.9,108.4,109.2,110.9,113.2,114.1,114.2,114.3,114.1,113.5,112.1,112.6,112.2,110.9,109.6,109.1,109.6,110.8,111.8,108.9,107.8,109.1,112.1,115.0,116.1,115.0,113.9,111.8,110.2,109.7,110.4,111.9,114.1,115.1,115.5,115.6,115.3,115.0,113.3,113.9,113.4,112.2,110.9,110.3,110.8,112.0,20.8,22.8,27.0,30.9,32.2,30.5,26.1,22.2,16.0,18.2,21.5,25.9,30.4,33.9,36.2,33.1,29.0,24.9,21.1,18.0,24.8,26.5,28.3,29.2,28.6,26.9,25.1,24.2,70.4,72.2,76.4,80.5,82.2,80.4,76.2,71.8,66.4,68.9,72.4,77.1,81.6,85.2,87.6,85.0,81.5,77.4,73.2,69.2,74.4,76.2,78.0,78.8,78.1,76.3,74.4,73.6,-83.2,-87.4,-88.9,-86.9,-82.6,-78.1,-76.9,-78.9,-81.4,-84.0,-85.5,-86.0,-84.9,-82.5,-79.4,-78.0,-77.5,-77.5,-78.1,-79.3,-81.0,-80.2,-80.8,-82.7,-84.5,-85.4,-84.7,-82.9,-79.5,-83.7,-85.5,-83.7,-79.4,-75.2,-73.4,-74.9,-76.6,-79.5,-81.6,-82.5,-81.6,-79.9,-77.3,-75.4,-74.4,-74.1,-74.4,-75.0,-77.5,-76.7,-77.5,-79.3,-81.2,-82.0,-81.2,-79.4,581.3,581.9,581.6,580.6,579.3,578.8,579.0,580.0,586.0,583.4,580.7,578.9,578.7,579.3,580.2,578.9,577.9,578.3,580.0,582.9,581.0,580.5,580.4,580.6,581.2,581.7,581.8,581.5,567.1,568.4,569.7,570.2,569.5,568.2,566.9,566.6,567.7,567.0,566.6,567.0,569.0,571.8,574.4,571.2,568.2,566.3,565.8,566.6,568.3,568.5,569.0,569.6,569.9,569.7,569.1,568.6,59.5,-53.0,683.4,0.072,0.172,0.031,295.8,295.5,296.5,298.0,300.7,305.3,311.6,319.7,330.1,341.2,351.0,359.9,366.3,370.2,372.6,374.0,374.5,300.7,305.5,312.6,320.0,326.6,341.1,348.6,356.2,363.2,367.2,333.8,333.0,332.4,331.7,323.7,327.5,331.6,336.1,340.1,308.1,312.4,318.1,322.5,317.6,311.9,344.6,349.5,355.2,359.3,355.4,349.8,316.4,321.6,327.3,331.1,335.4,341.3,346.5,341.1,335.1,330.5,326.2,320.8,318.8,327.1,331.0,335.3,344.0,335.2,330.8,326.8,117.2,128.8,140.5,151.6,161.9,170.6,177.6,182.8,184.4,183.4,178.3,171.0,162.0,151.6,140.8,129.6,118.6,104.0,98.4,96.3,97.0,100.0,100.5,98.1,97.9,100.5,106.2,110.3,117.4,124.3,131.6,138.7,140.1,141.4,140.6,139.5,112.3,108.7,109.1,113.3,114.3,114.2,114.0,110.0,110.4,114.1,115.6,115.4,157.0,152.5,150.4,151.7,150.9,153.5,157.8,162.9,164.6,164.7,164.1,161.9,156.9,154.8,155.1,155.1,157.9,158.8,159.0,158.4,-2.1,-2.6,-1.0,1.8,6.6,14.8,25.4,38.7,55.7,74.8,92.9,109.7,121.8,129.0,133.0,135.4,136.5,6.5,14.6,26.5,38.6,49.3,73.4,86.2,99.4,111.6,119.1,61.0,59.1,57.4,55.6,44.0,50.0,56.4,63.8,70.5,18.9,26.2,35.7,43.0,34.9,25.3,80.1,88.2,97.8,105.2,98.0,88.6,32.6,40.7,49.6,55.7,62.7,73.0,82.7,72.7,62.5,54.9,48.0,39.4,36.4,49.5,55.7,62.9,78.2,62.7,55.4,49.0,-93.3,-72.4,-51.5,-31.4,-12.8,2.9,15.0,23.5,25.9,24.4,15.9,3.5,-12.2,-30.6,-49.7,-69.2,-88.9,-112.4,-121.1,-123.4,-120.8,-115.0,-114.0,-118.5,-119.3,-115.6,-106.5,-97.5,-84.7,-72.4,-59.9,-49.9,-47.3,-45.1,-46.4,-48.3,-97.0,-102.5,-101.5,-94.1,-92.6,-93.1,-92.5,-99.1,-98.6,-92.7,-89.6,-90.0,-20.3,-27.3,-30.4,-28.2,-29.6,-25.5,-18.6,-10.0,-7.2,-7.0,-8.0,-11.8,-20.2,-23.4,-22.7,-22.7,-18.5,-16.7,-16.4,-17.4,734.8,735.7,736.7,736.7,732.0,723.3,711.0,695.7,687.6,690.9,701.7,712.0,717.4,718.9,718.4,717.7,718.8,706.0,699.7,692.4,684.8,680.1,679.7,681.7,685.3,688.4,692.0,677.5,669.4,661.4,653.5,672.0,667.9,665.1,666.2,668.2,698.3,693.8,690.8,689.2,690.5,693.2,686.4,685.9,686.0,688.8,685.2,685.0,686.8,674.6,668.1,666.5,666.7,672.1,681.1,673.2,668.8,668.5,670.2,676.1,683.6,670.2,668.3,668.8,679.3,669.9,669.5,671.4,0.593,0.015,0.108,0.034,332.664,137.247,-31.240,5.526,-14.619,22.360,-4.258,-2.179,1.102,-1.261,1.908,8.398,0.840,0.926,3.577,-1.745,-0.073,0.494,2.679,-3.293,-0.280,0.676,-0.220,0.142,-0.907,0.379,-0.126,-0.933,0.319,0.228,-0.056,0.020,0.117,-0.006,-0.019,0.066,0.54,0.29,0.68,0.35,0.23,3.56,0.00,0.00,0.00,0.00,0.03,0.27,0.32,0.00,0.35,1.10,0.00,1.00,1.00,1.00,0.00,1.00,1.00,0.00,0.00,0.00,0.00,1.00,0.00,1.00,0.00,0.00,0.00,0.00,0.00
189,0,18.800,0.98,1,-0.052486,0.098298,-0.993772,-0.187908,0.093576,-0.977719,-0.121,0.097,312.7,314.1,317.0,319.8,320.8,319.7,316.5,313.7,309.2,310.8,313.2,316.3,319.5,321.9,323.6,321.5,318.6,315.7,313.0,310.7,315.5,316.7,318.0,318.6,318.2,316.9,315.7,315.1,348.8,349.9,352.8,355.7,356.9,355.8,352.9,349.8,345.8,347.7,350.3,353.6,356.6,358.8,360.2,358.8,356.6,353.9,350.9,348.0,351.5,352.8,354.0,354.5,354.0,352.7,351.4,350.9,110.9,108.1,106.9,108.2,111.1,114.2,115.1,113.8,112.6,110.6,109.2,108.6,109.4,111.1,113.4,114.3,114.5,114.6,114.4,113.8,112.4,112.9,112.4,111.2,109.9,109.4,109.9,111.1,111.8,108.9,107.8,109.1,112.1,115.0,116.2,115.1,114.0,111.8,110.3,109.7,110.5,111.9,114.1,115.1,115.6,115.6,115.4,115.0,113.4,114.0,113.5,112.2,110.9,110.3,110.8,112.1,22.4,24.4,28.5,32.5,33.8,32.2,27.8,23.8,17.6,19.7,23.1,27.4,32.0,35.5,37.9,34.8,30.7,26.5,22.7,19.6,26.4,28.1,29.9,30.8,30.2,28.5,26.7,25.8,72.1,73.8,78.0,82.1,83.8,82.0,77.9,73.4,68.0,70.5,74.1,78.7,83.3,86.8,89.2,86.6,83.1,79.1,74.9,70.9,76.0,77.8,79.7,80.4,79.7,77.9,76.1,75.3,-82.8,-87.0,-88.6,-86.7,-82.4,-77.9,-76.6,-78.5,-81.0,-83.6,-85.1,-85.7,-84.6,-82.4,-79.2,-77.7,-77.3,-77.2,-77.7,-78.9,-80.7,-79.9,-80.6,-82.4,-84.3,-85.1,-84.4,-82.6,-79.6,-83.8,-85.6,-83.8,-79.5,-75.3,-73.5,-75.0,-76.7,-79.6,-81.7,-82.6,-81.8,-80.1,-77.5,-75.6,-74.5,-74.2,-74.5,-75.1,-77.6,-76.8,-77.6,-79.5,-81.3,-82.1,-81.3,-79.5,582.0,582.6,582.4,581.3,580.1,579.6,579.8,580.8,586.7,584.1,581.4,579.7,579.5,580.2,581.1,579.8,578.8,579.1,580.8,583.6,581.7,581.3,581.2,581.4,582.0,582.4,582.5,582.2,568.0,569.3,570.7,571.2,570.6,569.3,568.0,567.6,568.6,567.9,567.5,568.0,570.0,572.9,575.6,572.4,569.3,567.3,566.7,567.5,569.3,569.5,570.1,570.7,570.9,570.7,570.1,569.5,61.9,-53.6,688.8,0.061,0.154,0.028,296.6,296.4,297.4,298.9,301.6,306.3,312.7,321.0,331.4,342.4,352.1,360.8,367.0,370.8,373.1,374.5,375.0,301.7,306.4,313.6,321.1,327.7,342.2,349.6,357.1,364.0,368.1,334.9,334.3,333.8,333.3,325.2,329.0,333.0,337.5,341.4,309.2,313.5,319.2,323.6,318.7,313.0,345.8,350.6,356.3,360.3,356.5,350.9,318.0,323.4,328.9,332.6,336.7,342.4,347.5,342.1,336.5,332.0,327.9,322.6,320.4,328.7,332.5,336.7,345.0,336.5,332.2,328.4,117.7,129.2,140.7,151.6,161.8,170.4,177.1,181.9,183.3,182.4,177.5,170.4,161.6,151.4,140.6,129.6,118.6,104.7,99.0,96.8,97.5,100.3,100.8,98.3,98.1,100.5,106.1,110.4,117.5,124.5,131.8,139.0,140.3,141.5,140.7,139.6,112.7,109.0,109.3,113.5,114.6,114.5,114.1,110.1,110.4,114.1,115.7,115.5,157.0,152.9,150.9,152.1,151.3,153.8,157.7,161.9,163.2,163.3,162.8,161.0,156.9,155.2,155.5,155.5,157.8,157.6,157.8,157.2,-0.7,-1.1,0.7,3.5,8.3,16.6,27.5,41.2,58.4,77.5,95.6,112.4,124.3,131.5,135.5,137.9,139.0,8.2,16.3,28.4,40.7,51.7,75.9,88.7,102.0,114.2,121.9,63.5,61.8,60.2,58.6,46.7,52.8,59.2,66.6,73.4,21.0,28.2,37.9,45.3,37.1,27.5,82.8,91.0,100.7,108.1,100.9,91.4,35.5,44.0,52.7,58.6,65.5,75.4,85.0,75.0,65.1,57.8,51.1,42.7,39.4,52.5,58.6,65.6,80.5,65.3,58.2,52.0,-92.9,-72.2,-51.5,-31.5,-13.1,2.4,14.2,22.2,24.3,22.9,14.7,2.5,-13.1,-31.4,-50.5,-70.1,-89.8,-112.2,-121.1,-123.6,-121.0,-115.5,-114.8,-119.3,-120.3,-116.7,-107.7,-98.3,-85.3,-72.7,-60.1,-49.9,-47.3,-45.2,-46.5,-48.6,-97.2,-102.8,-101.9,-94.6,-92.9,-93.3,-93.3,-100.1,-99.6,-93.7,-90.5,-90.8,-20.3,-26.8,-29.9,-27.8,-29.2,-25.3,-18.9,-11.7,-9.5,-9.4,-10.2,-13.3,-20.3,-22.9,-22.3,-22.4,-18.9,-18.9,-18.6,-19.5,739.9,740.6,741.6,741.5,736.8,727.9,715.4,700.1,692.1,696.2,707.9,719.2,725.4,727.3,727.1,726.1,727.3,711.8,705.5,698.4,690.9,686.3,686.4,688.7,692.5,695.7,699.5,683.9,675.6,667.3,659.2,677.5,673.6,670.9,672.3,674.4,704.0,699.6,696.8,695.2,696.4,698.9,693.2,692.9,693.3,696.2,692.4,692.0,691.1,679.5,673.7,672.3,672.7,678.0,686.8,678.2,673.6,673.0,674.6,680.2,687.7,675.7,673.9,674.7,684.6,674.8,674.2,675.9,0.588,0.006,0.085,0.030,333.824,137.178,-26.844,4.480,-19.357,22.206,-3.995,0.918,-0.533,-1.780,1.899,8.877,0.935,1.277,3.700,-1.883,-0.055,0.488,2.368,-2.731,-0.071,0.725,-0.023,-0.106,-0.836,0.141,-0.122,-0.957,0.206,0.161,-0.086,-0.001,0.115,-0.004,-0.027,0.083,0.63,0.29,0.71,0.46,0.24,3.30,0.00,0.00,0.00,0.00,0.15,0.17,0.22,0.00,0.12,0.99,0.00,1.00,1.00,1.00,0.00,1.00,1.00,0.00,0.00,0.00,0.00,1.00,0.00,0.00,0.00,0.00,0.00,0.00,0.00
190,0,18.900,0.98,1,-0.058021,0.105457,-0.992730,-0.195044,0.101128,-0.975567,-0.128,0.105,311.7,313.0,315.9,318.6,319.7,318.5,315.4,312.7,308.2,309.8,312.1,315.2,318.4,320.8,322.4,320.3,317.5,314.6,311.9,309.7,314.4,315.7,316.9,317.5,317.1,315.9,314.6,314.0,347.5,348.6,351.4,354.3,355.5,354.4,351.6,348.5,344.5,346.4,348.9,352.2,355.2,357.4,358.8,357.4,355.2,352.5,349.6,346.7,350.2,351.4,352.7,353.2,352.6,351.3,350.1,349.6,111.3,108.5,107.3,108.6,111.5,114.5,115.4,114.2,113.0,111.0,109.7,109.1,109.8,111.5,113.7,114.6,114.8,114.9,114.7,114.2,112.8,113.3,112.8,111.6,110.3,109.8,110.3,111.5,112.2,109.3,108.2,109.5,112.4,115.3,116.4,115.4,114.3,112.1,110.6,110.1,110.8,112.3,114.4,115.4,115.8,115.9,115.7,115.3,113.7,114.3,113.8,112.5,111.2,110.7,111.1,112.4,21.2,23.2,27.3,31.2,32.6,31.0,26.5,22.6,16.3,18.5,21.9,26.2,30.8,34.3,36.7,33.6,29.5,25.3,21.5,18.4,25.2,26.9,28.7,29.6,29.0,27.3,25.4,24.6,71.2,72.9,77.1,81.3,82.9,81.2,77.0,72.5,67.1,69.6,73.2,77.8,82.4,85.9,88.3,85.8,82.2,78.2,74.0,70.0,75.1,76.9,78.8,79.5,78.8,77.0,75.2,74.4,-83.4,-87.6,-89.2,-87.2,-82.9,-78.4,-77.1,-79.0,-81.5,-84.1,-85.6,-86.2,-85.1,-82.9,-79.8,-78.3,-77.8,-77.7,-78.3,-79.5,-81.2,-80.4,-81.1,-82.9,-84.8,-85.7,-85.0,-83.1,-80.1,-84.4,-86.2,-84.4,-80.1,-75.9,-74.1,-75.6,-77.2,-80.2,-82.2,-83.1,-82.3,-80.7,-78.0,-76.1,-75.1,-74.8,-75.1,-75.7,-78.2,-77.4,-78.1,-80.0,-81.9,-82.7,-81.9,-80.0,589.7,590.3,590.1,589.0,587.8,587.3,587.4,588.5,594.4,591.8,589.1,587.4,587.2,587.8,588.7,587.4,586.4,586.7,588.5,591.3,589.4,589.0,588.8,589.1,589.7,590.1,590.2,589.9,575.6,576.9,578.2,578.7,578.1,576.7,575.4,575.1,576.2,575.5,575.0,575.5,577.5,580.3,583.0,579.8,576.8,574.8,574.3,575.0,576.8,577.0,577.5,578.1,578.4,578.2,577.6,577.0,60.0,-53.1,689.7,0.070,0.164,0.027,295.8,295.6,296.5,298.1,300.6,305.3,311.6,319.8,330.2,341.3,351.2,359.9,366.2,370.0,372.3,373.6,374.1,300.8,305.5,312.6,319.9,326.6,340.9,348.4,355.9,362.8,366.9,333.6,333.0,332.5,331.9,323.9,327.7,331.7,336.1,340.1,308.2,312.4,318.0,322.4,317.6,312.0,344.5,349.3,354.9,359.0,355.1,349.6,316.7,322.0,327.5,331.2,335.4,341.1,346.3,340.9,335.2,330.7,326.5,321.3,319.1,327.3,331.1,335.4,343.8,335.2,330.9,327.0,117.8,129.3,140.7,151.7,161.8,170.5,177.2,182.2,183.7,182.8,177.8,170.6,161.8,151.5,140.8,129.7,118.6,105.1,99.5,97.4,98.1,100.8,101.2,98.8,98.6,101.1,106.7,110.8,117.9,124.9,132.2,139.3,140.7,141.9,141.1,139.9,113.0,109.5,109.7,113.8,114.9,114.9,114.4,110.5,110.8,114.4,115.9,115.7,157.3,153.1,151.1,152.4,151.5,154.1,158.1,162.4,163.8,163.8,163.3,161.4,157.2,155.4,155.8,155.7,158.1,158.1,158.3,157.7,-2.1,-2.5,-0.9,1.9,6.6,14.8,25.6,39.2,56.4,75.8,94.1,111.0,123.0,130.2,134.1,136.3,137.3,6.7,14.7,26.7,38.9,49.8,73.8,86.7,100.0,112.2,119.8,61.4,59.7,58.0,56.4,44.8,50.8,57.1,64.5,71.3,19.3,26.4,35.9,43.3,35.2,25.7,80.7,88.7,98.3,105.6,98.5,89.2,33.5,41.7,50.5,56.5,63.4,73.4,83.1,73.1,63.1,55.6,48.9,40.5,37.3,50.3,56.5,63.6,78.6,63.2,56.1,49.8,-93.0,-72.3,-51.5,-31.6,-13.0,2.6,14.5,22.7,25.0,23.5,15.3,2.9,-12.7,-31.2,-50.3,-69.9,-89.7,-111.5,-120.3,-122.7,-120.2,-114.7,-114.0,-118.5,-119.4,-115.7,-106.7,-97.6,-84.7,-72.1,-59.5,-49.5,-46.9,-44.7,-46.1,-48.1,-96.7,-102.2,-101.3,-94.1,-92.4,-92.8,-92.8,-99.4,-98.9,-93.2,-90.0,-90.3,-19.8,-26.5,-29.5,-27.4,-28.8,-24.8,-18.4,-11.0,-8.7,-8.5,-9.4,-12.7,-19.9,-22.5,-21.9,-22.0,-18.3,-18.0,-17.8,-18.7,741.2,742.2,743.3,743.4,738.7,729.9,717.2,701.6,693.4,697.2,708.7,719.7,725.7,727.5,727.1,725.8,726.8,712.7,706.2,699.1,691.5,686.7,686.5,688.7,692.4,695.5,699.3,684.2,676.1,668.0,660.1,678.6,674.6,671.8,673.0,675.0,704.7,700.3,697.4,695.8,697.0,699.6,693.3,692.8,693.0,695.8,692.2,692.0,692.6,680.8,674.8,673.2,673.5,678.8,687.5,679.1,674.8,674.3,676.1,681.8,689.2,676.8,674.9,675.5,685.5,675.8,675.3,677.2,0.587,0.014,0.098,0.030,332.656,137.510,-26.863,4.476,-18.400,21.463,-4.934,0.341,0.122,-2.331,2.462,9.081,0.785,1.106,3.971,-1.776,0.115,1.286,2.475,-2.921,-0.261,0.241,-0.164,0.186,-0.610,0.423,-0.307,-0.999,0.217,0.195,-0.070,0.006,0.122,-0.011,-0.038,0.098,0.59,0.05,0.64,0.37,0.22,3.31,0.00,0.00,0.00,0.00,0.33,0.16,0.13,0.00,0.00,0.84,0.00,1.00,1.00,1.00,0.00,1.00,1.00,0.00,0.00,0.00,0.00,1.00,0.00,0.00,0.00,0.00,0.00,0.00,0.00
191,0,19.000,0.98,1,-0.069117,0.092887,-0.993275,-0.206263,0.086934,-0.974627,-0.139,0.091,308.8,310.1,312.9,315.6,316.6,315.6,312.5,309.8,305.5,307.0,309.3,312.2,315.4,317.7,319.3,317.3,314.5,311.7,309.1,306.9,311.6,312.7,314.0,314.5,314.1,312.9,311.7,311.1,344.5,345.6,348.4,351.3,352.5,351.3,348.5,345.4,341.6,343.4,345.9,349.1,352.1,354.3,355.7,354.3,352.1,349.4,346.5,343.7,347.1,348.4,349.6,350.1,349.6,348.3,347.1,346.6,110.7,107.9,106.8,108.0,110.8,113.9,114.7,113.5,112.4,110.4,109.1,108.5,109.2,110.8,113.0,113.9,114.2,114.3,114.1,113.5,112.1,112.7,112.2,110.9,109.7,109.2,109.7,110.9,111.6,108.7,107.7,109.0,111.9,114.7,115.8,114.7,113.6,111.5,110.1,109.5,110.3,111.7,113.8,114.8,115.2,115.3,115.0,114.6,113.1,113.7,113.2,111.9,110.7,110.1,110.6,111.8,17.4,19.3,23.5,27.4,28.8,27.2,22.8,18.8,12.6,14.7,18.0,22.4,26.9,30.4,32.8,29.7,25.7,21.5,17.7,14.6,21.4,23.1,24.9,25.8,25.2,23.4,21.6,20.8,68.0,69.8,74.0,78.2,79.8,78.0,73.8,69.4,64.0,66.5,70.0,74.7,79.2,82.8,85.2,82.6,79.1,75.0,70.8,66.8,72.0,73.8,75.6,76.4,75.7,73.9,72.1,71.3,-85.8,-90.0,-91.6,-89.7,-85.3,-80.8,-79.6,-81.5,-83.9,-86.5,-88.1,-88.7,-87.6,-85.3,-82.2,-80.7,-80.3,-80.1,-80.7,-81.9,-83.7,-82.8,-83.5,-85.4,-87.3,-88.1,-87.4,-85.6,-82.3,-86.6,-88.3,-86.5,-82.2,-78.0,-76.2,-77.7,-79.5,-82.4,-84.4,-85.2,-84.4,-82.7,-80.1,-78.2,-77.2,-76.9,-77.2,-77.9,-80.3,-79.5,-80.3,-82.1,-84.0,-84.8,-84.0,-82.2,600.7,601.3,601.0,599.9,598.7,598.2,598.4,599.5,605.4,602.8,600.1,598.3,598.1,598.7,599.5,598.3,597.3,597.7,599.5,602.3,600.4,599.9,599.8,600.0,600.6,601.0,601.2,600.9,585.0,586.3,587.5,587.9,587.2,585.9,584.7,584.5,585.7,584.9,584.4,584.8,586.7,589.4,592.1,588.9,585.9,584.0,583.6,584.5,586.1,586.3,586.8,587.4,587.7,587.5,587.0,586.4,55.1,-55.4,692.0,0.040,0.182,0.033,293.4,293.1,293.8,295.1,297.5,302.0,308.3,316.5,327.0,338.5,349.0,358.1,364.6,368.4,370.4,371.6,372.1,298.1,302.7,309.8,317.0,323.6,337.6,345.2,352.8,359.9,364.2,330.4,329.6,328.9,328.2,320.6,324.3,328.2,332.6,336.5,305.4,309.5,315.0,319.3,314.6,309.1,341.5,346.2,351.8,355.9,351.9,346.5,313.7,319.1,324.2,327.8,331.9,337.5,343.0,337.2,331.6,327.2,323.3,318.4,315.9,324.0,327.7,331.9,340.4,331.6,327.4,323.8,117.6,128.8,140.1,150.9,160.8,169.1,175.4,180.0,181.3,180.6,176.2,169.7,161.2,151.0,140.3,129.2,118.2,104.9,99.3,97.1,97.8,100.4,100.8,98.4,98.3,100.8,106.5,110.1,117.1,124.0,131.2,138.3,139.7,140.9,140.1,139.0,112.4,108.9,109.1,113.1,114.2,114.2,113.7,109.9,110.2,113.8,115.3,115.1,155.4,151.9,150.2,151.4,150.6,152.8,156.2,159.0,159.6,159.7,159.2,158.1,155.3,154.2,154.6,154.5,156.1,154.6,154.7,154.2,-6.7,-7.2,-5.8,-3.4,1.0,9.1,20.0,33.5,51.0,71.0,90.4,108.1,120.7,127.9,131.5,133.4,134.5,1.9,10.0,22.1,34.2,45.1,68.7,81.7,95.2,107.6,115.5,56.4,54.4,52.5,50.6,39.4,45.3,51.6,58.9,65.6,14.6,21.7,31.1,38.4,30.3,20.9,76.1,84.1,93.5,100.8,93.6,84.5,28.4,37.0,45.3,51.1,57.9,67.6,77.6,66.9,57.2,49.9,43.5,35.8,32.1,45.0,51.0,58.0,73.0,57.4,50.4,44.5,-94.5,-73.9,-53.2,-33.3,-15.0,0.2,11.2,18.8,20.9,19.9,12.6,1.2,-13.9,-32.2,-51.4,-71.1,-90.9,-113.1,-121.9,-124.3,-121.7,-116.2,-115.4,-119.7,-120.5,-116.6,-107.5,-99.4,-86.5,-74.0,-61.4,-51.3,-48.7,-46.5,-47.9,-49.8,-98.5,-103.9,-103.1,-96.0,-94.3,-94.6,-94.5,-100.9,-100.3,-94.6,-91.5,-91.9,-23.1,-28.6,-31.2,-29.1,-30.5,-27.0,-21.7,-16.7,-15.5,-15.4,-16.2,-18.3,-23.2,-24.6,-24.0,-24.1,-21.7,-24.0,-23.8,-24.6,750.0,750.2,750.4,749.6,744.0,733.9,719.2,701.8,693.3,697.3,709.9,721.5,728.5,731.0,730.9,729.5,730.5,720.2,713.1,705.6,697.4,691.7,690.3,692.1,695.5,698.2,701.9,688.6,680.2,671.6,663.3,682.0,677.8,674.7,675.7,677.6,710.6,706.1,702.8,701.1,702.1,705.1,697.3,696.5,696.4,698.9,695.4,695.6,694.7,683.2,677.8,676.2,676.3,681.0,689.0,679.4,674.8,674.3,676.3,682.5,691.1,679.1,677.2,677.8,686.5,676.5,676.0,678.1,0.584,-0.018,0.126,0.033,329.624,136.286,-14.224,3.678,-23.634,14.338,-6.573,6.035,-1.270,-3.357,1.698,9.039,-0.153,0.530,2.861,-2.362,0.798,0.595,1.568,-2.742,-0.381,0.685,-0.065,0.777,-0.789,0.658,-0.325,-1.065,0.137,0.118,-0.119,0.001,0.101,-0.005,-0.031,0.076,0.49,0.00,0.62,0.16,0.24,3.33,0.00,0.00,0.00,0.00,0.48,0.21,0.10,0.00,0.00,0.78,0.00,1.00,1.00,1.00,0.00,1.00,1.00,0.00,0.00,0.00,0.00,1.00,0.00,0.00,0.00,0.00,0.00,0.00,0.00
192,0,19.100,0.98,1,-0.081151,0.093996,-0.992260,-0.221036,0.089807,-0.971122,-0.153,0.093,306.7,307.9,310.7,313.4,314.4,313.4,310.4,307.7,303.4,304.8,307.1,310.0,313.1,315.5,317.1,315.1,312.4,309.5,306.9,304.8,309.4,310.6,311.8,312.3,311.9,310.7,309.5,309.0,342.4,343.5,346.3,349.2,350.4,349.3,346.5,343.4,339.6,341.3,343.8,347.0,350.0,352.3,353.7,352.3,350.0,347.4,344.5,341.6,345.1,346.3,347.6,348.0,347.5,346.3,345.0,344.6,110.6,107.8,106.7,107.8,110.6,113.6,114.5,113.4,112.4,110.4,109.0,108.4,109.1,110.6,112.7,113.6,113.9,114.1,113.9,113.4,112.0,112.5,112.0,110.8,109.5,109.0,109.5,110.8,111.0,108.2,107.1,108.3,111.2,114.0,115.1,114.1,113.1,111.0,109.5,108.9,109.6,111.1,113.1,114.1,114.5,114.6,114.4,114.0,112.5,113.0,112.5,111.3,110.0,109.5,110.0,111.2,14.3,16.2,20.3,24.3,25.8,24.2,19.8,15.8,9.5,11.6,14.9,19.2,23.8,27.3,29.8,26.7,22.6,18.5,14.7,11.6,18.4,20.1,21.9,22.7,22.1,20.3,18.5,17.7,65.5,67.2,71.4,75.6,77.2,75.4,71.3,66.8,61.5,63.9,67.4,72.1,76.6,80.3,82.7,80.1,76.5,72.5,68.2,64.3,69.4,71.3,73.1,73.9,73.1,71.3,69.5,68.7,-86.5,-90.8,-92.4,-90.6,-86.3,-81.7,-80.4,-82.2,-84.6,-87.2,-88.8,-89.5,-88.5,-86.3,-83.2,-81.7,-81.2,-81.0,-81.5,-82.6,-84.5,-83.7,-84.4,-86.2,-88.1,-88.9,-88.2,-86.4,-83.6,-87.9,-89.6,-87.9,-83.6,-79.3,-77.6,-79.0,-80.7,-83.6,-85.7,-86.6,-85.8,-84.1,-81.5,-79.6,-78.6,-78.3,-78.6,-79.2,-81.6,-80.9,-81.6,-83.5,-85.4,-86.1,-85.4,-83.5,604.9,605.5,605.2,604.1,602.8,602.3,602.5,603.6,609.6,607.0,604.3,602.5,602.2,602.8,603.6,602.3,601.4,601.8,603.6,606.5,604.5,604.0,603.9,604.2,604.7,605.2,605.4,605.1,588.2,589.5,590.6,590.9,590.2,588.9,587.8,587.7,589.0,588.2,587.6,587.9,589.7,592.4,595.0,591.8,588.9,587.1,586.8,587.7,589.2,589.4,589.9,590.4,590.7,590.6,590.1,589.6,51.3,-55.1,687.4,0.037,0.203,0.028,291.8,291.6,292.5,293.9,296.3,300.7,306.7,314.5,324.9,336.5,347.1,356.6,363.3,367.3,369.3,370.5,370.9,296.0,300.6,307.4,314.5,321.0,335.4,343.0,350.6,357.7,362.2,328.0,327.2,326.3,325.5,318.3,322.0,325.8,330.3,334.3,303.3,307.4,312.8,317.1,312.4,307.0,339.5,344.2,349.7,353.9,349.9,344.5,311.6,316.9,322.0,325.6,329.8,335.6,341.3,335.3,329.5,325.0,321.0,316.2,313.9,321.8,325.5,329.8,338.7,329.5,325.2,321.5,117.7,129.0,140.3,151.2,161.1,169.5,175.8,180.4,181.8,181.2,176.9,170.4,161.8,151.4,140.3,128.9,117.5,104.9,99.2,97.1,97.7,100.1,100.3,97.9,97.6,100.0,105.5,109.6,116.6,123.6,130.9,138.1,139.5,140.6,139.8,138.7,112.4,108.8,109.0,112.8,114.0,114.1,113.1,109.3,109.6,113.1,114.6,114.4,155.7,152.1,150.4,151.6,150.7,152.9,156.2,159.3,160.1,160.1,159.7,158.4,155.6,154.3,154.7,154.5,156.2,155.0,155.1,154.6,-9.4,-9.9,-8.3,-5.7,-1.3,6.5,16.9,29.9,47.0,66.8,86.4,104.3,117.2,124.6,128.2,130.0,131.0,-1.7,6.2,18.0,29.8,40.5,64.5,77.4,90.6,102.8,111.0,51.9,49.9,47.9,46.0,35.4,41.1,47.3,54.7,61.4,10.9,17.8,27.1,34.4,26.4,17.1,72.0,79.8,89.1,96.5,89.3,80.3,24.8,33.1,41.3,47.1,54.0,63.9,74.1,63.2,53.3,45.9,39.6,31.9,28.4,41.0,47.0,54.1,69.6,53.5,46.4,40.5,-93.8,-73.1,-52.4,-32.5,-14.3,0.8,11.8,19.4,21.6,20.7,13.7,2.4,-12.8,-31.3,-50.8,-71.0,-91.2,-112.6,-121.3,-123.6,-121.2,-116.0,-115.4,-119.7,-120.6,-117.0,-108.1,-99.6,-86.7,-74.1,-61.5,-51.2,-48.6,-46.5,-47.9,-49.9,-98.0,-103.5,-102.8,-96.0,-94.1,-94.4,-94.7,-101.0,-100.5,-94.8,-91.8,-92.2,-22.6,-28.1,-30.7,-28.6,-30.1,-26.6,-21.4,-16.0,-14.6,-14.6,-15.3,-17.6,-22.6,-24.3,-23.6,-23.8,-21.4,-23.1,-22.9,-23.7,745.5,745.5,745.7,744.9,739.1,728.9,714.2,696.7,687.7,690.9,703.1,714.4,721.1,723.5,723.4,721.8,722.8,716.6,709.5,702.0,693.6,687.6,685.5,686.8,689.6,691.6,694.7,683.7,675.3,666.8,658.6,677.5,673.0,669.7,670.5,672.2,706.8,702.3,698.9,697.0,698.1,701.2,691.6,690.7,690.2,692.2,689.1,689.6,690.9,679.2,673.5,671.6,671.4,675.8,683.2,674.2,670.0,669.9,672.1,678.7,687.1,674.7,672.5,672.7,681.0,671.6,671.5,673.9,0.589,-0.022,0.154,0.027,327.613,136.256,-18.735,0.904,-22.582,14.617,-6.415,6.877,-0.856,-2.992,3.098,8.735,-0.252,0.670,2.951,-2.939,-0.016,0.813,1.734,-2.691,-1.093,0.109,0.079,0.604,-0.501,0.792,-0.096,-1.153,0.001,0.144,-0.128,0.016,0.057,-0.006,-0.009,0.087,0.42,0.00,0.69,0.04,0.38,3.73,0.00,0.00,0.00,0.00,0.34,0.26,0.07,0.00,0.13,1.12,0.00,1.00,1.00,1.00,0.00,1.00,1.00,0.00,0.00,0.00,0.00,1.00,0.00,1.00,0.00,0.00,0.00,0.00,0.00
193,0,19.200,0.88,1,-0.071408,0.128104,-0.989187,-0.207654,0.126492,-0.969989,-0.141,0.129,306.7,308.0,310.8,313.5,314.5,313.5,310.4,307.7,303.3,304.8,307.1,310.1,313.2,315.6,317.3,315.2,312.5,309.6,307.0,304.8,309.4,310.6,311.8,312.4,312.0,310.8,309.5,309.0,342.4,343.5,346.3,349.2,350.4,349.2,346.4,343.3,339.5,341.3,343.8,347.0,350.0,352.3,353.7,352.2,350.0,347.3,344.4,341.6,345.0,346.3,347.5,348.0,347.5,346.3,345.0,344.5,113.7,110.8,109.7,110.9,113.7,116.7,117.7,116.5,115.3,113.4,112.2,111.6,112.2,113.7,115.8,116.7,117.0,117.1,116.9,116.4,115.0,115.6,115.0,113.8,112.6,112.1,112.6,113.8,114.2,111.4,110.3,111.5,114.5,117.3,118.4,117.4,116.2,114.2,112.8,112.3,113.0,114.3,116.3,117.3,117.7,117.8,117.6,117.2,115.7,116.3,115.8,114.5,113.3,112.7,113.2,114.4,14.3,16.2,20.3,24.3,25.8,24.2,19.8,15.8,9.4,11.6,14.9,19.3,23.8,27.4,29.8,26.8,22.7,18.5,14.7,11.5,18.3,20.1,21.9,22.7,22.1,20.3,18.5,17.7,65.3,67.1,71.3,75.4,77.1,75.3,71.1,66.6,61.3,63.8,67.3,71.9,76.5,80.1,82.6,80.0,76.4,72.3,68.1,64.1,69.3,71.1,72.9,73.7,73.0,71.2,69.3,68.5,-81.7,-85.9,-87.6,-85.7,-81.4,-76.8,-75.5,-77.4,-79.9,-82.3,-83.8,-84.4,-83.4,-81.3,-78.4,-76.9,-76.4,-76.2,-76.7,-77.9,-79.6,-78.8,-79.5,-81.4,-83.3,-84.1,-83.4,-81.5,-78.8,-83.1,-84.9,-83.1,-78.8,-74.5,-72.8,-74.2,-76.1,-78.8,-80.7,-81.6,-80.8,-79.2,-76.8,-74.9,-73.9,-73.6,-73.9,-74.5,-76.8,-76.1,-76.8,-78.7,-80.6,-81.4,-80.6,-78.7,602.4,603.0,602.7,601.6,600.5,600.1,600.2,601.2,607.1,604.5,601.8,600.0,599.8,600.5,601.4,600.1,599.2,599.5,601.2,604.0,602.1,601.7,601.5,601.8,602.3,602.8,602.9,602.6,587.2,588.4,589.6,589.9,589.3,588.1,587.0,586.8,588.1,587.1,586.5,586.8,588.7,591.4,594.1,591.0,588.1,586.3,585.9,586.8,588.3,588.5,589.0,589.5,589.8,589.6,589.1,588.6,51.1,-48.5,678.7,0.078,0.192,0.012,291.3,291.2,292.2,293.8,296.4,301.0,307.2,315.4,326.1,337.8,348.2,357.3,363.5,367.0,368.9,369.9,370.1,295.9,300.5,307.4,314.6,321.2,335.4,342.9,350.5,357.6,361.8,328.3,327.6,326.9,326.3,318.7,322.5,326.5,331.0,335.0,303.2,307.4,312.8,317.3,312.5,307.1,339.4,344.2,349.7,353.9,349.9,344.5,311.7,316.7,322.3,326.1,330.4,336.5,342.1,336.4,330.3,325.7,321.4,316.1,314.0,322.2,326.1,330.5,339.5,330.3,325.9,321.9,119.5,131.1,142.7,154.0,164.5,173.6,180.9,186.3,187.9,186.6,180.9,172.9,163.5,152.8,141.8,130.6,119.6,107.1,101.5,99.3,100.1,102.9,103.2,100.6,100.3,102.6,108.1,112.9,119.9,126.9,134.2,141.6,142.9,144.1,143.3,142.1,115.3,112.0,112.2,115.9,117.0,117.0,116.3,112.7,112.9,116.3,117.8,117.6,159.8,155.4,153.3,154.6,153.7,156.1,160.3,165.2,166.8,167.0,166.5,164.4,159.8,157.9,158.3,158.2,160.4,160.8,161.0,160.5,-10.2,-10.5,-8.7,-5.8,-1.1,7.2,17.8,31.3,48.8,68.6,87.5,104.5,116.1,122.4,125.4,126.9,127.3,-1.8,5.9,17.5,29.4,40.2,63.5,76.1,89.1,101.2,108.8,51.6,49.9,48.2,46.6,35.6,41.6,47.8,55.2,61.9,10.6,17.5,26.7,34.1,26.1,17.0,70.8,78.6,87.8,95.1,88.0,79.1,24.5,32.4,41.1,47.2,54.2,64.6,74.7,64.4,54.2,46.6,39.9,31.4,28.4,41.2,47.4,54.6,70.1,54.3,47.0,40.7,-88.8,-68.2,-47.3,-27.1,-8.1,8.1,20.6,29.4,31.7,29.7,20.3,6.8,-9.5,-28.3,-47.5,-66.8,-86.1,-106.6,-115.2,-117.6,-115.0,-109.5,-108.8,-113.4,-114.4,-110.9,-102.2,-92.5,-80.0,-67.8,-55.4,-45.0,-42.4,-40.3,-41.8,-43.8,-91.3,-96.4,-95.6,-89.1,-87.4,-87.7,-88.0,-93.9,-93.4,-88.2,-85.2,-85.6,-15.4,-22.3,-25.5,-23.4,-24.9,-21.0,-14.4,-6.2,-3.6,-3.3,-4.1,-7.5,-15.4,-18.1,-17.5,-17.6,-14.3,-13.4,-13.0,-13.9,732.5,734.1,735.8,736.2,731.3,722.1,708.9,692.7,684.3,687.3,697.8,707.6,712.5,713.4,711.9,710.1,710.6,702.4,695.8,688.4,680.9,676.2,674.7,676.2,679.2,681.7,684.8,672.8,665.0,657.2,649.6,668.5,664.4,661.4,662.3,664.1,694.3,689.6,686.6,685.0,686.3,689.1,681.4,680.2,679.9,682.3,679.3,679.6,683.1,670.2,663.7,662.0,662.0,666.8,675.8,667.7,663.7,663.4,665.4,671.5,679.6,666.1,664.0,664.4,674.0,664.6,664.3,666.3,0.597,0.029,0.143,0.015,327.881,139.786,-27.663,7.467,-17.363,19.890,-10.851,-2.219,0.609,-2.915,1.259,7.909,0.050,0.699,2.589,-2.184,0.199,0.505,1.679,-2.947,-0.015,-0.572,-0.121,-0.756,0.018,0.474,-0.757,-0.888,0.243,0.213,-0.135,-0.010,0.080,-0.017,-0.032,0.072,0.34,0.00,0.82,0.00,0.52,3.93,0.00,0.00,0.00,0.00,0.15,0.23,0.18,0.00,0.42,1.49,0.00,1.00,1.00,1.00,0.00,1.00,1.00,0.00,0.00,0.00,0.00,0.00,0.00,1.00,0.00,0.00,0.00,0.00,0.00
194,0,19.300,0.98,1,-0.069179,0.128636,-0.989276,-0.207797,0.127822,-0.969784,-0.140,0.130,306.7,307.9,310.7,313.4,314.5,313.4,310.4,307.7,303.3,304.8,307.1,310.1,313.2,315.5,317.2,315.1,312.4,309.6,307.0,304.8,309.4,310.6,311.8,312.3,311.9,310.7,309.5,308.9,342.2,343.3,346.0,348.9,350.1,349.0,346.2,343.2,339.3,341.1,343.6,346.8,349.8,352.0,353.5,352.0,349.8,347.1,344.2,341.4,344.8,346.1,347.3,347.8,347.2,346.0,344.8,344.3,113.9,111.1,110.0,111.1,113.9,116.9,117.8,116.6,115.6,113.6,112.3,111.7,112.4,114.0,116.1,116.9,117.1,117.3,117.1,116.6,115.2,115.7,115.3,114.0,112.8,112.3,112.8,114.0,114.3,111.5,110.4,111.6,114.5,117.3,118.5,117.5,116.4,114.3,112.9,112.3,113.0,114.4,116.4,117.4,117.8,117.8,117.6,117.3,115.8,116.3,115.9,114.6,113.4,112.8,113.3,114.5,14.4,16.3,20.4,24.4,25.9,24.3,19.8,15.8,9.4,11.6,15.0,19.4,24.0,27.5,29.9,26.9,22.8,18.6,14.8,11.6,18.4,20.1,22.0,22.8,22.2,20.4,18.6,17.8,65.3,67.1,71.3,75.4,77.1,75.4,71.2,66.7,61.3,63.8,67.3,72.0,76.5,80.2,82.6,80.0,76.5,72.4,68.2,64.2,69.3,71.2,73.0,73.8,73.0,71.2,69.4,68.6,-82.0,-86.2,-87.8,-86.0,-81.7,-77.1,-75.8,-77.7,-80.0,-82.6,-84.1,-84.8,-83.8,-81.6,-78.6,-77.1,-76.7,-76.5,-77.0,-78.1,-79.9,-79.1,-79.8,-81.6,-83.5,-84.3,-83.6,-81.8,-79.1,-83.4,-85.1,-83.4,-79.1,-74.8,-73.1,-74.5,-76.2,-79.1,-81.1,-82.0,-81.2,-79.6,-77.0,-75.2,-74.2,-73.9,-74.1,-74.7,-77.1,-76.3,-77.1,-79.0,-80.9,-81.6,-80.8,-79.0,606.6,607.3,607.1,606.1,604.8,604.3,604.3,605.3,611.2,608.7,606.0,604.4,604.2,604.8,605.7,604.4,603.3,603.6,605.3,608.1,606.3,605.9,605.8,606.1,606.7,607.1,607.2,606.9,590.4,591.7,592.9,593.2,592.5,591.2,590.0,589.8,591.1,590.3,589.7,590.1,591.9,594.6,597.3,594.1,591.2,589.3,588.9,589.8,591.4,591.6,592.1,592.7,593.0,592.8,592.3,591.7,51.0,-47.5,678.6,0.094,0.193,0.008,291.3,291.1,292.2,293.9,296.7,301.4,307.6,315.6,326.2,337.6,347.8,356.7,363.0,366.8,368.8,369.9,370.1,295.9,300.3,307.2,314.5,321.0,335.3,342.9,350.5,357.5,361.6,328.2,327.4,326.8,326.2,318.6,322.4,326.4,330.9,334.9,303.2,307.4,312.8,317.2,312.5,307.1,339.3,343.9,349.4,353.6,349.7,344.3,311.7,316.5,322.2,326.1,330.5,336.9,342.4,336.9,330.7,325.9,321.5,315.9,314.0,322.2,326.1,330.6,339.9,330.6,326.0,322.0,120.1,131.7,143.4,154.6,165.1,174.2,181.7,187.4,189.1,187.7,181.9,173.7,164.2,153.4,142.3,131.0,119.8,107.8,102.1,99.8,100.4,103.2,103.4,100.8,100.6,103.1,108.7,113.1,120.2,127.3,134.6,141.7,143.1,144.3,143.4,142.2,115.6,112.1,112.3,116.2,117.2,117.2,116.5,112.7,113.0,116.4,117.8,117.7,160.1,155.5,153.5,154.8,153.9,156.3,160.5,166.6,168.8,169.0,168.5,165.8,160.1,157.8,158.1,158.0,160.7,163.0,163.3,162.7,-10.3,-10.5,-8.6,-5.5,-0.6,7.7,18.4,31.7,48.9,68.5,86.8,103.3,114.9,121.6,124.9,126.5,127.1,-1.9,5.6,17.1,29.1,39.7,63.2,75.8,88.9,100.9,108.3,51.2,49.5,47.9,46.3,35.4,41.3,47.6,54.9,61.6,10.5,17.5,26.5,33.8,26.0,16.9,70.4,78.0,87.1,94.4,87.4,78.5,24.6,32.1,41.1,47.2,54.4,65.2,75.2,65.4,54.9,47.1,40.1,31.2,28.4,41.1,47.4,54.8,70.9,54.9,47.4,40.9,-87.6,-66.8,-46.0,-25.9,-7.0,9.2,22.1,31.2,33.8,31.5,22.0,8.2,-8.4,-27.3,-46.5,-66.0,-85.6,-105.1,-113.9,-116.5,-114.1,-108.7,-108.2,-112.7,-113.6,-109.8,-101.0,-91.9,-79.3,-67.1,-54.7,-44.7,-42.1,-39.9,-41.4,-43.5,-90.7,-95.9,-95.1,-88.5,-87.0,-87.3,-87.5,-93.6,-93.1,-87.8,-84.9,-85.2,-15.0,-22.2,-25.2,-23.1,-24.6,-20.8,-14.1,-3.9,-0.3,0.1,-0.9,-5.3,-14.9,-18.4,-17.7,-17.9,-13.8,-9.8,-9.3,-10.3,730.6,732.2,733.8,734.3,729.5,721.0,708.8,693.3,685.0,687.5,697.2,706.1,710.4,711.4,710.1,708.8,709.6,701.0,694.3,687.0,679.2,674.6,673.4,674.7,677.8,680.3,683.7,671.2,663.4,655.7,648.2,667.4,663.1,660.1,661.0,662.7,692.6,688.2,685.3,683.6,685.0,687.7,679.7,678.5,678.1,680.5,677.5,677.8,684.2,671.1,664.0,662.0,662.0,667.1,676.3,669.3,665.6,665.6,667.6,673.6,681.1,666.3,664.0,664.3,675.0,666.4,666.2,668.4,0.597,0.044,0.144,0.012,327.852,140.334,-35.143,6.452,-9.721,21.540,-7.942,-3.954,3.483,-3.547,3.604,8.420,0.194,0.206,3.639,-2.720,0.176,0.328,2.197,-2.854,-0.664,-0.029,-0.254,0.114,-0.408,0.615,-0.305,-0.854,0.274,0.262,-0.092,0.027,0.048,-0.010,0.009,0.090,0.31,0.00,0.94,0.00,0.62,4.02,0.00,0.00,0.00,0.00,0.00,0.14,0.37,0.00,0.70,1.60,0.34,1.00,1.00,1.00,0.00,1.00,1.00,0.00,0.00,0.00,0.00,0.00,0.00,1.00,0.00,0.00,0.00,0.00,0.00
195,0,19.400,0.98,1,-0.059862,0.132466,-0.989378,-0.203354,0.131402,-0.970248,-0.134,0.134,307.1,308.3,311.1,313.7,314.8,313.7,310.8,308.1,303.7,305.2,307.5,310.4,313.5,315.8,317.4,315.4,312.8,310.0,307.4,305.2,309.8,310.9,312.1,312.7,312.2,311.1,309.9,309.3,342.2,343.3,346.1,348.9,350.1,349.0,346.2,343.2,339.4,341.2,343.7,346.8,349.7,351.9,353.4,351.9,349.7,347.1,344.2,341.5,344.9,346.1,347.3,347.8,347.2,346.0,344.8,344.3,115.8,113.1,112.0,113.1,115.9,118.8,119.7,118.5,117.4,115.7,114.5,113.9,114.5,115.9,117.9,118.7,118.9,119.0,118.9,118.4,117.2,117.7,117.2,116.0,114.8,114.3,114.8,116.0,116.3,113.5,112.4,113.7,116.5,119.3,120.4,119.4,118.2,116.3,115.0,114.5,115.2,116.4,118.3,119.2,119.6,119.7,119.5,119.1,117.7,118.3,117.8,116.6,115.3,114.8,115.3,116.5,15.4,17.3,21.5,25.5,27.0,25.4,20.9,16.9,10.3,12.6,16.0,20.4,25.0,28.6,31.0,28.0,23.9,19.7,15.8,12.5,19.5,21.2,23.0,23.9,23.2,21.5,19.6,18.8,66.8,68.6,72.8,77.0,78.7,76.9,72.7,68.2,62.8,65.3,68.9,73.5,78.1,81.7,84.2,81.6,78.0,73.9,69.6,65.6,70.8,72.7,74.5,75.3,74.6,72.7,70.9,70.1,-81.1,-85.4,-87.0,-85.2,-80.9,-76.3,-75.0,-76.8,-79.2,-81.6,-83.1,-83.8,-82.8,-80.8,-77.9,-76.5,-76.0,-75.9,-76.3,-77.3,-79.0,-78.2,-79.0,-80.8,-82.7,-83.5,-82.8,-80.9,-77.9,-82.2,-83.9,-82.1,-77.8,-73.5,-71.8,-73.3,-75.1,-77.8,-79.7,-80.5,-79.7,-78.2,-75.8,-74.0,-73.1,-72.8,-73.0,-73.6,-75.9,-75.1,-75.8,-77.7,-79.6,-80.4,-79.6,-77.8,622.3,623.1,623.0,622.1,620.9,620.3,620.2,621.1,626.9,624.3,621.8,620.2,620.1,620.9,621.9,620.4,619.3,619.5,621.1,623.8,622.2,621.8,621.7,622.1,622.6,623.0,623.0,622.7,602.9,604.2,605.3,605.6,605.0,603.7,602.6,602.4,603.8,602.8,602.2,602.5,604.3,607.1,609.8,606.6,603.7,601.9,601.5,602.4,604.0,604.1,604.6,605.2,605.5,605.3,604.8,604.3,51.8,-46.9,690.1,0.083,0.183,0.016,291.6,291.2,292.0,293.5,296.0,300.7,307.0,315.1,325.7,337.2,347.4,356.3,362.6,366.5,368.5,369.7,370.1,296.7,301.2,307.8,315.0,321.4,335.6,343.0,350.5,357.4,361.5,328.3,327.7,327.0,326.4,318.7,322.5,326.5,331.0,335.0,303.6,307.8,313.1,317.5,312.8,307.5,339.3,344.0,349.4,353.5,349.6,344.3,311.4,316.5,322.2,326.1,330.5,336.7,342.2,336.6,330.4,325.6,321.3,315.8,313.7,322.1,326.0,330.5,339.8,330.4,325.8,321.7,121.5,132.8,144.1,155.0,165.3,174.2,181.4,186.8,188.6,187.3,181.9,174.1,164.8,154.1,143.1,132.0,120.9,109.3,103.8,101.7,102.2,104.7,104.8,102.5,102.3,104.9,110.2,114.8,121.6,128.3,135.3,142.5,143.9,145.1,144.3,143.1,117.5,114.3,114.5,117.9,119.0,119.0,118.3,114.9,115.1,118.3,119.7,119.5,160.3,156.0,154.1,155.4,154.5,156.9,160.9,166.5,168.4,168.5,167.9,165.6,160.3,158.3,158.7,158.6,161.1,162.8,163.0,162.4,-9.8,-10.5,-9.2,-6.5,-1.7,6.7,17.6,31.3,49.0,68.9,87.6,104.4,116.4,123.4,126.8,128.8,129.7,-0.6,7.2,18.6,30.5,41.1,64.8,77.5,90.6,102.6,110.1,52.5,50.8,49.2,47.6,36.2,42.2,48.6,56.1,62.8,11.4,18.5,27.5,34.9,27.0,18.0,71.8,79.6,88.7,96.0,88.9,80.0,24.5,32.6,41.7,48.0,55.3,66.1,76.3,66.0,55.3,47.4,40.3,31.5,28.3,41.6,48.0,55.5,72.1,55.4,47.8,41.2,-86.4,-66.0,-45.5,-25.5,-6.8,9.3,21.8,30.8,33.4,31.4,22.4,8.9,-7.5,-26.5,-46.0,-65.6,-85.3,-104.4,-112.9,-115.5,-113.3,-108.3,-107.8,-112.1,-112.8,-109.0,-100.3,-90.9,-78.6,-66.6,-54.5,-44.1,-41.6,-39.4,-40.8,-42.8,-89.1,-93.9,-93.3,-87.1,-85.5,-85.8,-86.0,-91.7,-91.2,-86.2,-83.4,-83.7,-14.8,-21.7,-24.6,-22.5,-23.9,-20.1,-13.6,-4.2,-1.1,-0.8,-1.7,-5.8,-14.7,-17.8,-17.1,-17.2,-13.4,-10.4,-10.0,-11.0,742.6,743.5,744.9,745.4,741.0,733.0,720.6,704.8,696.7,699.6,709.8,718.9,723.6,724.9,724.0,723.2,724.5,713.5,707.1,699.8,692.1,687.2,685.7,687.4,690.8,693.3,696.5,683.7,676.0,668.3,660.7,679.4,675.4,672.4,673.4,675.2,705.1,700.6,697.8,696.0,697.3,699.8,692.1,691.0,690.7,693.0,690.0,690.3,696.1,682.9,675.8,673.9,673.9,679.1,688.5,680.6,676.4,676.2,678.4,684.9,692.9,677.9,675.7,675.9,687.0,677.3,677.2,679.4,0.587,0.035,0.131,0.019,327.820,141.193,-30.495,3.506,-10.967,17.835,-8.623,-4.581,1.048,-5.719,0.963,8.980,-0.489,0.619,3.279,-3.188,-0.734,0.734,1.495,-2.595,-1.504,-0.942,0.065,0.427,-0.256,0.360,-0.799,-0.816,0.127,0.266,-0.105,0.028,0.092,-0.027,-0.030,0.083,0.31,0.00,0.89,0.00,0.60,3.89,0.00,0.00,0.00,0.00,0.08,0.11,0.42,0.00,0.58,1.15,0.34,1.00,1.00,1.00,0.00,1.00,1.00,0.00,0.00,0.00,0.00,0.00,0.00,1.00,0.00,0.00,0.00,0.00,0.00
196,0,19.500,0.98,1,-0.073731,0.105359,-0.991697,-0.208160,0.099510,-0.973020,-0.143,0.104,304.2,305.5,308.4,311.1,312.0,310.9,307.8,305.1,300.7,302.3,304.6,307.6,310.8,313.1,314.7,312.6,309.8,307.0,304.3,302.2,306.9,308.0,309.3,309.9,309.5,308.3,307.0,306.4,340.0,341.2,344.1,346.9,348.1,346.9,344.1,341.0,337.1,338.9,341.5,344.8,347.8,350.0,351.4,349.9,347.7,345.0,342.0,339.2,342.7,343.9,345.2,345.7,345.2,344.0,342.7,342.2,112.9,110.1,109.0,110.3,113.1,116.1,117.0,115.7,114.5,112.6,111.3,110.8,111.5,113.2,115.4,116.2,116.4,116.4,116.2,115.6,114.3,114.9,114.4,113.2,112.0,111.4,111.9,113.1,114.3,111.4,110.4,111.7,114.7,117.6,118.6,117.5,116.3,114.3,112.8,112.3,113.1,114.6,116.7,117.6,118.0,118.0,117.7,117.3,115.9,116.4,116.0,114.7,113.4,112.9,113.3,114.6,10.5,12.5,16.7,20.6,22.0,20.3,15.8,11.9,5.5,7.8,11.2,15.6,20.1,23.6,25.9,22.8,18.8,14.6,10.8,7.6,14.5,16.2,18.0,18.9,18.3,16.6,14.8,13.9,61.0,62.9,67.1,71.2,72.8,70.9,66.7,62.3,56.9,59.5,63.1,67.7,72.3,75.8,78.2,75.6,72.0,68.0,63.7,59.8,65.0,66.8,68.6,69.4,68.7,66.9,65.1,64.3,-82.4,-86.6,-88.1,-86.1,-81.8,-77.3,-76.1,-78.1,-80.6,-83.1,-84.6,-85.2,-84.0,-81.7,-78.6,-77.2,-76.9,-76.8,-77.4,-78.6,-80.2,-79.4,-80.1,-81.9,-83.8,-84.6,-84.0,-82.1,-77.6,-81.9,-83.5,-81.7,-77.3,-73.1,-71.5,-73.0,-74.9,-77.7,-79.6,-80.4,-79.5,-77.8,-75.2,-73.4,-72.5,-72.2,-72.6,-73.3,-75.6,-74.7,-75.5,-77.3,-79.2,-80.0,-79.3,-77.4,599.4,600.1,599.8,598.7,597.5,596.9,597.0,598.1,604.1,601.5,598.8,597.1,596.8,597.4,598.3,597.0,596.0,596.3,598.1,600.9,599.1,598.6,598.5,598.8,599.3,599.8,599.9,599.6,579.1,580.5,581.6,582.0,581.3,580.0,578.8,578.6,579.8,579.0,578.5,578.9,580.7,583.5,586.1,582.9,580.0,578.1,577.7,578.6,580.2,580.4,580.9,581.5,581.8,581.6,581.1,580.5,45.7,-48.5,676.0,0.056,0.199,0.040,288.8,288.4,289.1,290.4,292.8,297.2,303.2,311.2,321.9,333.6,344.3,353.6,360.2,364.1,366.2,367.5,368.1,293.6,298.2,305.3,312.7,319.3,332.8,340.5,348.4,355.6,359.8,325.7,324.7,323.8,322.8,315.2,318.9,322.9,327.5,331.6,300.7,304.9,310.4,314.7,309.9,304.4,337.0,341.9,347.4,351.6,347.5,342.1,307.7,312.9,318.5,322.3,326.8,333.0,338.8,332.7,326.4,321.6,317.3,312.0,310.0,318.3,322.2,326.8,336.2,326.6,322.0,318.0,119.7,131.2,142.8,153.9,164.2,173.2,180.2,185.6,187.4,186.5,181.5,174.2,165.1,154.5,143.4,132.2,120.9,106.7,100.9,98.7,99.6,102.7,103.3,100.7,100.6,103.3,109.2,112.5,119.6,126.6,133.9,141.0,142.5,143.8,143.1,142.0,114.5,111.1,111.5,115.5,116.4,116.3,116.4,112.7,113.1,116.7,118.1,117.8,158.8,154.7,153.0,154.3,153.5,156.0,160.1,164.9,166.4,166.4,165.8,163.5,158.8,157.1,157.6,157.6,160.1,160.8,160.9,160.3,-14.7,-15.5,-14.3,-11.9,-7.6,0.3,10.7,24.0,41.4,61.3,80.4,97.6,109.7,116.7,120.3,122.4,123.4,-5.9,2.1,14.0,26.1,36.8,59.0,71.8,85.2,97.5,105.0,47.2,45.0,42.9,40.9,29.6,35.5,41.8,49.3,56.1,6.2,13.3,22.5,29.7,21.7,12.5,66.5,74.5,83.7,90.9,83.8,74.8,17.9,26.0,34.8,41.0,48.2,58.7,68.9,58.2,47.7,39.8,33.0,24.6,21.6,34.6,40.9,48.3,64.4,48.0,40.5,34.1,-88.6,-67.9,-47.1,-27.1,-8.5,7.3,19.4,27.9,30.5,29.2,21.2,8.9,-6.8,-25.3,-44.4,-63.9,-83.5,-107.2,-116.2,-118.5,-115.5,-109.5,-108.3,-112.8,-113.4,-109.3,-100.0,-92.8,-80.2,-67.9,-55.5,-45.7,-42.9,-40.6,-41.9,-43.7,-92.5,-97.7,-96.7,-89.7,-88.3,-88.9,-87.5,-93.5,-92.8,-87.1,-84.4,-85.0,-17.0,-23.4,-26.0,-23.8,-25.0,-21.1,-14.6,-6.7,-4.3,-4.2,-5.3,-9.0,-16.9,-19.3,-18.5,-18.5,-14.6,-13.3,-13.1,-14.2,732.7,733.3,734.0,733.7,728.3,718.7,704.6,687.7,679.2,682.2,693.2,703.1,708.4,710.0,709.2,707.9,708.9,702.7,695.8,688.1,679.7,674.4,672.7,673.7,676.6,678.9,682.1,670.7,662.5,654.3,646.4,665.6,661.3,658.1,658.9,660.7,693.5,689.0,685.8,683.9,685.3,688.2,678.9,677.8,677.3,679.5,676.5,677.0,681.2,668.3,661.6,659.6,659.6,664.2,672.7,664.7,660.6,660.4,662.6,669.2,677.8,663.3,661.1,661.4,671.1,662.0,661.8,664.0,0.599,0.004,0.159,0.040,324.740,139.675,-26.129,5.786,-14.277,17.690,-8.018,0.507,1.173,-3.037,1.924,9.394,0.845,-1.503,2.640,-2.188,-0.934,0.391,2.193,-2.386,-0.492,0.798,-0.442,0.340,-0.584,0.444,-0.244,-0.877,-0.063,0.179,-0.030,0.025,0.086,-0.042,-0.018,0.077,0.46,0.00,0.85,0.00,0.57,3.84,0.00,0.00,0.00,0.00,0.23,0.10,0.39,0.00,0.33,0.65,0.34,1.00,1.00,1.00,0.00,1.00,1.00,0.00,0.00,0.00,0.00,0.00,0.00,1.00,0.00,0.00,0.00,0.00,0.00
197,0,19.600,0.98,1,-0.096098,0.117289,-0.988437,-0.237582,0.109433,-0.965183,-0.169,0.116,302.4,303.8,306.8,309.4,310.3,309.0,305.9,303.2,299.0,300.5,302.9,305.9,309.1,311.4,313.0,310.8,308.0,305.1,302.5,300.3,305.1,306.2,307.5,308.2,307.8,306.6,305.3,304.7,338.8,340.0,343.0,345.9,347.1,345.8,342.8,339.7,335.8,337.7,340.3,343.6,346.7,349.1,350.5,348.9,346.6,343.8,340.8,337.9,341.5,342.8,344.1,344.6,344.1,342.9,341.6,341.0,112.0,109.2,108.2,109.6,112.5,115.5,116.2,114.9,113.5,111.6,110.4,109.9,110.8,112.5,114.8,115.6,115.7,115.7,115.4,114.7,113.5,114.1,113.7,112.5,111.2,110.6,111.1,112.3,114.2,111.3,110.2,111.6,114.6,117.5,118.6,117.4,116.2,114.1,112.7,112.2,113.0,114.5,116.7,117.7,118.0,118.0,117.7,117.2,115.8,116.4,115.9,114.7,113.3,112.7,113.2,114.4,7.8,9.9,14.1,18.0,19.2,17.4,12.9,9.0,2.9,5.1,8.5,12.9,17.4,20.8,23.1,19.9,15.8,11.7,7.9,4.8,11.7,13.4,15.2,16.1,15.6,13.9,12.1,11.2,58.2,60.1,64.3,68.4,69.9,68.0,63.8,59.4,54.1,56.6,60.2,64.9,69.4,73.0,75.4,72.7,69.1,65.0,60.8,56.8,62.1,63.9,65.7,66.6,65.9,64.1,62.2,61.4,-82.6,-86.7,-88.1,-86.0,-81.6,-77.2,-76.1,-78.2,-81.0,-83.4,-84.8,-85.2,-83.9,-81.5,-78.3,-77.0,-76.7,-76.8,-77.5,-78.8,-80.3,-79.4,-80.0,-81.8,-83.7,-84.6,-84.0,-82.2,-76.4,-80.6,-82.2,-80.3,-75.9,-71.7,-70.1,-71.7,-73.6,-76.4,-78.3,-79.0,-78.1,-76.3,-73.7,-71.9,-71.1,-70.9,-71.3,-72.0,-74.2,-73.4,-74.1,-75.9,-77.8,-78.7,-78.0,-76.1,591.1,591.7,591.4,590.2,588.9,588.5,588.7,589.9,595.9,593.3,590.5,588.7,588.3,588.9,589.7,588.5,587.6,588.0,589.9,592.8,590.7,590.2,590.1,590.3,590.9,591.4,591.5,591.3,568.1,569.4,570.4,570.7,570.0,568.7,567.7,567.5,568.9,568.1,567.4,567.7,569.4,572.1,574.7,571.5,568.7,566.9,566.6,567.6,569.1,569.2,569.7,570.2,570.5,570.4,570.0,569.4,41.9,-48.4,670.3,0.074,0.237,0.060,287.9,287.2,287.7,288.8,291.0,295.0,300.7,308.2,318.5,330.3,341.4,351.4,358.7,363.2,365.8,367.6,368.5,292.1,297.0,304.0,311.1,317.5,331.2,339.0,347.0,354.3,359.0,323.7,322.3,321.0,319.7,312.3,316.0,320.0,324.7,329.0,298.9,303.2,308.7,313.0,308.1,302.6,335.7,340.7,346.4,350.7,346.4,340.8,304.9,310.1,315.6,319.5,324.1,330.6,336.7,330.2,323.6,318.6,314.3,309.0,307.2,315.4,319.4,324.1,334.0,323.8,319.0,315.0,118.1,129.7,141.2,152.4,162.9,172.0,179.3,184.9,187.0,186.5,181.9,175.1,166.2,155.7,144.5,133.0,121.6,105.1,99.6,98.0,99.2,102.4,103.2,100.6,100.5,103.0,108.6,112.3,119.6,126.8,134.2,140.9,142.5,144.0,143.2,142.2,113.6,110.2,110.7,114.9,115.8,115.5,116.3,112.5,112.9,116.7,118.1,117.7,158.2,154.4,152.8,154.2,153.5,156.0,160.1,164.9,166.4,166.3,165.6,163.3,158.3,157.0,157.5,157.5,160.1,160.8,160.8,160.1,-16.2,-17.5,-16.6,-14.6,-10.7,-3.4,6.3,18.7,35.5,55.1,74.7,92.6,105.7,113.7,118.0,120.7,122.5,-8.3,-0.1,11.7,23.3,33.5,55.7,68.3,81.5,93.8,101.8,43.4,40.7,38.1,35.6,24.8,30.5,36.7,44.3,51.3,3.1,10.3,19.5,26.5,18.5,9.3,63.5,71.6,80.8,88.0,80.7,71.7,13.1,21.2,29.9,36.0,43.5,54.2,64.8,53.5,42.7,34.7,27.8,19.6,16.8,29.6,35.9,43.4,60.3,43.1,35.5,29.0,-90.7,-70.2,-49.6,-29.6,-10.8,5.2,17.6,26.7,29.7,29.0,21.7,10.3,-4.7,-22.8,-42.0,-61.5,-81.3,-109.3,-117.3,-118.6,-115.1,-108.8,-107.1,-111.3,-111.8,-108.0,-99.1,-92.2,-79.4,-67.0,-54.5,-45.5,-42.5,-40.0,-41.2,-42.9,-93.5,-98.5,-97.1,-89.8,-88.6,-89.5,-86.5,-92.5,-91.7,-85.8,-83.2,-83.9,-18.0,-23.8,-26.0,-23.7,-24.8,-20.9,-14.6,-6.7,-4.2,-4.3,-5.4,-9.3,-17.6,-19.4,-18.4,-18.4,-14.5,-13.2,-13.1,-14.3,727.2,727.7,728.5,728.7,724.0,714.5,700.4,683.1,673.9,676.0,685.7,694.8,699.3,700.6,699.5,698.2,698.9,697.5,689.8,681.5,672.6,666.7,663.9,663.9,665.9,667.4,669.9,663.0,655.4,647.7,640.3,659.9,655.2,651.8,652.3,653.5,688.6,683.4,679.7,677.4,679.4,682.8,669.9,668.3,667.4,669.2,666.7,667.6,677.0,663.5,656.3,653.9,653.5,657.6,665.4,658.2,654.6,654.9,657.4,664.7,673.4,658.0,655.4,655.2,664.1,655.8,656.1,658.8,0.605,0.018,0.204,0.062,322.692,139.419,-26.857,0.347,-13.454,14.262,-5.974,1.486,1.030,-1.258,1.511,8.625,1.749,-0.752,2.093,-1.289,-1.767,-0.078,1.774,-1.941,-0.320,1.149,0.443,0.342,-1.063,0.311,0.124,-0.742,0.115,0.165,0.048,0.025,0.103,-0.060,0.005,0.067,0.60,0.00,0.90,0.03,0.54,3.73,0.00,0.00,0.00,0.00,0.28,0.15,0.16,0.00,0.05,0.35,0.00,1.00,1.00,1.00,0.00,1.00,1.00,0.00,0.00,0.00,0.00,0.00,0.00,0.00,0.00,0.00,0.00,0.00,0.00
198,0,19.700,0.98,1,-0.097354,0.113142,-0.988798,-0.235671,0.106343,-0.965997,-0.169,0.112,304.8,306.3,309.3,311.9,312.8,311.5,308.3,305.6,301.3,302.9,305.3,308.4,311.6,313.9,315.5,313.3,310.5,307.5,304.9,302.7,307.5,308.7,310.0,310.6,310.3,309.1,307.8,307.1,340.9,342.1,345.1,348.0,349.2,348.0,345.0,341.8,337.8,339.7,342.4,345.7,348.9,351.2,352.7,351.1,348.7,345.9,342.9,340.0,343.6,344.9,346.2,346.8,346.2,344.9,343.6,343.1,112.3,109.5,108.5,109.9,112.8,115.9,116.6,115.2,113.9,111.9,110.7,110.2,111.2,112.9,115.3,116.0,116.1,116.0,115.7,115.1,113.9,114.5,114.1,112.8,111.5,110.9,111.4,112.6,114.6,111.6,110.5,111.9,115.0,117.9,119.0,117.9,116.7,114.5,113.0,112.5,113.3,114.9,117.0,118.1,118.4,118.4,118.1,117.7,116.2,116.8,116.3,115.0,113.7,113.1,113.6,114.8,11.1,13.3,17.5,21.3,22.5,20.6,16.1,12.3,6.2,8.5,11.9,16.2,20.7,24.1,26.4,23.2,19.1,14.9,11.2,8.2,15.0,16.7,18.5,19.4,18.9,17.3,15.4,14.5,60.2,62.1,66.3,70.4,72.0,70.1,65.9,61.5,56.1,58.7,62.2,66.9,71.4,75.0,77.4,74.7,71.1,67.1,62.9,58.9,64.1,65.9,67.8,68.6,67.9,66.1,64.3,63.5,-81.0,-85.1,-86.5,-84.3,-79.9,-75.5,-74.5,-76.6,-79.4,-81.8,-83.2,-83.6,-82.2,-79.8,-76.6,-75.3,-75.1,-75.2,-76.0,-77.3,-78.7,-77.7,-78.3,-80.1,-82.0,-83.0,-82.4,-80.6,-74.7,-79.0,-80.6,-78.7,-74.4,-70.2,-68.6,-70.1,-72.0,-74.8,-76.8,-77.5,-76.6,-74.9,-72.2,-70.4,-69.5,-69.3,-69.7,-70.4,-72.7,-71.8,-72.6,-74.4,-76.3,-77.1,-76.4,-74.5,582.9,583.5,583.1,581.9,580.6,580.1,580.4,581.6,587.7,585.0,582.3,580.4,580.0,580.6,581.4,580.2,579.3,579.7,581.6,584.5,582.5,581.9,581.7,582.0,582.6,583.1,583.3,583.0,560.3,561.6,562.8,563.1,562.4,561.1,559.9,559.7,561.1,560.2,559.7,560.0,561.8,564.5,567.1,563.9,561.0,559.2,558.8,559.8,561.4,561.5,562.0,562.6,562.9,562.7,562.2,561.7,45.3,-47.7,673.6,0.083,0.222,0.082,290.7,289.7,290.0,291.0,292.7,296.3,301.6,308.9,318.8,329.9,340.6,350.6,358.6,364.0,367.3,369.5,370.8,294.8,299.5,306.4,313.3,319.4,333.5,341.2,349.1,356.5,361.3,325.7,324.4,323.2,321.9,314.4,318.0,322.1,326.9,331.3,301.2,305.6,311.2,315.5,310.6,305.0,337.7,342.8,348.5,352.8,348.6,343.0,306.8,311.9,317.6,321.6,326.4,333.0,339.1,332.6,325.8,320.7,316.3,310.9,309.2,317.3,321.4,326.2,336.5,325.9,321.1,316.9,117.8,128.8,140.0,150.9,161.3,170.6,178.5,184.9,187.5,187.6,183.7,177.4,169.0,158.6,147.2,135.2,123.2,104.9,99.7,98.4,99.6,102.7,103.4,100.8,100.7,103.2,108.8,112.8,120.2,127.5,135.0,141.4,143.1,144.6,143.8,142.9,113.9,110.5,111.1,115.4,116.1,115.8,116.8,112.8,113.3,117.0,118.5,118.2,158.6,154.9,153.3,154.8,154.1,156.7,160.8,166.1,167.8,167.7,166.9,164.2,158.9,157.5,158.1,158.2,160.9,162.1,162.1,161.2,-11.2,-13.0,-12.5,-10.7,-7.6,-1.1,8.0,20.1,36.2,54.9,73.8,92.0,106.4,116.1,121.7,125.1,127.5,-3.8,4.3,15.7,27.0,36.8,59.6,72.3,85.4,97.7,106.1,46.8,44.2,41.7,39.2,28.3,34.0,40.2,48.0,55.2,7.2,14.4,23.7,30.9,22.7,13.4,67.1,75.3,84.7,92.0,84.7,75.5,16.3,24.4,33.4,39.6,47.3,58.3,69.1,57.8,46.5,38.3,31.2,22.8,20.2,33.0,39.4,47.1,64.7,46.8,38.9,32.3,-91.0,-71.4,-51.6,-32.3,-13.7,2.8,16.4,26.8,30.8,31.0,24.8,14.4,0.0,-17.9,-37.8,-58.4,-79.2,-109.9,-117.5,-118.3,-114.9,-108.8,-107.0,-111.4,-111.9,-108.1,-99.4,-91.7,-78.8,-66.2,-53.6,-45.0,-41.8,-39.2,-40.5,-42.1,-93.4,-98.4,-96.9,-89.4,-88.4,-89.4,-86.1,-92.4,-91.6,-85.6,-82.8,-83.5,-17.3,-23.1,-25.4,-22.9,-24.0,-19.9,-13.4,-4.7,-2.0,-2.0,-3.3,-7.8,-16.8,-18.7,-17.6,-17.5,-13.3,-11.1,-11.2,-12.6,724.7,724.9,726.0,727.5,724.4,716.7,704.7,688.4,678.6,680.0,689.6,699.7,704.9,706.8,705.9,704.5,705.0,699.3,691.8,683.6,674.9,669.5,666.3,666.4,668.8,670.7,673.3,665.9,658.3,650.8,643.5,663.5,658.5,654.9,655.6,657.2,691.7,686.3,682.6,680.3,682.4,685.8,672.5,671.4,670.5,672.3,669.6,670.4,681.4,667.3,659.8,657.3,656.6,661.1,669.7,662.4,658.5,659.2,661.8,669.4,677.6,661.8,658.9,658.4,668.4,659.6,660.3,663.2,0.602,0.029,0.178,0.084,324.614,139.996,-31.761,-11.574,-10.024,20.184,-5.661,2.078,2.221,3.568,1.924,8.823,-0.018,1.366,1.592,-0.547,-1.488,0.671,2.035,-2.341,-0.432,0.307,0.606,-0.041,-0.792,0.366,0.282,-0.868,0.348,0.153,0.093,0.020,0.102,-0.013,0.024,0.050,0.59,0.00,0.94,0.05,0.50,3.56,0.00,0.02,0.00,0.00,0.21,0.09,0.08,0.00,0.17,0.52,0.00,1.00,1.00,1.00,0.00,1.00,1.00,0.00,0.00,0.00,0.00,0.00,0.00,0.00,0.00,0.00,0.00,0.00,0.00
199,0,19.800,0.98,1,-0.102619,0.120134,-0.987440,-0.237995,0.112863,-0.964687,-0.173,0.119,304.5,306.1,309.0,311.7,312.5,311.2,308.0,305.3,301.1,302.7,305.1,308.2,311.4,313.7,315.2,313.1,310.2,307.3,304.6,302.4,307.2,308.4,309.7,310.4,310.0,308.8,307.5,306.9,340.5,341.8,344.7,347.7,348.9,347.6,344.6,341.4,337.4,339.4,342.0,345.4,348.5,350.9,352.3,350.7,348.4,345.6,342.5,339.6,343.3,344.5,345.8,346.4,345.9,344.6,343.3,342.7,112.0,109.2,108.2,109.6,112.6,115.7,116.4,115.0,113.5,111.6,110.4,110.0,110.9,112.7,115.1,115.8,115.9,115.8,115.4,114.8,113.6,114.2,113.8,112.6,111.3,110.7,111.1,112.3,114.6,111.7,110.6,112.0,115.1,118.1,119.1,117.9,116.7,114.5,113.1,112.6,113.4,115.0,117.2,118.2,118.6,118.5,118.2,117.8,116.3,116.9,116.4,115.1,113.8,113.2,113.6,114.9,10.7,12.9,17.2,21.0,22.1,20.2,15.7,11.9,5.9,8.2,11.6,15.9,20.4,23.8,26.0,22.8,18.7,14.6,10.8,7.8,14.6,16.3,18.1,19.1,18.6,16.9,15.1,14.1,59.6,61.5,65.7,69.8,71.3,69.4,65.2,60.8,55.5,58.0,61.6,66.3,70.8,74.4,76.7,74.1,70.5,66.4,62.2,58.3,63.5,65.3,67.1,68.0,67.3,65.5,63.6,62.8,-81.4,-85.5,-86.8,-84.6,-80.2,-75.8,-74.8,-77.0,-79.9,-82.3,-83.6,-84.0,-82.6,-80.1,-76.8,-75.6,-75.4,-75.6,-76.3,-77.7,-79.0,-78.1,-78.7,-80.4,-82.4,-83.3,-82.7,-81.0,-74.5,-78.7,-80.3,-78.4,-74.1,-69.9,-68.3,-69.9,-71.8,-74.6,-76.6,-77.3,-76.3,-74.5,-71.8,-70.0,-69.2,-69.0,-69.4,-70.1,-72.4,-71.6,-72.3,-74.1,-76.0,-76.8,-76.1,-74.3,582.8,583.4,583.0,581.8,580.5,580.0,580.3,581.5,587.6,584.9,582.1,580.3,579.9,580.4,581.3,580.1,579.2,579.6,581.5,584.4,582.3,581.8,581.6,581.9,582.5,583.0,583.2,582.9,559.1,560.4,561.6,561.9,561.2,559.9,558.7,558.5,559.8,559.0,558.5,558.8,560.6,563.3,565.9,562.8,559.8,558.0,557.6,558.5,560.1,560.3,560.8,561.4,561.7,561.5,561.0,560.5,44.1,-46.8,669.4,0.096,0.227,0.091,290.6,289.4,289.7,290.7,292.4,295.7,300.8,308.0,317.9,328.9,339.6,349.6,357.6,363.2,366.8,369.0,370.5,294.7,299.5,306.3,313.3,319.4,333.2,340.9,348.9,356.3,361.0,325.3,324.0,322.7,321.3,313.9,317.5,321.4,326.2,330.6,301.0,305.3,310.9,315.3,310.3,304.7,337.3,342.4,348.2,352.4,348.2,342.6,306.4,311.3,317.0,320.9,325.5,332.2,338.1,331.7,325.0,320.0,315.6,310.2,308.9,316.7,320.7,325.3,335.5,325.1,320.3,316.2,116.9,128.0,139.3,150.3,160.9,170.5,178.9,185.8,188.8,189.1,185.1,178.7,170.2,159.7,148.1,135.9,123.7,104.6,99.3,98.1,99.4,102.7,103.5,100.8,100.8,103.5,109.2,112.8,120.2,127.6,135.2,141.4,143.2,144.7,144.0,143.0,113.6,110.1,110.8,115.2,115.9,115.5,116.8,112.9,113.4,117.2,118.7,118.3,159.1,155.0,153.4,154.9,154.2,157.1,161.6,167.7,169.6,169.6,168.7,165.6,159.4,157.6,158.2,158.4,161.7,163.7,163.7,162.7,-11.3,-13.3,-12.9,-11.1,-8.2,-2.2,6.6,18.5,34.6,53.0,71.5,89.6,104.0,113.9,119.8,123.4,125.8,-3.9,4.2,15.5,26.8,36.4,58.6,71.2,84.4,96.6,104.7,45.8,43.2,40.6,38.0,27.3,32.8,39.0,46.6,53.8,6.7,13.9,23.1,30.2,22.1,12.9,65.9,74.2,83.4,90.6,83.4,74.3,15.6,23.2,32.2,38.2,45.6,56.6,67.0,56.1,44.9,36.9,30.0,21.6,19.6,31.8,38.0,45.4,62.7,45.2,37.6,31.1,-91.7,-72.2,-52.4,-33.2,-14.3,2.7,17.0,28.3,32.8,33.3,27.1,16.5,2.1,-15.9,-35.8,-56.6,-77.6,-109.5,-117.2,-117.8,-114.2,-108.0,-106.1,-110.4,-110.8,-106.8,-97.8,-91.0,-78.1,-65.6,-52.9,-44.6,-41.4,-38.7,-39.9,-41.5,-93.3,-98.3,-96.6,-89.0,-88.2,-89.2,-85.3,-91.6,-90.7,-84.7,-81.9,-82.7,-16.4,-22.7,-25.1,-22.6,-23.6,-19.2,-12.0,-2.1,1.0,0.9,-0.5,-5.6,-15.9,-18.4,-17.3,-17.0,-11.9,-8.5,-8.6,-10.1,718.7,719.4,720.9,722.7,720.1,712.8,701.6,685.7,675.9,677.0,685.9,695.5,700.3,701.9,700.7,699.0,698.9,693.7,686.4,678.2,669.7,664.5,661.1,661.0,663.2,665.2,667.9,660.8,653.4,646.2,639.0,659.0,654.0,650.4,651.1,652.6,686.8,681.4,677.7,675.2,677.7,681.1,667.3,666.0,665.1,666.9,664.3,665.2,677.2,662.8,655.2,652.7,651.9,656.4,664.9,658.7,655.5,656.4,659.0,666.0,673.4,657.6,654.6,654.0,664.0,656.3,657.2,660.0,0.606,0.041,0.184,0.094,324.093,140.358,-36.022,-12.404,-8.034,24.316,-6.728,-0.966,5.454,5.019,3.450,7.582,-0.106,0.738,1.809,-0.719,-1.213,0.744,2.199,-2.069,-0.519,1.002,0.589,0.325,-0.333,0.760,0.113,-0.765,0.476,0.161,0.095,0.009,0.085,-0.031,0.016,0.072,0.41,0.00,0.98,0.13,0.45,3.32,0.00,0.14,0.00,0.00,0.11,0.08,0.00,0.00,0.36,1.00,0.00,1.00,1.00,1.00,0.00,1.00,1.00,0.00,0.00,0.00,0.00,0.00,0.00,0.00,0.00,0.00,0.00,0.00,0.00
200,0,19.900,0.98,1,-0.108184,0.123547,-0.986424,-0.242713,0.116274,-0.963105,-0.178,0.122,303.7,305.2,308.2,310.9,311.7,310.3,307.2,304.5,300.2,301.8,304.3,307.3,310.5,312.8,314.4,312.2,309.3,306.4,303.7,301.6,306.4,307.5,308.8,309.5,309.2,308.0,306.7,306.0,339.7,341.0,344.0,346.9,348.1,346.8,343.8,340.6,336.6,338.6,341.3,344.6,347.8,350.1,351.5,349.9,347.6,344.8,341.7,338.8,342.5,343.8,345.1,345.6,345.1,343.8,342.5,342.0,111.7,108.9,107.9,109.4,112.3,115.4,116.1,114.7,113.2,111.3,110.1,109.7,110.6,112.4,114.8,115.6,115.6,115.5,115.1,114.5,113.3,113.9,113.5,112.3,111.0,110.4,110.8,112.0,114.5,111.5,110.5,111.9,115.0,117.9,119.0,117.8,116.5,114.4,112.9,112.4,113.3,114.9,117.1,118.1,118.5,118.4,118.1,117.6,116.1,116.8,116.3,115.0,113.7,113.0,113.5,114.8,9.5,11.7,16.0,19.7,20.9,19.0,14.4,10.7,4.6,6.9,10.3,14.7,19.2,22.5,24.7,21.6,17.5,13.3,9.6,6.6,13.4,15.0,16.9,17.8,17.4,15.7,13.8,12.9,58.4,60.3,64.5,68.6,70.1,68.2,63.9,59.6,54.2,56.8,60.4,65.1,69.6,73.1,75.4,72.8,69.2,65.2,60.9,57.0,62.2,64.0,65.9,66.7,66.1,64.3,62.4,61.6,-81.8,-85.9,-87.2,-85.0,-80.6,-76.2,-75.2,-77.4,-80.3,-82.7,-84.0,-84.3,-82.9,-80.4,-77.1,-75.9,-75.8,-75.9,-76.7,-78.1,-79.4,-78.5,-79.0,-80.8,-82.7,-83.7,-83.1,-81.3,-74.5,-78.7,-80.3,-78.4,-74.0,-69.8,-68.3,-69.9,-71.8,-74.6,-76.6,-77.3,-76.3,-74.5,-71.7,-70.0,-69.1,-68.9,-69.4,-70.1,-72.4,-71.5,-72.2,-74.1,-76.0,-76.8,-76.1,-74.3,582.5,583.1,582.6,581.4,580.2,579.7,580.0,581.2,587.3,584.6,581.8,580.0,579.6,580.1,580.9,579.7,578.9,579.3,581.2,584.1,582.0,581.5,581.3,581.6,582.1,582.7,582.9,582.6,557.5,558.8,560.0,560.3,559.6,558.3,557.1,557.0,558.3,557.5,556.9,557.2,559.0,561.7,564.3,561.2,558.3,556.4,556.1,557.0,558.6,558.7,559.2,559.8,560.1,560.0,559.5,558.9,42.3,-46.3,665.9,0.100,0.236,0.095,289.9,288.7,289.1,290.2,291.8,295.1,300.0,307.1,316.8,327.7,338.3,348.4,356.6,362.3,366.0,368.4,369.9,293.9,298.6,305.4,312.3,318.4,332.3,340.1,348.1,355.5,360.3,324.3,322.9,321.5,320.1,312.9,316.4,320.3,325.1,329.6,300.1,304.5,310.1,314.4,309.5,303.9,336.5,341.7,347.4,351.7,347.4,341.8,305.5,310.2,315.9,319.8,324.4,331.1,337.0,330.7,323.9,318.9,314.5,309.1,308.0,315.6,319.6,324.2,334.4,324.0,319.2,315.1,116.6,127.7,139.0,150.0,160.8,170.6,179.3,186.5,189.6,189.9,185.8,179.3,170.8,160.3,148.6,136.3,124.0,104.3,99.0,97.9,99.2,102.6,103.5,100.8,100.8,103.4,109.2,112.6,120.1,127.4,135.1,141.3,143.1,144.6,143.9,143.0,113.2,109.8,110.5,115.0,115.6,115.2,116.7,112.7,113.3,117.1,118.6,118.1,159.4,155.1,153.4,154.9,154.3,157.3,162.0,168.4,170.5,170.4,169.5,166.2,159.6,157.7,158.3,158.5,162.0,164.5,164.4,163.4,-12.4,-14.5,-13.9,-12.1,-9.2,-3.4,5.2,16.9,32.6,50.7,69.1,87.0,101.5,111.6,117.7,121.4,124.0,-5.3,2.6,13.8,25.0,34.6,56.8,69.4,82.5,94.7,102.9,44.0,41.2,38.6,35.9,25.5,30.9,36.9,44.6,51.8,5.2,12.4,21.6,28.6,20.6,11.4,64.2,72.4,81.7,88.8,81.6,72.5,14.1,21.3,30.2,36.2,43.5,54.6,64.8,54.1,43.0,35.0,28.1,19.7,18.1,29.9,36.1,43.4,60.5,43.2,35.6,29.2,-91.9,-72.5,-52.8,-33.5,-14.5,2.8,17.6,29.3,34.0,34.4,28.1,17.4,3.0,-14.8,-34.7,-55.6,-76.6,-109.4,-117.1,-117.6,-113.8,-107.5,-105.4,-109.8,-110.2,-106.2,-97.3,-90.7,-77.8,-65.4,-52.8,-44.5,-41.3,-38.6,-39.8,-41.4,-93.4,-98.3,-96.6,-88.9,-88.2,-89.3,-85.0,-91.3,-90.3,-84.3,-81.6,-82.4,-15.9,-22.4,-24.9,-22.4,-23.4,-18.8,-11.3,-1.0,2.4,2.2,0.8,-4.6,-15.4,-18.2,-17.0,-16.7,-11.3,-7.3,-7.4,-9.0,714.8,715.7,717.3,719.3,716.5,709.3,698.5,682.9,673.1,673.7,682.1,691.2,695.6,697.0,695.7,693.9,693.5,690.1,682.7,674.3,665.8,660.7,657.2,656.8,658.8,660.6,663.2,656.6,649.3,642.2,635.1,655.3,650.3,646.7,647.2,648.6,683.3,677.9,674.1,671.5,674.2,677.7,663.1,661.8,660.8,662.5,660.1,661.0,673.8,659.3,651.5,649.0,648.1,652.5,660.9,655.4,652.6,653.7,656.2,663.0,670.0,654.1,651.0,650.3,660.1,653.3,654.2,657.0,0.610,0.045,0.196,0.098,323.151,140.476,-38.690,-12.642,-6.742,26.225,-6.519,-2.160,6.640,5.999,5.044,6.609,-0.049,0.778,1.711,-0.858,-1.251,0.379,1.882,-1.706,-0.434,1.000,0.374,0.017,-0.207,0.571,0.250,-0.754,0.575,0.207,0.115,-0.010,0.070,-0.030,0.007,0.079,0.26,0.00,0.96,0.10,0.40,3.32,0.00,0.22,0.00,0.00,0.10,0.03,0.00,0.03,0.36,1.24,0.00,1.00,1.00,1.00,0.00,1.00,1.00,0.00,0.00,0.00,0.00,0.00,0.00,0.00,0.00,0.00,1.00,0.00,0.00
201,0,20.000,0.98,1,-0.101461,0.117105,-0.987923,-0.239578,0.109202,-0.964716,-0.173,0.115,303.6,305.0,308.0,310.6,311.5,310.2,307.1,304.5,300.2,301.8,304.1,307.2,310.3,312.6,314.2,312.0,309.2,306.3,303.7,301.6,306.3,307.5,308.7,309.4,309.0,307.8,306.6,305.9,339.5,340.8,343.7,346.6,347.8,346.5,343.6,340.5,336.5,338.4,341.1,344.4,347.5,349.8,351.2,349.6,347.3,344.5,341.5,338.6,342.3,343.5,344.8,345.4,344.9,343.6,342.3,341.8,112.2,109.4,108.4,109.8,112.7,115.7,116.5,115.1,113.7,111.8,110.6,110.1,111.0,112.7,115.0,115.8,116.0,115.9,115.6,114.9,113.7,114.3,113.9,112.7,111.4,110.8,111.3,112.5,114.5,111.6,110.6,112.0,115.0,117.9,119.0,117.8,116.5,114.4,113.0,112.5,113.4,114.9,117.0,118.0,118.4,118.4,118.1,117.6,116.1,116.7,116.3,115.0,113.7,113.1,113.5,114.8,9.6,11.7,15.9,19.7,20.9,19.1,14.6,10.8,4.7,7.0,10.3,14.7,19.2,22.6,24.9,21.7,17.6,13.4,9.7,6.7,13.5,15.1,17.0,17.9,17.4,15.7,13.9,12.9,59.2,61.1,65.3,69.4,70.9,69.0,64.8,60.4,55.1,57.6,61.2,65.9,70.4,74.0,76.3,73.7,70.1,66.0,61.8,57.9,63.1,64.9,66.7,67.6,66.9,65.1,63.2,62.4,-82.4,-86.5,-87.9,-85.7,-81.4,-76.9,-75.9,-78.0,-80.8,-83.2,-84.6,-85.0,-83.7,-81.2,-78.0,-76.7,-76.4,-76.5,-77.3,-78.6,-80.1,-79.1,-79.8,-81.5,-83.5,-84.4,-83.8,-82.0,-75.8,-80.0,-81.6,-79.7,-75.4,-71.2,-69.6,-71.2,-73.1,-75.9,-77.8,-78.5,-77.6,-75.8,-73.2,-71.3,-70.5,-70.2,-70.7,-71.4,-73.7,-72.8,-73.5,-75.4,-77.3,-78.1,-77.4,-75.6,591.7,592.2,591.7,590.6,589.4,589.0,589.3,590.5,596.5,593.8,591.0,589.1,588.8,589.3,590.2,589.0,588.2,588.6,590.5,593.4,591.3,590.8,590.6,590.8,591.3,591.8,592.0,591.8,567.7,568.9,570.0,570.3,569.7,568.4,567.3,567.2,568.5,567.6,567.0,567.3,569.1,571.8,574.4,571.2,568.4,566.6,566.3,567.2,568.7,568.9,569.3,569.9,570.2,570.0,569.6,569.0,43.0,-48.2,675.8,0.078,0.222,0.095,289.7,288.6,288.8,289.8,291.4,294.6,299.7,307.0,316.8,327.8,338.6,348.7,357.0,362.6,366.2,368.6,370.2,293.8,298.3,305.1,312.0,318.0,332.0,339.8,347.8,355.1,360.1,324.0,322.7,321.3,319.9,312.9,316.4,320.3,325.0,329.3,300.1,304.4,309.9,314.2,309.3,303.8,336.4,341.4,347.1,351.4,347.2,341.6,306.6,311.3,316.5,320.0,324.3,330.4,336.1,330.1,324.0,319.4,315.5,310.5,309.0,316.2,319.8,324.1,333.5,324.0,319.7,315.9,117.2,127.9,138.7,149.2,159.6,169.1,177.3,184.2,187.2,187.5,184.1,178.2,170.2,159.9,148.4,136.2,123.9,104.9,99.7,98.6,100.0,103.1,103.8,101.2,101.0,103.5,109.1,112.9,120.3,127.5,135.0,141.1,142.9,144.3,143.5,142.5,113.7,110.4,110.9,115.2,116.0,115.7,116.6,112.8,113.3,117.0,118.5,118.1,158.6,154.8,153.2,154.5,153.8,156.5,160.6,165.2,166.6,166.6,165.9,163.6,158.7,157.2,157.7,157.8,160.5,161.2,161.1,160.4,-13.0,-15.0,-14.6,-12.9,-10.1,-4.2,4.7,16.9,33.1,51.6,70.5,89.1,104.2,114.4,120.6,124.3,127.0,-5.6,2.3,13.7,25.0,34.6,57.4,70.2,83.4,95.8,104.5,44.2,41.6,39.0,36.3,26.0,31.5,37.6,45.1,52.2,5.3,12.5,21.7,28.8,20.7,11.5,65.3,73.4,82.7,89.9,82.7,73.5,16.0,23.5,31.7,37.2,44.0,54.2,64.3,53.8,43.7,36.3,30.1,22.2,19.9,31.3,37.0,43.8,59.9,43.7,36.8,30.9,-92.3,-73.4,-54.2,-35.4,-16.7,0.2,14.4,25.7,30.3,31.0,25.6,15.9,2.0,-15.8,-35.9,-57.0,-78.2,-110.4,-118.1,-118.5,-114.7,-108.6,-106.7,-111.1,-111.7,-108.0,-99.2,-91.9,-79.0,-66.5,-53.8,-45.6,-42.3,-39.8,-41.1,-42.8,-94.3,-99.2,-97.7,-90.2,-89.1,-90.1,-86.6,-92.8,-91.9,-86.0,-83.2,-83.9,-17.4,-23.2,-25.6,-23.4,-24.5,-20.4,-13.9,-6.2,-3.8,-3.9,-5.1,-8.9,-17.1,-19.2,-18.3,-18.1,-13.9,-12.7,-12.8,-14.1,727.3,727.7,728.7,730.2,727.6,719.9,708.2,691.8,681.9,683.3,692.8,703.3,709.4,711.6,710.9,708.7,708.2,703.0,695.3,686.9,678.2,672.7,668.5,668.4,670.6,672.6,675.6,668.8,661.3,653.8,646.4,665.9,661.2,657.7,658.3,659.9,695.8,690.3,686.3,683.9,686.3,689.9,675.2,674.0,673.2,675.1,672.4,673.1,681.6,668.2,661.8,659.6,658.8,662.9,670.6,663.8,660.6,661.6,663.9,670.1,677.6,663.8,661.1,660.5,669.1,661.8,662.6,665.2,0.600,0.023,0.179,0.097,323.143,139.800,-25.201,-17.138,-15.189,21.724,-7.083,1.585,5.572,5.649,4.283,5.119,-0.483,0.948,1.159,-1.959,1.180,-0.896,0.756,-1.830,-0.519,1.995,1.114,0.673,-0.360,0.180,0.561,-0.519,0.336,0.069,-0.000,-0.061,0.031,-0.020,0.020,0.090,0.14,0.00,1.00,0.18,0.38,3.29,0.00,0.29,0.00,0.00,0.08,0.02,0.00,0.03,0.27,1.45,0.00,1.00,1.00,1.00,0.00,1.00,1.00,0.00,0.00,0.00,0.00,0.00,0.00,0.00,0.00,0.00,1.00,0.00,0.00
202,0,20.100,0.98,1,-0.098462,0.129006,-0.986743,-0.238960,0.124250,-0.963047,-0.171,0.129,303.6,305.1,308.0,310.7,311.6,310.3,307.2,304.5,300.2,301.8,304.2,307.2,310.4,312.7,314.3,312.1,309.3,306.4,303.8,301.6,306.3,307.5,308.8,309.4,309.0,307.9,306.6,305.9,339.6,340.9,343.8,346.8,347.9,346.7,343.7,340.6,336.6,338.5,341.2,344.5,347.6,349.9,351.4,349.8,347.5,344.7,341.7,338.8,342.4,343.7,344.9,345.5,345.0,343.7,342.4,341.9,112.4,109.6,108.5,109.9,112.8,115.9,116.7,115.3,113.9,112.0,110.8,110.3,111.2,112.9,115.2,116.0,116.1,116.1,115.8,115.1,113.9,114.5,114.1,112.8,111.6,111.0,111.4,112.6,114.6,111.7,110.6,112.0,115.1,118.0,119.1,117.9,116.7,114.6,113.1,112.6,113.4,114.9,117.0,118.1,118.5,118.5,118.2,117.7,116.2,116.8,116.4,115.1,113.8,113.1,113.6,114.9,9.5,11.6,15.9,19.7,20.9,19.1,14.6,10.8,4.7,6.9,10.3,14.7,19.2,22.6,24.9,21.8,17.7,13.5,9.7,6.7,13.5,15.1,17.0,17.9,17.4,15.7,13.8,12.9,59.2,61.0,65.3,69.4,70.9,69.0,64.8,60.4,55.1,57.6,61.2,65.9,70.4,74.0,76.4,73.7,70.1,66.0,61.8,57.9,63.1,64.9,66.7,67.6,66.9,65.1,63.2,62.4,-81.8,-85.9,-87.3,-85.2,-80.8,-76.3,-75.3,-77.4,-80.2,-82.6,-83.9,-84.3,-83.0,-80.7,-77.5,-76.2,-75.9,-76.0,-76.7,-78.0,-79.5,-78.6,-79.2,-81.0,-82.9,-83.8,-83.2,-81.4,-75.5,-79.7,-81.3,-79.4,-75.1,-70.9,-69.3,-70.8,-72.7,-75.5,-77.5,-78.2,-77.3,-75.6,-73.0,-71.1,-70.2,-69.9,-70.3,-71.1,-73.4,-72.5,-73.3,-75.1,-77.0,-77.8,-77.1,-75.3,589.1,589.6,589.2,588.1,586.9,586.5,586.8,587.9,593.9,591.2,588.4,586.5,586.3,586.9,587.8,586.6,585.7,586.1,587.9,590.8,588.7,588.2,588.1,588.3,588.8,589.3,589.5,589.2,566.3,567.5,568.6,568.9,568.2,567.0,565.9,565.8,567.1,566.2,565.6,565.8,567.6,570.3,573.0,569.8,567.0,565.2,564.9,565.8,567.3,567.4,567.9,568.4,568.7,568.6,568.1,567.6,43.3,-47.6,675.4,0.099,0.217,0.091,289.8,288.7,289.0,290.2,291.8,294.9,299.9,307.1,316.8,327.7,338.2,348.3,356.7,362.6,366.3,368.8,370.4,293.9,298.3,305.1,312.0,317.9,332.0,339.8,347.8,355.1,360.1,323.9,322.7,321.5,320.2,313.2,316.7,320.6,325.3,329.7,300.1,304.4,309.9,314.3,309.4,303.9,336.6,341.5,347.2,351.5,347.4,341.7,307.0,311.5,316.8,320.4,324.7,330.9,336.4,330.7,324.6,319.9,315.8,310.8,309.6,316.5,320.2,324.6,333.8,324.5,320.0,316.2,117.0,127.6,138.2,148.7,159.1,168.8,177.4,184.8,188.1,188.5,184.9,178.8,170.5,160.1,148.3,135.9,123.5,105.0,99.8,98.8,100.2,103.3,104.0,101.3,101.0,103.5,109.1,113.2,120.5,127.8,135.3,141.2,143.1,144.5,143.7,142.7,113.9,110.5,111.1,115.3,116.2,115.9,116.8,112.9,113.4,117.0,118.6,118.2,159.4,155.1,153.2,154.6,153.9,156.7,161.3,166.6,168.3,168.3,167.5,164.9,159.5,157.5,158.0,158.1,161.2,162.5,162.5,161.6,-12.8,-14.8,-14.2,-12.2,-9.3,-3.7,5.0,17.2,33.2,51.5,70.0,88.5,103.8,114.3,120.7,124.5,127.2,-5.4,2.3,13.5,24.9,34.4,57.3,70.0,83.3,95.6,104.2,44.0,41.6,39.2,36.7,26.3,31.9,38.0,45.6,52.8,5.3,12.5,21.7,28.9,20.9,11.6,65.3,73.4,82.7,90.0,82.8,73.6,16.7,23.7,32.0,37.8,44.7,55.1,64.7,54.9,44.8,37.2,30.6,22.7,20.8,31.6,37.6,44.6,60.4,44.6,37.5,31.3,-92.1,-73.5,-54.7,-36.3,-17.6,-0.4,14.7,26.9,32.0,32.7,27.0,16.8,2.7,-15.5,-36.0,-57.4,-78.9,-109.9,-117.5,-117.8,-114.0,-108.1,-106.2,-110.7,-111.4,-107.7,-99.0,-91.3,-78.4,-66.0,-53.5,-45.3,-42.0,-39.5,-40.8,-42.5,-93.8,-98.7,-97.1,-89.7,-88.7,-89.6,-86.3,-92.4,-91.5,-85.8,-82.9,-83.6,-16.1,-22.8,-25.6,-23.3,-24.4,-19.9,-12.7,-4.0,-1.1,-1.2,-2.4,-6.8,-15.8,-18.8,-17.8,-17.6,-12.8,-10.6,-10.6,-12.1,723.3,724.0,725.6,727.9,726.0,719.3,708.9,693.7,683.8,685.0,693.7,703.9,709.6,711.6,710.5,708.0,707.0,700.4,692.8,684.5,676.3,671.4,667.2,666.9,669.0,671.0,673.8,667.4,660.3,653.3,646.3,665.6,660.9,657.6,658.2,659.8,694.3,688.7,684.9,682.4,685.1,688.7,673.8,672.4,671.7,673.6,671.1,671.7,681.2,667.5,661.1,658.8,657.8,662.1,670.1,664.4,661.6,662.8,665.1,670.8,677.2,663.6,660.7,659.9,668.9,662.3,663.3,665.9,0.600,0.045,0.172,0.095,323.321,140.125,-30.194,-20.733,-13.539,24.868,-8.117,-2.326,6.969,6.748,5.253,3.647,-0.544,0.882,1.538,-1.294,0.914,-0.995,0.818,-2.304,0.230,1.138,0.897,0.721,-0.105,-0.325,0.798,-0.687,0.302,0.122,0.020,-0.064,0.087,-0.052,0.009,0.052,0.15,0.00,1.01,0.21,0.40,3.34,0.00,0.48,0.00,0.00,0.04,0.43,0.00,0.03,0.13,1.62,0.00,1.00,1.00,1.00,0.00,1.00,1.00,0.00,0.00,0.00,0.00,0.00,0.00,0.00,0.00,0.00,1.00,0.00,0.00
203,0,20.200,0.98,1,-0.101748,0.130359,-0.986232,-0.241824,0.126325,-0.962062,-0.175,0.131,302.6,304.1,307.0,309.7,310.6,309.3,306.2,303.5,299.2,300.8,303.1,306.2,309.4,311.7,313.3,311.1,308.3,305.4,302.8,300.6,305.3,306.5,307.8,308.4,308.0,306.9,305.6,304.9,338.8,340.1,343.1,346.0,347.2,345.9,342.9,339.7,335.8,337.7,340.4,343.7,346.8,349.2,350.6,349.0,346.6,343.9,340.8,337.9,341.6,342.9,344.2,344.7,344.2,342.9,341.6,341.1,112.6,109.8,108.8,110.1,113.1,116.1,116.9,115.5,114.1,112.2,111.0,110.5,111.4,113.1,115.4,116.3,116.4,116.4,116.0,115.4,114.1,114.7,114.3,113.1,111.8,111.2,111.6,112.9,114.9,111.9,110.9,112.3,115.4,118.3,119.4,118.2,116.9,114.8,113.4,112.9,113.7,115.2,117.4,118.4,118.8,118.8,118.5,118.0,116.5,117.1,116.6,115.4,114.0,113.4,113.9,115.1,8.1,10.2,14.4,18.3,19.5,17.7,13.2,9.4,3.2,5.5,8.9,13.2,17.8,21.1,23.4,20.3,16.2,12.1,8.3,5.2,12.0,13.7,15.5,16.5,15.9,14.2,12.4,11.5,57.8,59.7,63.9,68.0,69.5,67.6,63.3,59.0,53.7,56.2,59.8,64.5,69.0,72.6,74.9,72.3,68.6,64.6,60.4,56.4,61.7,63.4,65.3,66.1,65.5,63.7,61.8,61.0,-81.4,-85.5,-87.0,-84.9,-80.5,-76.0,-75.0,-77.0,-79.9,-82.3,-83.6,-84.0,-82.7,-80.4,-77.2,-75.8,-75.5,-75.6,-76.3,-77.7,-79.1,-78.2,-78.9,-80.6,-82.6,-83.5,-82.9,-81.1,-74.7,-79.0,-80.6,-78.7,-74.3,-70.1,-68.5,-70.1,-72.1,-74.8,-76.7,-77.4,-76.5,-74.7,-72.2,-70.3,-69.4,-69.2,-69.6,-70.4,-72.6,-71.8,-72.5,-74.3,-76.2,-77.1,-76.4,-74.5,589.2,589.7,589.3,588.2,587.0,586.6,586.9,588.0,594.0,591.3,588.5,586.6,586.4,587.0,587.9,586.7,585.8,586.2,588.0,590.9,588.8,588.3,588.2,588.4,588.9,589.4,589.6,589.3,563.4,564.6,565.7,566.0,565.4,564.2,563.1,563.0,564.3,563.4,562.8,563.0,564.7,567.5,570.1,567.0,564.2,562.4,562.1,563.0,564.5,564.6,565.1,565.6,565.9,565.7,565.3,564.8,41.7,-46.4,671.3,0.097,0.235,0.075,288.7,287.8,288.4,289.9,291.8,295.3,300.4,307.6,317.4,328.5,339.0,348.8,356.5,361.8,365.3,367.6,369.0,292.8,297.4,304.3,311.3,317.3,331.2,339.1,347.1,354.4,359.3,323.3,322.0,320.7,319.3,312.3,315.8,319.7,324.4,328.7,299.1,303.4,308.9,313.3,308.4,302.9,335.7,340.7,346.5,350.8,346.5,340.9,306.1,310.3,315.6,319.3,323.7,329.9,335.1,329.6,323.6,318.8,314.6,309.6,308.6,315.4,319.2,323.5,332.5,323.5,319.0,315.1,117.8,128.9,140.1,151.0,161.7,171.3,179.8,186.6,189.3,189.2,184.7,177.9,169.2,158.6,147.1,135.1,123.0,105.2,99.9,98.7,100.1,103.4,104.1,101.4,101.2,103.7,109.3,113.3,120.6,127.8,135.3,141.6,143.3,144.8,144.0,143.0,114.1,110.8,111.3,115.6,116.4,116.2,117.0,113.2,113.7,117.3,118.9,118.5,160.5,155.6,153.5,155.0,154.2,157.3,162.3,167.9,169.8,169.8,169.0,166.3,160.5,158.0,158.5,158.7,162.2,163.7,163.7,162.9,-14.7,-16.2,-15.2,-12.7,-9.3,-3.0,5.9,18.0,34.0,52.5,70.8,88.5,102.4,111.7,117.3,120.9,123.3,-7.1,0.7,12.1,23.5,33.1,55.6,68.3,81.5,93.8,102.2,42.7,40.1,37.6,35.0,24.7,30.2,36.4,43.9,50.9,3.6,10.7,19.9,27.0,19.1,9.8,63.5,71.6,80.9,88.1,80.9,71.7,15.1,21.7,29.9,35.7,42.7,52.9,62.1,52.8,42.8,35.2,28.5,20.6,19.1,29.7,35.6,42.6,57.7,42.8,35.6,29.4,-90.6,-71.0,-51.3,-32.1,-13.0,4.1,18.6,29.7,33.8,33.6,26.6,15.2,0.3,-17.8,-37.6,-58.2,-78.8,-108.8,-116.6,-117.1,-113.4,-107.2,-105.4,-109.8,-110.5,-106.7,-97.9,-90.5,-77.8,-65.5,-53.1,-44.4,-41.3,-38.8,-40.1,-41.7,-92.7,-97.6,-96.2,-88.7,-87.6,-88.6,-85.3,-91.3,-90.4,-84.7,-81.8,-82.5,-14.1,-21.8,-24.9,-22.5,-23.6,-18.9,-10.9,-1.8,1.3,1.3,0.0,-4.5,-14.0,-17.8,-16.8,-16.6,-11.1,-8.6,-8.5,-9.9,721.4,722.6,724.5,726.0,723.1,715.5,704.3,689.1,679.4,680.6,688.5,697.2,701.7,702.7,701.2,699.2,698.8,696.1,688.6,680.1,671.8,666.8,663.0,662.8,664.8,666.7,669.5,662.9,655.8,648.8,641.8,661.0,656.6,653.3,653.7,655.1,689.7,684.2,680.4,677.7,680.5,684.2,669.3,667.8,667.0,669.0,666.4,667.1,676.7,663.1,656.5,654.2,653.4,657.4,665.0,660.2,658.2,659.2,661.5,666.9,672.7,659.1,656.3,655.6,664.0,658.5,659.4,662.0,0.604,0.044,0.197,0.078,322.559,140.651,-34.801,-9.930,-13.546,26.160,-6.425,-5.772,6.300,3.169,4.870,3.648,1.971,-0.428,2.189,-0.908,0.241,-0.464,1.054,-1.767,0.331,0.908,0.473,0.750,-0.299,-0.742,0.487,-0.612,0.265,0.165,0.056,-0.039,0.095,-0.067,0.007,0.067,0.10,0.00,1.11,0.27,0.44,3.27,0.00,0.61,0.00,0.00,0.00,0.89,0.00,0.00,0.15,1.90,0.00,0.00,1.00,1.00,0.00,1.00,1.00,0.00,0.00,0.00,0.00,0.00,0.00,0.00,0.00,0.00,1.00,0.00,0.00
204,0,20.300,0.98,1,-0.126667,0.132527,-0.983052,-0.266466,0.128247,-0.955274,-0.200,0.134,300.0,301.5,304.4,307.1,308.0,306.7,303.5,300.8,296.6,298.2,300.5,303.6,306.8,309.2,310.7,308.5,305.6,302.7,300.1,297.9,302.7,303.9,305.2,305.8,305.5,304.3,303.0,302.3,336.7,338.1,341.1,344.1,345.3,343.9,340.8,337.6,333.6,335.6,338.3,341.7,344.9,347.4,348.9,347.1,344.7,341.8,338.7,335.7,339.5,340.8,342.2,342.8,342.3,341.0,339.6,339.0,112.4,109.6,108.5,110.0,112.9,116.0,116.8,115.4,113.9,111.9,110.7,110.3,111.2,113.0,115.4,116.2,116.4,116.3,115.9,115.2,114.0,114.6,114.2,112.9,111.6,111.0,111.4,112.7,115.1,112.2,111.1,112.6,115.7,118.7,119.8,118.5,117.2,115.0,113.6,113.1,114.0,115.6,117.8,118.9,119.2,119.2,118.9,118.3,116.8,117.5,117.0,115.7,114.3,113.7,114.1,115.4,4.2,6.3,10.6,14.3,15.5,13.7,9.2,5.4,-0.6,1.7,5.0,9.3,13.8,17.2,19.4,16.3,12.2,8.0,4.3,1.3,8.1,9.7,11.6,12.5,12.0,10.3,8.5,7.6,53.6,55.6,59.8,63.9,65.4,63.4,59.1,54.8,49.5,52.1,55.7,60.3,64.8,68.5,70.8,68.1,64.4,60.4,56.2,52.3,57.5,59.3,61.2,62.0,61.4,59.6,57.7,56.9,-80.3,-84.4,-85.8,-83.6,-79.2,-74.8,-73.8,-75.9,-78.9,-81.3,-82.6,-82.9,-81.5,-79.1,-75.8,-74.5,-74.2,-74.4,-75.2,-76.6,-78.0,-77.1,-77.7,-79.4,-81.4,-82.3,-81.7,-79.9,-72.7,-76.9,-78.5,-76.5,-72.2,-68.0,-66.4,-68.1,-70.1,-72.9,-74.7,-75.4,-74.4,-72.6,-70.0,-68.1,-67.3,-67.1,-67.6,-68.4,-70.6,-69.7,-70.4,-72.2,-74.2,-75.0,-74.3,-72.5,579.1,579.5,578.9,577.7,576.5,576.3,576.7,577.9,584.1,581.3,578.3,576.4,576.0,576.5,577.4,576.3,575.5,576.0,578.0,580.9,578.6,578.1,577.9,578.0,578.5,579.1,579.3,579.1,551.2,552.3,553.2,553.5,552.8,551.7,550.7,550.7,552.2,551.2,550.4,550.5,552.2,554.8,557.4,554.4,551.6,549.9,549.7,550.8,552.1,552.2,552.6,553.1,553.4,553.3,552.9,552.4,36.8,-44.9,661.6,0.107,0.269,0.087,287.1,286.2,286.8,288.1,289.8,292.8,297.6,304.4,313.9,325.2,336.1,346.6,354.9,360.5,364.1,366.5,368.1,290.3,294.7,301.5,308.3,314.3,328.7,336.7,344.9,352.6,357.7,320.4,318.8,317.2,315.6,309.0,312.4,316.3,321.1,325.6,296.5,300.8,306.4,310.7,305.8,300.2,333.5,338.6,344.6,349.0,344.6,338.7,303.1,307.0,312.2,315.9,320.4,326.9,332.4,326.7,320.3,315.5,311.3,306.3,305.5,312.0,315.8,320.3,329.7,320.3,315.8,311.8,117.1,128.2,139.3,150.2,161.0,171.0,179.9,187.3,190.4,190.5,186.2,179.5,170.8,160.2,148.4,136.2,123.9,104.8,99.6,98.7,100.3,103.7,104.7,102.0,101.8,104.2,109.9,113.6,120.9,128.2,135.6,141.9,143.8,145.3,144.5,143.6,113.9,110.5,111.1,115.6,116.4,116.0,117.3,113.4,114.0,117.8,119.4,118.9,161.2,156.2,154.1,155.6,154.9,158.1,163.3,169.0,171.0,171.0,170.2,167.2,161.2,158.7,159.2,159.4,163.1,164.7,164.7,163.8,-17.3,-18.9,-17.9,-15.6,-12.7,-7.2,1.0,12.3,27.8,46.3,65.0,83.3,97.9,107.3,113.1,116.8,119.3,-11.4,-3.8,7.3,18.4,27.9,50.5,63.3,76.6,88.9,97.5,37.3,34.4,31.6,28.7,19.1,24.5,30.5,38.0,45.1,-0.8,6.2,15.4,22.5,14.5,5.3,58.9,66.9,76.3,83.6,76.3,67.0,9.9,16.0,24.1,29.9,36.8,47.3,56.8,47.3,37.1,29.5,22.8,15.0,13.9,23.9,29.8,36.8,52.3,37.0,29.8,23.7,-90.6,-71.4,-52.0,-33.1,-13.9,3.5,18.6,30.5,35.2,35.3,28.6,17.6,3.0,-14.9,-34.7,-55.1,-75.7,-108.1,-115.5,-115.4,-111.3,-105.0,-102.7,-106.8,-107.4,-103.7,-95.0,-88.4,-75.9,-63.9,-51.6,-43.2,-39.9,-37.4,-38.6,-40.1,-92.0,-96.8,-95.2,-87.4,-86.5,-87.7,-83.3,-89.4,-88.3,-82.4,-79.6,-80.4,-12.8,-20.5,-23.6,-21.2,-22.3,-17.3,-9.1,0.1,3.2,3.2,1.9,-2.8,-12.6,-16.4,-15.5,-15.1,-9.4,-6.8,-6.8,-8.3,712.2,713.6,715.5,717.3,715.0,707.7,696.9,681.2,670.3,670.5,677.5,685.8,689.7,690.0,688.0,685.6,684.6,687.7,679.4,670.2,661.4,656.1,651.4,650.5,651.7,653.1,655.7,651.7,644.9,638.2,631.5,651.4,646.7,643.2,643.2,644.1,681.2,675.2,670.9,668.0,671.3,675.5,657.7,655.8,654.7,656.4,654.2,655.3,668.0,653.7,646.6,644.0,642.8,646.6,654.0,649.7,648.0,649.6,652.2,658.1,663.8,649.4,646.2,645.1,653.2,648.2,649.6,652.4,0.614,0.053,0.240,0.090,319.901,141.151,-33.975,-13.047,-12.459,26.001,-6.983,-7.011,4.786,5.379,7.469,2.634,2.137,0.342,1.676,-0.448,0.313,-0.623,1.290,-1.929,0.564,1.192,0.729,0.760,-0.387,-0.858,0.762,-0.817,0.544,0.128,0.080,-0.069,0.143,-0.052,0.011,0.059,0.07,0.00,1.10,0.41,0.51,3.32,0.00,0.82,0.00,0.00,0.00,1.27,0.00,0.00,0.15,1.97,0.00,0.00,1.00,1.00,0.00,1.00,1.00,0.00,0.00,0.00,0.00,0.00,0.00,0.00,0.00,0.00,1.00,0.00,0.00
205,0,20.400,0.98,1,-0.132242,0.135337,-0.981935,-0.274289,0.131445,-0.952622,-0.207,0.137,299.4,300.9,303.9,306.5,307.4,306.1,302.9,300.2,296.1,297.6,300.0,303.1,306.2,308.6,310.1,307.9,305.1,302.1,299.5,297.4,302.1,303.3,304.6,305.2,304.9,303.7,302.4,301.8,336.0,337.4,340.4,343.4,344.5,343.2,340.2,336.9,333.0,334.9,337.6,341.0,344.2,346.6,348.2,346.4,344.0,341.1,338.0,335.1,338.8,340.1,341.5,342.1,341.5,340.2,338.9,338.3,112.1,109.3,108.3,109.7,112.7,115.8,116.5,115.1,113.6,111.7,110.5,110.1,111.0,112.8,115.2,116.0,116.1,116.0,115.6,114.9,113.7,114.3,113.9,112.7,111.4,110.8,111.2,112.4,114.8,111.9,110.8,112.2,115.4,118.3,119.4,118.2,116.9,114.7,113.3,112.8,113.7,115.2,117.4,118.5,118.9,118.8,118.5,118.0,116.5,117.1,116.7,115.4,114.0,113.4,113.8,115.1,3.5,5.6,9.8,13.6,14.8,12.9,8.4,4.6,-1.4,0.9,4.3,8.6,13.1,16.5,18.7,15.6,11.5,7.3,3.6,0.6,7.3,9.0,10.8,11.8,11.3,9.6,7.8,6.8,52.9,54.9,59.1,63.2,64.7,62.7,58.5,54.1,48.8,51.4,54.9,59.6,64.1,67.8,70.2,67.4,63.8,59.7,55.5,51.6,56.8,58.6,60.5,61.3,60.7,58.9,57.0,56.2,-81.3,-85.4,-86.7,-84.6,-80.2,-75.8,-74.8,-76.9,-79.8,-82.2,-83.6,-83.9,-82.5,-80.0,-76.7,-75.5,-75.2,-75.4,-76.2,-77.6,-79.0,-78.0,-78.6,-80.4,-82.3,-83.3,-82.7,-80.9,-73.5,-77.7,-79.3,-77.3,-73.0,-68.8,-67.2,-68.8,-70.8,-73.6,-75.5,-76.2,-75.2,-73.4,-70.7,-68.9,-68.1,-67.9,-68.3,-69.1,-71.3,-70.5,-71.2,-73.0,-74.9,-75.8,-75.1,-73.2,583.5,584.0,583.5,582.2,581.0,580.7,581.1,582.3,588.4,585.7,582.8,580.9,580.5,581.0,581.8,580.7,579.9,580.4,582.3,585.3,583.1,582.5,582.3,582.5,583.0,583.6,583.8,583.6,553.5,554.7,555.6,555.8,555.0,553.9,552.9,552.9,554.4,553.5,552.8,552.8,554.5,557.0,559.6,556.5,553.8,552.1,552.0,553.0,554.4,554.4,554.9,555.4,555.7,555.6,555.2,554.7,35.7,-45.0,660.7,0.116,0.282,0.085,286.8,285.8,286.4,287.8,289.4,292.5,297.2,303.9,313.3,324.4,335.3,345.8,354.4,360.2,363.9,366.3,367.9,289.8,294.2,300.8,307.6,313.6,327.9,336.0,344.2,351.8,357.0,319.6,318.0,316.4,314.7,308.2,311.7,315.6,320.4,325.0,296.0,300.2,305.8,310.1,305.2,299.7,332.9,337.9,343.8,348.3,343.9,338.1,302.2,306.0,311.4,315.2,319.9,326.7,332.6,326.6,319.9,314.9,310.5,305.4,304.6,311.2,315.1,319.8,329.9,319.9,315.1,311.0,116.9,128.0,139.1,149.9,160.7,170.7,179.7,187.3,190.6,190.7,186.4,179.7,171.1,160.4,148.6,136.1,123.6,104.7,99.5,98.5,100.0,103.4,104.3,101.6,101.4,103.9,109.5,113.3,120.6,127.8,135.3,141.6,143.5,145.0,144.2,143.3,113.7,110.2,110.9,115.3,116.1,115.7,117.0,113.1,113.6,117.4,119.0,118.5,160.7,155.8,153.7,155.3,154.6,157.7,163.0,169.5,171.7,171.7,170.8,167.5,160.9,158.3,158.9,159.1,162.9,165.4,165.4,164.4,-17.8,-19.4,-18.5,-16.2,-13.2,-7.8,0.3,11.5,26.7,44.9,63.4,81.8,96.5,106.4,112.3,116.0,118.5,-12.2,-4.7,6.2,17.1,26.6,49.3,62.0,75.1,87.4,95.9,35.9,33.1,30.3,27.4,17.9,23.2,29.2,36.8,44.0,-1.7,5.3,14.4,21.4,13.5,4.4,57.6,65.5,74.8,82.1,74.8,65.7,8.5,14.5,22.8,28.7,35.9,47.0,57.0,47.2,36.4,28.4,21.5,13.5,12.4,22.6,28.7,35.9,52.6,36.3,28.8,22.4,-90.6,-71.5,-52.3,-33.5,-14.5,3.0,18.3,30.6,35.4,35.6,28.8,17.9,3.5,-14.4,-34.3,-55.0,-75.8,-108.1,-115.5,-115.5,-111.6,-105.3,-102.9,-107.1,-107.6,-103.8,-95.1,-88.6,-76.2,-64.2,-52.0,-43.6,-40.3,-37.8,-39.0,-40.5,-92.2,-97.0,-95.4,-87.6,-86.8,-88.0,-83.5,-89.6,-88.5,-82.6,-79.9,-80.7,-13.5,-21.2,-24.2,-21.7,-22.7,-17.8,-9.6,0.7,4.3,4.3,2.9,-2.5,-13.2,-17.1,-16.0,-15.7,-9.7,-5.7,-5.7,-7.3,710.3,711.6,713.6,715.7,713.4,706.3,695.8,680.3,669.3,669.0,675.5,683.3,686.7,687.0,684.8,682.6,681.7,686.4,678.2,669.0,660.0,654.7,649.7,648.4,649.3,650.3,652.5,649.9,643.2,636.7,630.1,650.3,645.4,641.8,641.6,642.4,679.8,673.9,669.6,666.5,669.9,674.2,655.3,653.3,652.0,653.4,651.4,652.8,668.6,653.8,645.9,643.0,641.6,645.4,653.0,649.3,647.6,649.4,652.3,658.8,664.5,648.7,645.3,643.9,652.5,647.7,649.4,652.5,0.615,0.060,0.255,0.088,319.314,141.016,-38.827,-15.207,-7.995,25.120,-6.237,-7.407,5.217,6.055,8.253,3.519,1.676,0.309,2.092,-0.412,-0.757,-0.163,1.455,-1.929,0.479,0.942,0.483,0.539,-0.339,-0.730,0.797,-0.917,0.628,0.196,0.123,-0.045,0.113,-0.040,0.022,0.064,0.00,0.00,1.10,0.49,0.53,3.34,0.00,0.78,0.00,0.00,0.00,1.27,0.00,0.00,0.10,1.90,0.00,0.00,1.00,1.00,0.00,1.00,1.00,0.00,0.00,0.00,0.00,0.00,0.00,0.00,0.00,1.00,1.00,0.00,0.00
206,0,20.500,0.98,1,-0.132702,0.133790,-0.982085,-0.274590,0.129843,-0.952755,-0.207,0.135,299.4,300.9,303.9,306.6,307.4,306.1,302.9,300.2,296.0,297.6,300.0,303.1,306.2,308.6,310.1,307.9,305.1,302.1,299.5,297.4,302.1,303.3,304.6,305.2,304.9,303.7,302.4,301.8,336.0,337.4,340.4,343.4,344.6,343.2,340.2,336.9,333.0,334.9,337.6,341.0,344.2,346.7,348.2,346.5,344.0,341.1,338.0,335.1,338.8,340.1,341.5,342.1,341.6,340.3,338.9,338.3,112.1,109.3,108.3,109.7,112.6,115.7,116.4,115.0,113.6,111.6,110.4,110.0,110.9,112.7,115.1,115.9,116.0,115.9,115.5,114.8,113.7,114.3,113.8,112.6,111.3,110.7,111.1,112.4,114.8,111.8,110.7,112.2,115.3,118.3,119.4,118.1,116.9,114.7,113.2,112.7,113.6,115.2,117.4,118.4,118.8,118.8,118.5,118.0,116.4,117.1,116.6,115.3,113.9,113.3,113.8,115.1,3.4,5.6,9.8,13.6,14.8,12.9,8.4,4.6,-1.4,0.9,4.3,8.6,13.1,16.4,18.7,15.5,11.4,7.3,3.6,0.5,7.3,9.0,10.8,11.7,11.2,9.6,7.7,6.8,52.9,54.8,59.1,63.1,64.6,62.7,58.4,54.1,48.8,51.3,54.9,59.5,64.1,67.7,70.1,67.4,63.7,59.6,55.4,51.5,56.8,58.6,60.4,61.3,60.6,58.8,57.0,56.1,-81.3,-85.4,-86.7,-84.5,-80.1,-75.7,-74.7,-76.9,-79.8,-82.2,-83.5,-83.9,-82.5,-80.0,-76.7,-75.4,-75.2,-75.4,-76.1,-77.6,-78.9,-78.0,-78.6,-80.4,-82.3,-83.2,-82.6,-80.9,-73.5,-77.7,-79.2,-77.3,-72.9,-68.8,-67.2,-68.8,-70.8,-73.6,-75.5,-76.2,-75.2,-73.4,-70.7,-68.9,-68.0,-67.8,-68.3,-69.1,-71.3,-70.5,-71.2,-73.0,-74.9,-75.7,-75.1,-73.2,582.5,583.0,582.5,581.2,580.0,579.7,580.1,581.3,587.4,584.7,581.8,579.9,579.5,580.0,580.8,579.7,578.9,579.4,581.3,584.3,582.1,581.5,581.3,581.5,582.0,582.6,582.8,582.6,552.9,554.1,555.0,555.2,554.4,553.3,552.3,552.3,553.8,552.9,552.2,552.3,553.9,556.4,559.0,555.9,553.2,551.5,551.3,552.4,553.8,553.8,554.3,554.8,555.1,555.0,554.6,554.1,35.7,-45.0,660.6,0.116,0.282,0.086,286.8,285.9,286.4,287.8,289.4,292.5,297.1,303.8,313.1,324.2,335.1,345.7,354.2,360.1,363.8,366.3,367.9,289.8,294.2,300.8,307.6,313.5,328.0,336.0,344.2,351.8,356.9,319.6,318.0,316.4,314.7,308.2,311.6,315.5,320.4,324.9,296.0,300.2,305.8,310.1,305.2,299.7,332.9,337.9,343.9,348.3,343.9,338.1,302.1,306.0,311.3,315.2,319.8,326.7,332.6,326.6,319.9,314.8,310.4,305.3,304.6,311.2,315.1,319.7,329.9,319.8,315.0,310.9,116.9,128.0,139.1,149.9,160.7,170.7,179.8,187.3,190.6,190.7,186.5,179.8,171.2,160.6,148.7,136.2,123.7,104.6,99.4,98.5,100.0,103.4,104.3,101.6,101.4,103.9,109.5,113.3,120.6,127.9,135.4,141.6,143.5,145.0,144.2,143.3,113.6,110.2,110.8,115.3,116.1,115.6,117.0,113.0,113.6,117.4,118.9,118.5,160.7,155.8,153.7,155.3,154.6,157.8,163.0,169.5,171.8,171.7,170.8,167.5,160.9,158.3,158.9,159.1,163.0,165.5,165.5,164.5,-17.8,-19.4,-18.5,-16.2,-13.3,-7.8,0.2,11.3,26.4,44.6,63.1,81.5,96.3,106.2,112.1,115.9,118.4,-12.2,-4.7,6.2,17.1,26.5,49.3,62.0,75.1,87.3,95.8,35.9,33.0,30.2,27.3,17.8,23.1,29.2,36.8,44.0,-1.7,5.3,14.4,21.4,13.5,4.4,57.6,65.5,74.8,82.1,74.8,65.7,8.4,14.4,22.7,28.6,35.9,47.0,56.9,47.1,36.3,28.3,21.4,13.4,12.3,22.5,28.6,35.9,52.6,36.2,28.7,22.2,-90.6,-71.5,-52.3,-33.5,-14.5,3.0,18.3,30.6,35.5,35.6,29.0,18.1,3.7,-14.2,-34.1,-54.8,-75.6,-108.2,-115.6,-115.6,-111.6,-105.3,-102.9,-107.1,-107.6,-103.7,-95.0,-88.7,-76.2,-64.2,-51.9,-43.6,-40.3,-37.7,-38.9,-40.5,-92.3,-97.2,-95.5,-87.7,-86.9,-88.1,-83.5,-89.6,-88.5,-82.6,-79.9,-80.8,-13.6,-21.2,-24.1,-21.6,-22.7,-17.8,-9.5,0.8,4.4,4.4,2.9,-2.4,-13.2,-17.1,-16.0,-15.7,-9.7,-5.6,-5.6,-7.3,710.1,711.4,713.4,715.5,713.2,706.1,695.6,680.1,669.1,668.7,675.2,683.0,686.5,686.8,684.6,682.3,681.4,686.3,678.0,668.9,659.9,654.6,649.6,648.3,649.2,650.0,652.2,649.7,643.1,636.6,630.0,650.2,645.3,641.6,641.5,642.2,679.7,673.8,669.4,666.4,669.8,674.0,655.1,653.2,651.8,653.2,651.3,652.6,668.6,653.8,645.9,643.0,641.5,645.3,652.9,649.2,647.5,649.3,652.2,658.8,664.5,648.6,645.2,643.9,652.4,647.6,649.3,652.4,0.615,0.059,0.256,0.090,319.279,141.021,-39.499,-15.437,-7.806,25.175,-6.159,-6.999,5.232,6.257,8.365,3.518,1.743,0.413,2.139,-0.359,-0.830,-0.173,1.579,-1.909,0.531,0.950,0.492,0.521,-0.357,-0.681,0.790,-0.932,0.669,0.181,0.128,-0.042,0.117,-0.037,0.027,0.063,0.00,0.00,1.02,0.57,0.58,3.36,0.00,0.68,0.00,0.00,0.00,0.97,0.00,0.00,0.25,1.80,0.00,0.00,1.00,1.00,0.00,1.00,1.00,0.00,0.00,0.00,0.00,0.00,0.00,0.00,0.00,1.00,1.00,0.00,0.00
207,0,20.600,0.98,1,-0.135275,0.127623,-0.982554,-0.276512,0.122081,-0.953225,-0.210,0.128,300.9,302.4,305.4,308.0,308.9,307.6,304.4,301.7,297.5,299.1,301.5,304.6,307.7,310.0,311.6,309.4,306.6,303.6,301.0,298.9,303.6,304.8,306.1,306.7,306.4,305.2,303.9,303.3,337.3,338.6,341.7,344.6,345.8,344.5,341.4,338.2,334.2,336.2,338.8,342.3,345.5,347.9,349.4,347.7,345.3,342.4,339.3,336.4,340.1,341.4,342.7,343.3,342.8,341.5,340.2,339.6,110.9,108.1,107.1,108.5,111.5,114.5,115.2,113.9,112.5,110.5,109.3,108.8,109.7,111.5,113.9,114.7,114.8,114.7,114.4,113.7,112.5,113.1,112.7,111.5,110.2,109.6,110.0,111.2,113.6,110.6,109.5,111.0,114.1,117.0,118.1,116.9,115.6,113.5,112.0,111.5,112.4,114.0,116.2,117.2,117.6,117.6,117.2,116.7,115.2,115.9,115.4,114.1,112.7,112.1,112.6,113.9,5.6,7.8,12.0,15.8,16.9,15.1,10.6,6.8,0.8,3.0,6.4,10.8,15.3,18.6,20.8,17.7,13.6,9.5,5.7,2.7,9.5,11.1,13.0,13.9,13.4,11.7,9.9,9.0,54.7,56.6,60.9,65.0,66.5,64.5,60.3,55.9,50.6,53.2,56.7,61.4,65.9,69.5,71.9,69.2,65.5,61.5,57.3,53.4,58.6,60.4,62.3,63.1,62.5,60.7,58.8,58.0,-83.2,-87.3,-88.6,-86.5,-82.1,-77.7,-76.7,-78.8,-81.7,-84.1,-85.5,-85.8,-84.4,-81.9,-78.6,-77.4,-77.1,-77.3,-78.1,-79.4,-80.8,-79.9,-80.5,-82.3,-84.2,-85.1,-84.6,-82.8,-75.3,-79.5,-81.1,-79.1,-74.8,-70.6,-69.0,-70.6,-72.5,-75.4,-77.3,-78.0,-77.0,-75.2,-72.5,-70.7,-69.8,-69.7,-70.1,-70.9,-73.1,-72.3,-73.0,-74.8,-76.7,-77.6,-76.9,-75.0,584.4,585.0,584.5,583.3,582.0,581.6,582.0,583.2,589.3,586.6,583.8,581.9,581.5,582.0,582.8,581.6,580.8,581.3,583.2,586.2,584.0,583.4,583.2,583.5,584.0,584.6,584.8,584.5,554.0,555.2,556.2,556.4,555.6,554.4,553.4,553.4,554.9,554.0,553.3,553.4,555.0,557.6,560.1,557.1,554.3,552.6,552.4,553.5,554.9,555.0,555.4,555.9,556.3,556.2,555.8,555.2,37.8,-46.9,659.8,0.105,0.284,0.091,288.1,287.1,287.6,288.8,290.4,293.5,298.1,304.8,314.2,325.3,336.3,346.9,355.5,361.4,365.1,367.6,369.2,291.2,295.5,302.1,308.8,314.7,329.6,337.6,345.8,353.4,358.4,320.9,319.3,317.7,316.0,309.6,313.0,316.9,321.7,326.2,297.5,301.7,307.3,311.6,306.7,301.2,334.1,339.2,345.1,349.5,345.1,339.3,303.4,307.4,312.8,316.5,321.1,328.0,334.1,327.8,321.0,316.0,311.7,306.6,305.9,312.6,316.4,321.0,331.4,321.0,316.3,312.3,116.0,127.0,138.1,149.0,159.7,169.7,178.7,186.3,189.6,189.9,185.8,179.3,170.8,160.2,148.2,135.6,122.9,103.6,98.3,97.2,98.7,102.0,103.0,100.2,100.1,102.7,108.4,112.0,119.3,126.5,134.0,140.3,142.1,143.6,142.9,141.9,112.5,109.0,109.6,114.1,114.9,114.5,115.8,111.8,112.3,116.2,117.7,117.3,159.0,154.3,152.4,153.9,153.2,156.3,161.4,168.1,170.4,170.4,169.5,166.0,159.2,156.7,157.3,157.5,161.4,164.3,164.3,163.3,-15.5,-17.2,-16.4,-14.3,-11.5,-6.1,1.9,12.9,28.1,46.2,64.9,83.3,98.3,108.3,114.2,117.9,120.5,-9.8,-2.5,8.3,19.1,28.5,51.8,64.5,77.7,89.8,98.2,38.1,35.2,32.3,29.4,20.0,25.3,31.2,38.7,45.8,0.8,7.8,16.8,23.8,15.9,6.9,59.6,67.6,76.8,84.1,76.8,67.7,10.5,16.6,24.9,30.7,37.8,49.0,59.2,48.9,37.9,30.2,23.4,15.4,14.4,24.7,30.7,37.7,54.9,38.0,30.6,24.4,-92.3,-73.1,-53.9,-35.1,-16.1,1.2,16.4,28.7,33.7,34.1,27.8,17.3,3.0,-14.9,-34.9,-55.9,-76.9,-110.0,-117.6,-117.7,-113.8,-107.5,-105.1,-109.3,-109.6,-105.6,-96.8,-90.8,-78.3,-66.2,-54.0,-45.7,-42.4,-39.8,-41.0,-42.6,-94.1,-99.0,-97.4,-89.6,-88.8,-90.0,-85.4,-91.6,-90.5,-84.5,-81.8,-82.7,-16.3,-23.5,-26.2,-23.8,-24.8,-20.0,-12.1,-1.4,2.3,2.2,0.8,-4.8,-15.9,-19.5,-18.4,-18.1,-12.2,-7.4,-7.5,-9.1,710.2,711.1,712.5,714.3,711.7,704.4,693.7,677.9,666.9,666.6,673.6,681.6,685.3,685.8,684.0,681.8,681.0,686.4,678.4,669.3,660.2,654.6,649.1,648.1,649.1,650.0,652.3,649.4,642.6,635.8,629.1,649.1,644.2,640.5,640.4,641.2,679.3,673.6,669.3,666.3,669.5,673.7,654.8,653.0,651.6,652.9,650.9,652.3,668.0,653.2,645.1,642.2,640.8,644.5,652.1,647.9,646.1,647.9,650.8,657.6,664.0,647.6,644.2,642.9,651.7,646.6,648.2,651.4,0.616,0.044,0.255,0.094,320.587,139.827,-39.578,-15.956,-6.112,24.396,-5.802,-5.813,5.668,6.792,8.475,3.501,0.431,-0.259,1.978,-1.493,-0.023,-0.261,2.061,-1.694,-0.452,1.561,0.423,0.518,-0.278,-0.027,0.817,-0.756,0.636,0.128,0.141,-0.030,0.078,-0.030,0.020,0.074,0.00,0.00,1.06,0.39,0.60,3.53,0.00,0.57,0.00,0.00,0.00,0.71,0.00,0.03,0.43,1.56,0.00,0.00,1.00,1.00,0.00,1.00,1.00,0.00,0.00,0.00,0.00,0.00,1.00,0.00,0.00,1.00,1.00,0.00,0.00
208,0,20.700,0.98,1,-0.142764,0.115641,-0.982978,-0.282519,0.109157,-0.953031,-0.216,0.116,300.4,301.9,304.9,307.5,308.4,307.1,303.9,301.2,297.0,298.6,300.9,304.0,307.2,309.6,311.1,308.9,306.0,303.1,300.5,298.3,303.1,304.3,305.6,306.2,305.9,304.7,303.4,302.7,336.7,338.0,341.1,344.1,345.3,344.0,340.9,337.6,333.6,335.5,338.2,341.7,344.9,347.4,349.0,347.2,344.7,341.8,338.7,335.7,339.5,340.9,342.2,342.8,342.3,341.0,339.6,339.0,110.0,107.2,106.2,107.6,110.5,113.6,114.4,113.0,111.6,109.6,108.3,107.9,108.8,110.6,113.0,113.8,113.9,113.9,113.5,112.8,111.6,112.2,111.8,110.5,109.2,108.6,109.1,110.3,112.5,109.5,108.5,109.9,113.1,116.0,117.1,115.9,114.6,112.4,110.9,110.4,111.3,112.9,115.2,116.2,116.6,116.6,116.2,115.7,114.2,114.8,114.4,113.1,111.7,111.1,111.5,112.8,4.8,7.0,11.2,15.0,16.1,14.2,9.7,6.0,0.1,2.3,5.6,9.9,14.4,17.8,20.0,16.8,12.7,8.6,4.9,1.9,8.7,10.3,12.2,13.1,12.6,11.0,9.1,8.2,53.4,55.3,59.6,63.6,65.1,63.2,58.9,54.6,49.3,51.8,55.4,60.0,64.6,68.2,70.6,67.9,64.2,60.1,55.9,52.0,57.3,59.1,60.9,61.8,61.1,59.3,57.5,56.6,-83.9,-87.9,-89.3,-87.1,-82.7,-78.3,-77.3,-79.5,-82.3,-84.8,-86.2,-86.5,-85.1,-82.6,-79.3,-78.0,-77.8,-78.0,-78.7,-80.1,-81.5,-80.6,-81.2,-83.0,-84.9,-85.8,-85.2,-83.4,-75.9,-80.1,-81.7,-79.8,-75.4,-71.2,-69.7,-71.3,-73.2,-76.1,-78.0,-78.7,-77.7,-75.9,-73.1,-71.3,-70.5,-70.3,-70.8,-71.5,-73.8,-72.9,-73.6,-75.5,-77.4,-78.2,-77.5,-75.7,580.1,580.7,580.1,578.8,577.5,577.1,577.6,578.9,585.1,582.4,579.5,577.5,577.0,577.5,578.2,577.1,576.4,576.9,578.9,581.9,579.6,579.0,578.8,579.0,579.6,580.2,580.4,580.2,548.6,549.9,550.8,551.0,550.2,548.9,548.0,548.0,549.6,548.7,548.0,548.0,549.6,552.2,554.7,551.6,548.8,547.2,547.0,548.2,549.5,549.6,550.0,550.5,550.9,550.8,550.4,549.8,36.6,-48.6,658.1,0.086,0.291,0.098,287.9,286.8,287.2,288.3,289.8,292.8,297.4,303.9,313.3,324.4,335.7,346.5,355.4,361.5,365.3,367.8,369.4,290.6,294.9,301.4,308.1,314.0,328.7,337.0,345.4,353.2,358.5,320.2,318.5,316.8,315.0,308.7,312.1,315.9,320.8,325.3,296.9,301.2,306.8,311.1,306.2,300.6,333.5,338.6,344.6,349.1,344.6,338.8,302.6,306.5,311.9,315.6,320.2,327.2,333.5,326.9,320.0,315.0,310.8,305.8,304.9,311.6,315.5,320.1,330.8,320.0,315.3,311.3,115.3,126.2,137.3,148.1,158.7,168.6,177.4,184.8,188.0,188.4,184.8,178.7,170.5,159.9,147.8,135.1,122.2,103.0,97.7,96.7,98.1,101.3,102.2,99.5,99.4,102.1,108.0,111.0,118.3,125.5,133.0,139.3,141.2,142.6,141.9,140.9,111.6,108.1,108.7,113.2,114.0,113.6,114.8,110.7,111.3,115.2,116.7,116.3,157.7,153.2,151.4,152.9,152.2,155.2,160.1,166.1,168.0,168.0,167.1,164.0,157.9,155.7,156.3,156.5,160.0,162.0,161.9,161.0,-15.8,-17.7,-17.1,-15.2,-12.5,-7.3,0.6,11.5,26.5,44.6,63.6,82.4,98.0,108.3,114.4,118.1,120.8,-10.8,-3.5,7.3,18.0,27.3,50.4,63.4,76.9,89.4,98.2,36.8,33.8,30.8,27.7,18.6,23.8,29.6,37.2,44.4,-0.1,6.9,16.0,23.0,15.0,5.9,58.5,66.5,75.9,83.2,75.8,66.6,9.1,15.2,23.4,29.2,36.3,47.5,58.1,47.2,36.2,28.5,21.8,14.1,12.9,23.2,29.1,36.2,53.7,36.3,28.9,22.8,-93.6,-74.6,-55.4,-36.6,-17.9,-0.7,14.2,26.1,30.9,31.6,26.0,16.2,2.5,-15.3,-35.5,-56.6,-78.0,-111.2,-118.6,-118.6,-114.7,-108.4,-106.0,-110.2,-110.5,-106.4,-97.4,-92.2,-79.7,-67.6,-55.4,-47.1,-43.8,-41.3,-42.5,-44.0,-95.6,-100.6,-98.9,-91.1,-90.3,-91.4,-86.9,-93.1,-92.0,-86.0,-83.3,-84.2,-18.4,-25.2,-27.7,-25.3,-26.3,-21.7,-14.2,-4.6,-1.5,-1.6,-3.0,-8.0,-18.0,-21.0,-20.0,-19.7,-14.3,-11.1,-11.2,-12.8,711.3,711.6,712.5,713.8,710.9,703.4,691.8,674.9,663.5,663.2,671.0,679.6,684.0,685.0,683.5,681.3,680.5,687.5,679.0,669.6,660.1,653.8,647.7,646.7,647.9,649.0,651.7,648.4,641.3,634.3,627.3,647.7,642.5,638.6,638.6,639.4,679.6,673.8,669.3,666.1,669.2,673.6,653.9,652.1,650.6,651.7,649.7,651.2,666.4,651.4,643.3,640.2,638.6,642.3,649.7,644.5,642.3,644.3,647.4,655.0,662.2,645.6,642.1,640.6,649.1,643.1,644.9,648.3,0.617,0.024,0.264,0.101,319.943,138.746,-31.342,-17.716,-7.112,22.112,-6.111,-2.489,4.050,6.655,8.449,2.951,0.337,-0.347,1.423,-1.210,0.631,0.712,2.297,-1.643,-0.161,1.077,0.214,0.290,-0.291,0.314,0.607,-0.866,0.520,0.106,0.144,-0.035,0.113,-0.032,0.014,0.063,0.00,0.00,1.06,0.24,0.51,3.50,0.00,0.47,0.00,0.00,0.12,0.40,0.00,0.23,0.40,1.03,0.00,0.00,1.00,1.00,0.00,1.00,1.00,0.00,0.00,0.00,0.00,0.00,1.00,0.00,0.00,1.00,1.00,0.00,0.00
209,0,20.800,0.98,1,-0.138314,0.089853,-0.986304,-0.277739,0.083220,-0.957045,-0.211,0.089,300.7,302.1,305.0,307.7,308.6,307.3,304.2,301.5,297.4,298.9,301.2,304.2,307.3,309.7,311.3,309.1,306.3,303.4,300.8,298.7,303.4,304.6,305.8,306.5,306.1,304.9,303.7,303.0,336.7,338.1,341.1,344.1,345.2,343.9,340.9,337.6,333.7,335.6,338.2,341.7,344.9,347.3,348.9,347.1,344.7,341.8,338.7,335.8,339.5,340.8,342.2,342.8,342.2,340.9,339.6,339.0,109.2,106.4,105.4,106.7,109.6,112.7,113.4,112.1,110.8,108.8,107.5,107.0,107.9,109.6,112.0,112.8,113.0,113.0,112.7,112.0,110.7,111.3,110.9,109.6,108.4,107.8,108.2,109.5,111.2,108.2,107.1,108.6,111.7,114.6,115.7,114.5,113.2,111.1,109.6,109.1,110.0,111.5,113.7,114.8,115.1,115.1,114.8,114.3,112.8,113.4,113.0,111.7,110.3,109.7,110.2,111.4,5.3,7.4,11.6,15.4,16.6,14.8,10.3,6.5,0.6,2.7,6.0,10.3,14.8,18.2,20.5,17.3,13.2,9.1,5.4,2.4,9.2,10.8,12.7,13.6,13.1,11.4,9.6,8.7,54.0,56.0,60.2,64.3,65.8,63.8,59.6,55.2,50.0,52.5,56.0,60.7,65.2,68.9,71.3,68.6,64.9,60.8,56.6,52.7,58.0,59.7,61.6,62.5,61.8,60.0,58.2,57.3,-85.9,-90.0,-91.4,-89.3,-84.9,-80.5,-79.4,-81.5,-84.2,-86.7,-88.2,-88.6,-87.3,-84.9,-81.6,-80.3,-79.9,-80.0,-80.7,-82.0,-83.6,-82.7,-83.3,-85.1,-87.0,-87.9,-87.3,-85.5,-78.7,-82.9,-84.5,-82.6,-78.2,-74.0,-72.4,-74.1,-76.0,-78.8,-80.7,-81.4,-80.4,-78.7,-76.0,-74.2,-73.3,-73.1,-73.6,-74.3,-76.6,-75.7,-76.4,-78.3,-80.2,-81.0,-80.3,-78.5,586.0,586.5,586.0,584.7,583.3,582.9,583.4,584.7,591.0,588.3,585.4,583.4,582.8,583.2,584.0,582.9,582.2,582.8,584.8,587.8,585.5,584.9,584.6,584.9,585.4,586.0,586.3,586.0,555.3,556.5,557.4,557.5,556.7,555.6,554.6,554.7,556.3,555.3,554.5,554.6,556.2,558.7,561.2,558.2,555.5,553.9,553.7,554.8,556.1,556.2,556.6,557.1,557.4,557.4,557.0,556.5,37.1,-52.4,667.1,0.036,0.275,0.110,288.2,287.0,287.3,288.3,289.6,292.4,296.9,303.5,312.8,323.7,335.0,345.9,355.1,361.5,365.5,368.0,369.8,291.0,295.2,301.7,308.3,314.0,328.6,336.8,345.0,352.8,358.4,320.1,318.5,316.8,315.0,308.8,312.1,315.9,320.7,325.2,297.3,301.5,307.0,311.3,306.4,300.8,333.5,338.7,344.5,349.0,344.5,338.8,303.2,307.4,312.3,315.8,320.0,326.3,332.5,326.0,319.8,315.3,311.4,306.8,305.6,312.0,315.6,319.8,329.8,319.8,315.5,311.9,115.1,125.5,136.2,146.7,157.0,166.4,174.6,181.4,184.3,185.1,182.4,177.4,169.9,159.6,147.6,134.7,121.8,102.5,97.3,96.3,97.6,100.5,101.2,98.5,98.3,100.7,106.4,109.6,116.8,123.9,131.3,137.7,139.5,140.8,140.0,139.2,110.9,107.3,107.8,112.1,113.0,112.8,113.4,109.4,109.9,113.7,115.2,114.8,155.7,151.6,149.8,151.1,150.4,153.2,157.5,161.4,162.5,162.5,161.8,159.9,155.8,154.0,154.5,154.5,157.3,156.8,156.7,156.0,-15.6,-17.7,-17.2,-15.5,-13.1,-8.1,-0.2,10.8,25.9,43.9,63.3,82.7,99.2,110.4,117.2,121.1,124.2,-10.4,-3.0,7.9,18.6,27.8,51.2,64.3,77.8,90.5,99.9,37.5,34.4,31.3,28.2,19.1,24.2,30.1,37.7,44.9,0.5,7.5,16.7,23.8,15.7,6.5,59.7,67.9,77.3,84.7,77.1,67.9,10.2,16.8,24.5,29.9,36.5,46.8,57.3,46.3,36.2,29.1,23.0,15.9,14.0,24.1,29.6,36.3,52.7,36.3,29.5,23.9,-95.6,-77.0,-58.1,-39.6,-21.2,-4.5,9.6,20.7,25.1,26.4,22.3,14.2,1.5,-16.1,-36.7,-58.5,-80.5,-114.3,-121.7,-121.7,-117.9,-112.0,-109.8,-114.0,-114.5,-110.8,-101.9,-96.3,-83.6,-71.3,-59.0,-50.4,-47.2,-44.8,-46.1,-47.5,-98.7,-103.8,-102.3,-94.7,-93.6,-94.5,-90.9,-97.2,-96.1,-90.1,-87.3,-88.1,-21.9,-28.0,-30.7,-28.5,-29.6,-25.2,-18.5,-12.1,-10.3,-10.4,-11.5,-14.8,-21.7,-24.0,-23.2,-23.1,-18.8,-19.5,-19.6,-20.9,723.7,723.0,723.0,723.7,720.6,712.2,699.4,681.5,669.8,670.1,679.3,689.8,696.4,698.9,698.5,696.2,695.7,701.3,692.6,683.3,673.9,667.1,660.5,659.8,661.1,662.1,664.4,661.4,653.6,645.8,638.1,658.0,652.7,648.7,649.0,650.1,692.8,687.0,682.3,678.8,681.8,686.3,666.6,665.1,663.7,664.6,662.4,663.7,673.0,659.0,652.4,649.6,648.0,651.3,657.9,651.0,648.3,650.2,653.2,660.5,668.4,654.3,651.0,649.5,656.5,649.9,651.5,654.8,0.608,-0.028,0.245,0.110,319.933,136.870,-17.973,-23.556,-16.136,19.954,-7.658,3.618,3.727,7.303,6.969,1.112,0.116,0.938,1.000,-1.698,1.911,-0.372,1.355,-1.547,0.229,1.164,0.770,0.014,-0.340,0.006,0.489,-0.714,0.272,0.027,0.050,-0.071,0.139,-0.070,-0.015,0.044,0.00,0.00,1.11,0.09,0.42,3.51,0.01,0.56,0.00,0.00,0.35,0.44,0.00,0.46,0.22,0.53,0.00,0.00,1.00,1.00,0.00,1.00,1.00,0.00,0.00,0.00,0.00,0.00,1.00,0.00,0.00,0.00,0.00,0.00,0.00
210,0,20.900,0.98,1,-0.140130,0.077820,-0.987070,-0.283017,0.070790,-0.956499,-0.214,0.076,301.0,302.4,305.2,307.9,308.7,307.5,304.5,301.8,297.7,299.2,301.4,304.4,307.5,309.8,311.4,309.3,306.5,303.6,301.1,299.0,303.7,304.8,306.1,306.7,306.3,305.1,303.9,303.3,336.8,338.1,341.1,344.0,345.2,343.9,340.9,337.7,333.8,335.7,338.3,341.6,344.8,347.2,348.8,347.1,344.6,341.8,338.8,335.9,339.6,340.9,342.2,342.7,342.2,340.9,339.6,339.1,108.8,106.1,105.0,106.3,109.1,112.1,112.9,111.7,110.5,108.5,107.2,106.6,107.4,109.1,111.4,112.2,112.4,112.5,112.2,111.6,110.3,110.9,110.4,109.2,107.9,107.4,107.9,109.1,110.3,107.4,106.3,107.7,110.7,113.6,114.7,113.6,112.4,110.2,108.8,108.2,109.1,110.6,112.7,113.7,114.1,114.1,113.8,113.4,111.9,112.5,112.0,110.7,109.4,108.8,109.3,110.6,5.8,7.9,12.0,15.9,17.1,15.3,10.9,7.1,1.1,3.2,6.5,10.7,15.3,18.7,21.0,17.9,13.8,9.6,5.9,3.0,9.7,11.4,13.2,14.1,13.6,11.9,10.1,9.2,55.3,57.2,61.4,65.5,67.1,65.1,60.9,56.5,51.3,53.7,57.3,61.9,66.5,70.2,72.6,69.9,66.2,62.1,57.8,54.0,59.2,61.0,62.9,63.7,63.0,61.3,59.4,58.6,-88.0,-92.1,-93.6,-91.6,-87.2,-82.8,-81.6,-83.7,-86.3,-88.8,-90.3,-90.8,-89.6,-87.2,-83.9,-82.6,-82.2,-82.2,-82.9,-84.1,-85.8,-84.9,-85.5,-87.3,-89.2,-90.1,-89.5,-87.7,-81.5,-85.8,-87.4,-85.5,-81.2,-76.9,-75.3,-76.9,-78.8,-81.6,-83.6,-84.3,-83.4,-81.6,-79.0,-77.1,-76.2,-76.0,-76.4,-77.1,-79.4,-78.6,-79.3,-81.2,-83.1,-83.9,-83.2,-81.3,596.9,597.5,597.0,595.6,594.3,593.8,594.2,595.5,601.9,599.2,596.3,594.3,593.8,594.1,594.8,593.7,593.0,593.6,595.6,598.6,596.3,595.7,595.5,595.8,596.4,596.9,597.2,596.9,566.7,568.0,568.9,568.9,568.1,566.9,566.0,566.1,567.7,566.8,566.0,566.0,567.6,570.1,572.6,569.5,566.8,565.2,565.1,566.3,567.6,567.6,568.0,568.5,568.9,568.8,568.4,567.9,38.0,-55.1,674.9,0.014,0.280,0.109,288.6,287.4,287.7,288.6,289.9,292.7,297.3,303.9,313.1,324.1,335.5,346.6,355.8,362.1,366.0,368.3,370.1,291.3,295.6,302.0,308.4,314.1,328.8,336.7,344.7,352.3,358.0,320.3,318.7,317.0,315.3,309.2,312.4,316.2,320.9,325.4,297.6,301.7,307.2,311.4,306.5,301.1,333.7,338.7,344.4,348.9,344.5,338.8,303.5,307.9,312.7,316.1,320.4,326.6,332.9,326.3,320.1,315.6,311.8,307.4,305.9,312.4,315.9,320.2,330.2,320.1,315.8,312.3,115.0,125.3,135.7,146.1,156.2,165.3,173.0,179.2,181.8,182.7,180.4,176.0,168.8,158.8,146.8,134.0,121.2,102.4,97.2,96.2,97.3,99.9,100.5,97.8,97.5,99.7,105.1,108.8,116.0,123.1,130.4,136.8,138.4,139.7,138.9,138.0,110.5,107.0,107.3,111.5,112.5,112.4,112.5,108.5,109.0,112.7,114.2,113.9,154.1,150.3,148.6,149.8,149.0,151.7,155.6,158.7,159.4,159.4,158.9,157.4,154.1,152.6,153.1,153.0,155.4,154.0,154.0,153.4,-15.1,-17.2,-16.7,-15.1,-12.7,-7.6,0.5,11.6,26.7,44.9,64.7,84.6,101.5,112.8,119.4,123.1,126.1,-9.9,-2.4,8.5,19.2,28.4,52.2,65.1,78.3,90.9,100.5,38.2,35.2,32.1,28.9,19.9,25.0,30.9,38.5,45.8,1.1,8.1,17.2,24.3,16.1,7.0,60.8,68.8,78.2,85.6,78.1,68.9,10.9,17.8,25.4,30.8,37.6,47.7,58.6,47.2,37.1,29.9,23.9,16.9,14.7,24.9,30.5,37.3,53.9,37.2,30.4,24.8,-97.1,-78.5,-59.7,-41.1,-22.8,-6.5,6.8,17.1,21.2,22.6,19.2,11.9,-0.3,-17.7,-38.4,-60.4,-82.5,-116.0,-123.6,-123.7,-120.1,-114.6,-112.5,-116.7,-117.3,-113.9,-105.2,-98.9,-86.1,-73.7,-61.2,-52.7,-49.5,-47.2,-48.5,-50.0,-100.6,-105.8,-104.5,-97.0,-95.7,-96.5,-93.5,-99.8,-98.8,-92.8,-90.1,-90.8,-24.8,-30.5,-33.0,-30.9,-32.1,-28.0,-21.8,-16.7,-15.3,-15.4,-16.4,-18.9,-24.7,-26.5,-25.7,-25.7,-22.1,-24.1,-24.2,-25.3,733.6,732.5,732.2,732.5,729.0,719.7,705.8,686.9,675.1,675.5,685.2,696.3,703.6,706.6,706.5,704.4,704.2,710.9,702.4,693.3,683.9,676.9,670.1,669.1,670.0,670.5,672.0,670.7,662.8,654.9,647.0,666.6,661.0,656.9,657.1,658.0,701.9,696.2,691.4,687.8,690.6,695.2,675.3,673.8,672.3,672.9,670.8,672.2,680.4,666.8,660.5,657.6,656.0,659.0,665.1,657.7,654.7,656.5,659.6,667.1,675.7,661.9,658.6,657.1,663.5,656.7,658.3,661.8,0.600,-0.052,0.250,0.108,320.204,135.657,-14.291,-24.967,-19.235,14.467,-8.260,7.128,3.083,7.773,6.032,1.597,-0.408,1.681,1.356,-1.375,1.770,-0.377,0.927,-1.239,0.090,1.369,0.796,0.156,-0.327,-0.056,0.530,-0.735,0.241,-0.012,0.020,-0.061,0.129,-0.048,0.004,0.048,0.00,0.00,1.10,0.04,0.40,3.51,0.01,0.56,0.00,0.00,0.47,0.65,0.00,0.72,0.00,0.11,0.00,0.00,1.00,1.00,0.00,1.00,1.00,0.00,0.00,0.00,0.00,0.00,0.00,0.00,0.00,0.00,0.00,0.00,0.00
211,0,21.000,0.98,1,-0.132642,0.075094,-0.988315,-0.273064,0.070019,-0.959444,-0.205,0.074,302.8,304.1,307.0,309.6,310.5,309.4,306.3,303.7,299.5,301.0,303.2,306.1,309.3,311.6,313.2,311.1,308.3,305.4,302.9,300.8,305.5,306.6,307.9,308.5,308.1,306.9,305.7,305.1,338.3,339.5,342.5,345.4,346.6,345.4,342.4,339.2,335.3,337.2,339.7,343.1,346.2,348.6,350.2,348.5,346.1,343.3,340.3,337.4,341.1,342.3,343.6,344.2,343.6,342.4,341.1,340.5,108.7,105.9,104.8,106.0,108.9,111.9,112.7,111.5,110.4,108.4,107.1,106.5,107.2,108.9,111.1,112.0,112.2,112.2,112.0,111.5,110.1,110.7,110.2,109.0,107.7,107.2,107.7,108.9,109.8,106.9,105.8,107.1,110.1,113.0,114.1,113.0,111.9,109.7,108.2,107.7,108.5,110.0,112.1,113.1,113.5,113.5,113.2,112.9,111.3,111.9,111.4,110.2,108.8,108.3,108.7,110.0,8.4,10.5,14.6,18.5,19.7,18.0,13.6,9.7,3.8,5.8,9.1,13.4,17.9,21.3,23.7,20.6,16.5,12.3,8.6,5.6,12.4,14.1,15.9,16.8,16.2,14.5,12.7,11.8,57.7,59.5,63.7,67.9,69.4,67.6,63.4,58.9,53.6,56.1,59.6,64.2,68.8,72.5,75.0,72.3,68.6,64.5,60.3,56.4,61.6,63.4,65.3,66.1,65.4,63.6,61.8,60.9,-88.4,-92.6,-94.1,-92.1,-87.8,-83.3,-82.1,-84.1,-86.7,-89.2,-90.7,-91.3,-90.1,-87.7,-84.5,-83.2,-82.8,-82.8,-83.4,-84.6,-86.2,-85.4,-86.0,-87.8,-89.7,-90.6,-90.0,-88.1,-82.7,-87.0,-88.7,-86.8,-82.5,-78.3,-76.6,-78.1,-79.9,-82.8,-84.8,-85.5,-84.7,-83.0,-80.4,-78.5,-77.6,-77.3,-77.7,-78.3,-80.7,-79.9,-80.6,-82.5,-84.3,-85.2,-84.4,-82.6,598.2,598.8,598.3,597.0,595.6,595.1,595.5,596.8,603.2,600.5,597.6,595.7,595.1,595.5,596.2,595.1,594.3,594.9,596.9,599.9,597.6,597.1,596.8,597.1,597.7,598.3,598.5,598.2,569.9,571.2,572.1,572.3,571.5,570.2,569.3,569.3,570.9,569.9,569.2,569.3,570.9,573.5,576.0,572.9,570.1,568.5,568.3,569.5,570.8,570.9,571.3,571.8,572.2,572.1,571.7,571.2,41.5,-56.5,678.4,0.011,0.263,0.098,290.0,288.9,289.2,290.1,291.6,294.6,299.4,306.2,315.6,326.5,337.7,348.5,357.6,363.8,367.5,369.8,371.4,293.0,297.2,303.6,310.1,315.8,330.3,338.2,346.2,353.8,359.4,322.0,320.6,319.1,317.5,311.3,314.7,318.5,323.1,327.6,299.4,303.5,308.9,313.2,308.4,303.0,335.2,340.1,345.9,350.3,346.0,340.4,305.9,310.4,315.2,318.6,322.8,328.9,335.3,328.7,322.7,318.2,314.4,309.9,308.2,314.9,318.4,322.7,332.6,322.6,318.3,314.8,115.1,125.3,135.6,145.9,155.9,164.9,172.5,178.6,181.2,181.9,179.6,175.0,167.8,157.8,145.8,133.1,120.3,102.3,97.1,95.9,97.0,99.6,99.9,97.2,96.9,99.1,104.5,108.5,115.5,122.5,129.7,136.1,137.8,139.0,138.1,137.2,110.4,106.8,107.2,111.2,112.2,112.2,112.0,108.0,108.4,112.0,113.6,113.3,153.2,149.5,147.9,149.0,148.2,150.7,154.4,157.4,158.2,158.2,157.7,156.4,153.2,151.8,152.1,152.0,154.2,153.0,153.1,152.5,-12.6,-14.6,-14.1,-12.4,-9.7,-4.3,4.2,15.6,31.0,49.2,68.8,88.6,105.3,116.7,123.3,126.8,129.7,-7.1,0.3,11.3,22.1,31.4,55.0,68.0,81.4,94.1,103.8,41.4,38.6,35.6,32.7,23.5,28.8,34.7,42.3,49.6,4.2,11.2,20.3,27.5,19.4,10.2,63.7,71.8,81.1,88.6,81.1,71.9,14.9,22.0,29.5,35.0,41.7,51.9,62.8,51.5,41.4,34.2,28.3,21.2,18.7,29.1,34.7,41.6,58.2,41.4,34.6,29.0,-97.3,-78.8,-60.1,-41.7,-23.5,-7.3,6.0,16.2,20.2,21.5,17.9,10.4,-2.0,-19.5,-40.5,-62.6,-84.9,-116.7,-124.5,-124.8,-121.4,-115.9,-114.2,-118.6,-119.4,-115.9,-107.1,-100.2,-87.4,-75.1,-62.7,-53.9,-50.8,-48.6,-50.0,-51.6,-101.3,-106.6,-105.4,-98.0,-96.6,-97.3,-95.0,-101.4,-100.5,-94.7,-91.9,-92.5,-26.5,-31.9,-34.4,-32.4,-33.6,-29.8,-24.0,-18.8,-17.4,-17.4,-18.3,-20.8,-26.3,-28.1,-27.4,-27.5,-24.2,-25.8,-25.8,-26.9,737.4,735.9,735.3,735.4,731.8,722.7,709.0,690.3,679.0,679.7,689.9,701.5,709.2,712.7,713.2,711.3,711.3,714.6,706.2,697.2,687.9,681.0,674.3,673.8,675.2,676.3,678.3,675.0,666.8,658.5,650.4,669.9,664.4,660.4,660.9,662.2,705.4,699.8,695.2,691.9,694.4,698.7,680.1,678.8,677.5,678.4,676.0,677.2,683.8,670.1,664.1,661.3,659.9,663.2,669.8,661.7,658.2,659.8,662.7,670.2,679.2,665.3,662.2,660.9,668.0,660.4,661.9,665.1,0.597,-0.055,0.226,0.097,322.177,135.001,-11.529,-25.332,-18.057,14.982,-8.686,7.956,3.863,7.189,4.877,1.510,-1.123,1.461,0.613,-2.142,2.465,-1.210,0.623,-1.780,-0.037,1.311,0.703,0.135,-0.672,0.048,0.774,-0.696,0.207,0.015,-0.012,-0.070,0.073,-0.036,0.012,0.039,0.00,0.01,1.04,0.00,0.45,3.54,0.07,0.50,0.00,0.00,0.43,0.91,0.00,0.82,0.00,0.00,0.00,0.00,1.00,1.00,0.00,1.00,1.00,0.00,0.00,0.00,0.00,0.00,0.00,0.00,0.00,0.00,0.00,0.00,0.00
212,0,21.100,0.98,1,-0.118868,0.069104,-0.990502,-0.261432,0.064653,-0.963054,-0.192,0.068,304.4,305.7,308.6,311.3,312.2,311.0,308.0,305.3,301.1,302.5,304.8,307.8,310.9,313.3,314.9,312.8,310.0,307.1,304.5,302.4,307.1,308.3,309.5,310.1,309.7,308.5,307.3,306.7,340.0,341.2,344.1,347.0,348.3,347.1,344.1,341.0,337.0,338.8,341.4,344.7,347.9,350.3,351.8,350.2,347.8,345.0,342.0,339.1,342.7,344.0,345.3,345.8,345.3,344.0,342.7,342.2,109.0,106.2,105.1,106.3,109.1,112.2,113.0,111.8,110.7,108.7,107.4,106.8,107.5,109.2,111.4,112.2,112.4,112.5,112.3,111.8,110.4,111.0,110.5,109.3,108.0,107.5,108.0,109.2,109.9,107.0,105.8,107.2,110.2,113.1,114.2,113.1,112.0,109.8,108.4,107.8,108.6,110.0,112.1,113.1,113.5,113.5,113.3,113.0,111.4,112.0,111.5,110.2,108.9,108.3,108.8,110.1,10.8,12.8,17.0,20.8,22.1,20.4,16.0,12.1,6.0,8.1,11.4,15.7,20.2,23.7,26.1,23.0,18.9,14.7,11.0,8.0,14.7,16.4,18.3,19.1,18.6,16.9,15.0,14.2,59.9,61.8,66.0,70.1,71.7,69.9,65.7,61.3,55.9,58.4,61.9,66.5,71.1,74.8,77.3,74.6,71.0,66.9,62.6,58.7,63.9,65.7,67.6,68.4,67.7,65.9,64.0,63.2,-87.8,-92.0,-93.5,-91.5,-87.2,-82.7,-81.5,-83.5,-86.0,-88.5,-90.0,-90.6,-89.4,-87.1,-84.0,-82.6,-82.2,-82.2,-82.8,-83.9,-85.6,-84.7,-85.4,-87.2,-89.1,-90.0,-89.3,-87.5,-82.5,-86.8,-88.5,-86.7,-82.4,-78.1,-76.4,-77.9,-79.7,-82.5,-84.5,-85.3,-84.5,-82.8,-80.3,-78.4,-77.5,-77.2,-77.5,-78.1,-80.5,-79.7,-80.4,-82.3,-84.2,-85.0,-84.2,-82.4,596.8,597.5,597.1,595.8,594.4,593.9,594.2,595.5,601.7,599.1,596.3,594.4,593.9,594.3,595.0,593.8,593.0,593.6,595.5,598.5,596.3,595.8,595.6,595.9,596.5,597.0,597.2,596.9,569.4,570.7,571.8,571.9,571.1,569.8,568.8,568.8,570.3,569.4,568.8,568.9,570.6,573.1,575.7,572.5,569.8,568.1,567.8,568.9,570.3,570.4,570.9,571.4,571.8,571.7,571.3,570.7,44.8,-57.0,682.5,0.006,0.244,0.094,291.2,290.1,290.3,291.2,292.7,295.9,301.0,308.1,317.6,328.4,339.5,350.1,359.0,365.1,368.8,371.0,372.6,294.4,298.7,305.2,311.8,317.5,332.1,339.9,347.9,355.5,361.1,323.9,322.6,321.2,319.8,313.3,316.7,320.6,325.3,329.7,301.0,305.1,310.6,314.9,310.0,304.6,336.9,341.8,347.5,352.0,347.7,342.1,307.6,312.4,317.3,320.8,325.0,331.2,337.6,331.0,324.9,320.4,316.6,311.9,310.0,317.0,320.6,324.9,334.9,324.8,320.5,316.9,115.7,125.7,135.9,146.1,155.9,164.8,172.2,178.2,180.6,181.3,179.0,174.4,167.3,157.3,145.5,132.8,120.2,102.8,97.5,96.3,97.2,99.7,99.9,97.2,96.9,99.2,104.6,108.6,115.6,122.5,129.6,136.1,137.7,138.9,138.0,137.1,110.7,107.2,107.5,111.5,112.5,112.4,112.1,108.1,108.5,112.1,113.6,113.3,152.8,149.3,147.7,148.8,148.0,150.3,153.9,156.8,157.6,157.6,157.2,155.9,152.8,151.5,151.8,151.7,153.7,152.6,152.6,152.1,-10.5,-12.5,-12.1,-10.5,-7.7,-2.0,7.0,18.8,34.4,52.7,72.3,91.9,108.6,120.0,126.7,130.3,133.2,-4.6,2.9,14.0,25.0,34.5,58.4,71.5,85.0,97.8,107.6,44.8,42.1,39.4,36.6,26.9,32.3,38.5,46.2,53.5,6.9,14.0,23.3,30.6,22.3,13.1,67.0,75.2,84.6,92.2,84.6,75.4,17.9,25.4,33.2,38.8,45.6,55.9,67.1,55.5,45.3,38.0,31.9,24.6,21.7,32.8,38.5,45.5,62.6,45.3,38.3,32.6,-96.7,-78.4,-59.8,-41.5,-23.5,-7.5,5.6,15.6,19.4,20.6,16.9,9.4,-3.0,-20.6,-41.5,-63.7,-86.0,-116.6,-124.4,-125.0,-121.8,-116.4,-115.0,-119.5,-120.3,-116.8,-108.1,-100.6,-87.9,-75.6,-63.3,-54.4,-51.3,-49.1,-50.5,-52.2,-101.3,-106.6,-105.5,-98.2,-96.8,-97.4,-95.6,-102.0,-101.2,-95.4,-92.6,-93.1,-27.4,-32.6,-34.9,-33.0,-34.2,-30.6,-25.1,-19.9,-18.5,-18.5,-19.3,-21.7,-27.2,-28.8,-28.0,-28.2,-25.2,-26.8,-26.7,-27.8,740.9,739.1,738.1,738.2,734.8,726.1,712.6,694.0,682.9,684.0,694.7,706.8,715.0,719.1,720.0,718.5,719.1,718.5,710.3,701.5,692.3,685.5,679.3,679.3,681.2,682.6,684.8,679.8,671.4,662.9,654.6,674.0,668.5,664.6,665.3,666.9,709.3,703.8,699.4,696.2,698.5,702.6,685.3,684.3,683.2,684.3,681.6,682.5,688.2,674.6,668.4,665.7,664.4,668.1,675.2,666.4,662.4,663.8,666.6,674.3,683.8,669.6,666.5,665.4,673.4,664.7,666.0,669.2,0.593,-0.060,0.200,0.092,323.968,134.885,-10.298,-26.119,-16.758,13.747,-8.236,8.519,2.610,6.035,3.841,2.374,-1.229,1.998,0.531,-2.233,2.519,-1.192,0.719,-1.755,-0.078,1.309,0.735,-0.067,-0.910,0.059,0.738,-0.596,0.184,0.016,-0.029,-0.078,0.058,-0.033,0.010,0.045,0.00,0.01,0.90,0.00,0.46,3.65,0.05,0.31,0.00,0.00,0.20,0.77,0.00,0.74,0.00,0.35,0.00,0.00,1.00,1.00,0.00,1.00,1.00,0.00,0.00,0.00,0.00,0.00,0.00,0.00,0.00,0.00,0.00,0.00,0.00
213,0,21.200,0.98,1,-0.080788,0.066988,-0.994478,-0.219575,0.065002,-0.973428,-0.151,0.067,308.3,309.6,312.5,315.3,316.2,315.1,312.0,309.3,304.9,306.4,308.7,311.8,314.9,317.3,319.0,316.9,314.1,311.2,308.5,306.3,311.1,312.3,313.5,314.1,313.7,312.5,311.2,310.6,343.9,345.0,347.9,350.8,352.0,350.9,348.0,344.9,340.9,342.8,345.3,348.6,351.7,354.0,355.4,353.9,351.6,348.9,345.9,343.1,346.6,347.9,349.1,349.6,349.1,347.8,346.6,346.0,109.2,106.4,105.2,106.4,109.3,112.4,113.2,112.0,110.9,108.9,107.6,107.0,107.7,109.3,111.5,112.4,112.6,112.7,112.5,112.0,110.6,111.1,110.7,109.4,108.2,107.6,108.1,109.4,110.0,107.1,106.0,107.3,110.3,113.2,114.3,113.2,112.1,110.0,108.5,108.0,108.7,110.2,112.2,113.3,113.7,113.7,113.4,113.1,111.6,112.1,111.6,110.4,109.1,108.5,109.0,110.3,16.4,18.3,22.5,26.4,27.8,26.2,21.7,17.8,11.5,13.7,17.0,21.3,25.9,29.4,31.8,28.7,24.6,20.4,16.7,13.5,20.4,22.1,23.9,24.8,24.2,22.4,20.6,19.8,65.8,67.6,71.8,76.0,77.6,75.8,71.6,67.2,61.8,64.3,67.9,72.5,77.1,80.7,83.1,80.5,76.9,72.9,68.6,64.7,69.8,71.6,73.5,74.2,73.5,71.7,69.9,69.1,-86.7,-90.9,-92.5,-90.6,-86.3,-81.8,-80.5,-82.4,-84.9,-87.4,-88.9,-89.6,-88.5,-86.2,-83.2,-81.8,-81.3,-81.2,-81.7,-82.9,-84.6,-83.8,-84.5,-86.3,-88.2,-89.0,-88.3,-86.5,-82.9,-87.1,-88.9,-87.1,-82.8,-78.5,-76.8,-78.3,-80.1,-82.9,-84.9,-85.7,-84.9,-83.3,-80.7,-78.9,-77.9,-77.6,-77.9,-78.5,-80.9,-80.1,-80.8,-82.7,-84.6,-85.4,-84.6,-82.8,591.7,592.5,592.2,591.1,589.8,589.2,589.3,590.4,596.5,593.9,591.2,589.5,589.2,589.7,590.6,589.2,588.3,588.6,590.4,593.3,591.4,590.9,590.8,591.1,591.7,592.2,592.3,592.0,573.4,574.7,575.9,576.3,575.6,574.3,573.1,572.9,574.1,573.3,572.8,573.2,575.0,577.8,580.4,577.2,574.3,572.4,572.0,572.9,574.5,574.7,575.2,575.8,576.1,575.9,575.4,574.8,52.3,-56.8,688.0,0.003,0.184,0.082,294.0,293.1,293.5,294.6,296.3,299.8,305.0,312.4,322.1,332.6,342.9,352.6,360.8,366.4,370.0,372.1,373.5,297.9,302.3,309.1,316.1,322.2,336.7,344.3,351.9,359.1,364.1,328.8,327.9,327.0,326.0,318.7,322.3,326.2,330.8,335.0,304.8,309.0,314.6,319.0,314.1,308.6,340.8,345.7,351.3,355.6,351.5,346.0,312.3,317.4,322.5,326.1,330.4,336.2,341.6,335.9,330.2,325.6,321.6,316.7,314.8,322.1,325.9,330.2,339.2,330.1,325.7,321.9,115.9,126.3,136.9,147.4,157.3,166.2,173.6,179.5,181.9,182.4,179.6,174.3,166.6,156.3,144.4,131.8,119.2,103.0,97.5,95.9,96.7,99.2,99.5,96.9,96.6,98.9,104.4,108.5,115.5,122.5,129.7,136.4,137.9,139.1,138.3,137.4,111.0,107.4,107.7,111.6,112.6,112.7,112.2,108.3,108.7,112.2,113.7,113.5,153.8,149.8,148.0,149.2,148.4,150.9,154.9,158.5,159.5,159.5,159.0,157.3,153.8,152.1,152.5,152.4,154.8,154.1,154.1,153.5,-5.5,-7.1,-6.3,-4.3,-1.2,5.0,14.0,26.4,42.3,60.4,78.9,97.5,113.1,123.9,130.3,134.0,136.5,1.6,9.3,21.0,32.6,42.6,67.0,79.8,93.0,105.6,114.5,53.5,51.4,49.3,47.0,36.2,41.8,48.1,55.7,62.8,13.6,20.8,30.3,37.8,29.5,20.0,74.5,82.7,92.2,99.6,92.4,83.0,25.9,33.9,42.1,47.9,54.9,64.8,74.7,64.3,54.5,47.0,40.5,32.7,30.0,41.6,47.6,54.7,70.3,54.4,47.3,41.2,-96.4,-77.3,-58.0,-39.2,-21.0,-5.0,8.1,17.9,21.7,22.7,18.2,9.3,-4.3,-22.6,-43.9,-66.4,-88.9,-116.3,-124.9,-126.3,-123.5,-118.3,-117.1,-121.8,-122.7,-119.1,-110.2,-101.8,-88.8,-76.3,-63.7,-54.3,-51.4,-49.1,-50.6,-52.3,-101.2,-106.7,-105.7,-98.6,-97.0,-97.4,-96.5,-103.0,-102.3,-96.6,-93.6,-94.0,-25.7,-31.9,-34.7,-32.6,-33.9,-29.9,-23.6,-17.3,-15.5,-15.5,-16.5,-19.4,-25.6,-28.0,-27.2,-27.3,-23.7,-24.6,-24.5,-25.6,740.3,739.1,738.8,739.2,735.3,726.9,714.8,698.4,688.8,691.0,702.2,715.0,723.4,727.8,729.0,727.8,728.5,719.8,712.9,705.2,697.3,691.7,688.3,689.0,691.7,693.7,696.1,686.9,678.1,669.5,661.0,679.3,674.2,670.8,672.1,674.2,711.3,706.6,703.0,700.3,702.1,705.3,693.5,693.0,692.5,694.1,691.0,691.4,691.3,679.2,673.7,671.4,670.8,675.0,682.3,673.8,669.8,670.5,672.9,679.2,687.2,675.2,672.5,672.1,680.4,671.9,672.5,675.2,0.588,-0.057,0.125,0.080,328.174,135.316,-22.763,-21.407,-17.992,22.019,-9.031,6.245,3.667,4.112,3.172,2.397,-1.936,1.962,2.200,-1.075,1.803,-1.732,0.990,-3.119,-0.536,0.319,0.030,-0.499,-0.288,0.446,0.463,-0.845,0.157,0.157,-0.053,-0.026,0.076,-0.046,-0.006,0.048,0.05,0.01,0.83,0.00,0.44,3.62,0.09,0.12,0.00,0.00,0.07,0.57,0.00,0.45,0.00,0.58,0.00,0.00,1.00,1.00,0.00,1.00,1.00,0.00,0.00,0.00,0.00,0.00,0.00,0.00,0.00,0.00,0.00,0.00,0.00
214,0,21.300,0.98,1,-0.084633,0.074463,-0.993626,-0.227153,0.070289,-0.971319,-0.157,0.074,308.5,309.8,312.7,315.4,316.4,315.3,312.2,309.5,305.1,306.6,308.9,311.9,315.1,317.4,319.1,317.0,314.2,311.4,308.7,306.5,311.3,312.4,313.7,314.3,313.8,312.6,311.4,310.8,344.6,345.8,348.7,351.5,352.7,351.6,348.7,345.6,341.7,343.5,346.1,349.3,352.4,354.7,356.1,354.6,352.3,349.6,346.7,343.8,347.3,348.6,349.8,350.3,349.8,348.6,347.3,346.8,109.1,106.3,105.2,106.4,109.2,112.2,113.1,111.9,110.8,108.9,107.5,106.9,107.6,109.2,111.4,112.2,112.5,112.6,112.4,111.9,110.5,111.0,110.5,109.3,108.1,107.6,108.1,109.3,109.9,107.0,105.9,107.3,110.2,113.1,114.2,113.1,111.9,109.9,108.4,107.9,108.7,110.1,112.1,113.1,113.5,113.6,113.3,112.9,111.4,112.0,111.5,110.3,109.0,108.4,108.9,110.1,16.9,18.8,23.0,26.9,28.3,26.7,22.2,18.3,12.0,14.1,17.4,21.8,26.4,29.9,32.3,29.2,25.1,20.9,17.1,14.0,20.9,22.6,24.4,25.3,24.6,22.9,21.1,20.2,67.7,69.5,73.7,77.8,79.5,77.6,73.4,69.0,63.6,66.1,69.7,74.3,78.9,82.5,85.0,82.3,78.7,74.6,70.4,66.4,71.6,73.4,75.3,76.1,75.4,73.6,71.7,70.9,-87.8,-92.0,-93.6,-91.7,-87.4,-82.9,-81.6,-83.5,-85.9,-88.4,-90.0,-90.6,-89.6,-87.4,-84.3,-82.8,-82.4,-82.2,-82.7,-83.9,-85.7,-84.8,-85.5,-87.4,-89.3,-90.1,-89.4,-87.5,-84.0,-88.3,-90.0,-88.2,-83.8,-79.6,-77.9,-79.4,-81.2,-84.0,-86.0,-86.8,-85.9,-84.3,-81.8,-79.9,-78.9,-78.6,-79.0,-79.6,-82.0,-81.2,-81.9,-83.8,-85.7,-86.5,-85.7,-83.9,598.0,598.7,598.4,597.3,596.1,595.5,595.6,596.7,602.7,600.1,597.4,595.7,595.4,596.0,596.8,595.5,594.6,594.9,596.7,599.5,597.6,597.2,597.0,597.4,597.9,598.4,598.5,598.2,579.9,581.1,582.3,582.6,581.9,580.7,579.5,579.3,580.6,579.8,579.2,579.5,581.3,584.1,586.7,583.5,580.6,578.8,578.4,579.4,580.9,581.1,581.6,582.1,582.4,582.3,581.8,581.2,53.5,-57.1,687.7,0.004,0.207,0.058,293.8,293.3,294.0,295.2,297.3,301.3,306.8,314.4,324.4,335.6,346.2,355.9,363.2,367.8,370.5,372.2,373.2,298.0,302.7,309.6,316.5,322.7,337.7,345.2,352.7,359.7,364.5,329.6,328.6,327.7,326.6,319.4,323.0,326.9,331.4,335.5,305.0,309.2,314.8,319.1,314.3,308.8,341.6,346.4,352.1,356.2,352.2,346.7,312.8,317.8,323.0,326.6,330.9,336.6,342.1,336.3,330.6,326.0,322.0,317.1,315.1,322.7,326.4,330.8,339.5,330.6,326.2,322.4,116.5,127.6,138.7,149.5,159.5,168.1,174.8,179.9,181.6,181.5,177.7,171.6,163.2,152.8,141.4,129.5,117.8,102.8,97.4,95.7,96.5,99.0,99.4,96.9,96.6,98.6,103.9,108.3,115.2,122.1,129.3,136.3,137.7,138.9,138.1,137.1,110.9,107.4,107.6,111.4,112.5,112.6,112.0,108.3,108.6,112.1,113.6,113.4,154.0,149.8,147.9,149.1,148.3,150.8,154.8,158.4,159.4,159.4,159.0,157.4,153.9,152.1,152.5,152.4,154.7,153.9,154.0,153.5,-5.8,-6.8,-5.5,-3.2,0.6,7.6,17.2,29.7,46.1,65.3,84.6,102.8,116.7,125.3,130.1,132.9,134.9,1.8,9.9,21.7,33.3,43.5,68.7,81.4,94.3,106.4,114.9,54.9,52.5,50.3,48.0,37.2,42.9,49.1,56.5,63.5,13.9,21.2,30.6,37.9,29.6,20.3,75.8,83.9,93.3,100.6,93.4,84.1,26.7,34.6,42.9,48.7,55.7,65.5,75.2,64.9,55.1,47.6,41.1,33.3,30.5,42.5,48.5,55.6,70.7,55.3,48.1,42.0,-95.7,-75.4,-55.0,-35.5,-17.1,-1.6,10.2,18.6,21.3,21.1,14.9,4.5,-10.2,-28.7,-48.9,-69.8,-90.7,-116.5,-125.0,-126.6,-123.8,-118.5,-117.3,-121.7,-122.6,-119.4,-110.9,-102.1,-89.3,-76.8,-64.4,-54.4,-51.6,-49.4,-50.8,-52.7,-101.1,-106.6,-105.7,-98.8,-97.0,-97.4,-96.8,-103.0,-102.3,-96.6,-93.7,-94.2,-25.3,-31.9,-34.7,-32.7,-34.0,-30.0,-23.6,-17.5,-15.8,-15.7,-16.5,-19.3,-25.4,-27.9,-27.2,-27.3,-23.8,-24.8,-24.6,-25.6,743.0,742.5,742.4,741.9,736.7,726.9,713.3,696.4,687.0,689.7,700.8,712.3,719.4,722.1,722.4,721.4,722.5,718.8,712.1,704.6,696.7,691.0,688.0,688.8,691.1,692.7,694.8,686.1,677.6,669.1,660.8,678.5,673.9,670.7,671.6,673.4,710.0,705.4,701.9,699.4,701.0,704.3,693.0,692.2,691.6,693.2,690.3,690.8,690.3,678.7,673.2,671.1,670.8,674.7,681.3,673.4,669.7,670.0,672.2,678.4,686.5,674.4,672.0,671.9,679.5,671.7,671.9,674.3,0.588,-0.057,0.155,0.056,328.895,135.111,-26.455,-7.042,-20.899,17.043,-7.812,3.935,-0.258,-0.233,2.985,3.527,1.130,0.755,2.569,-1.698,1.484,-1.288,1.025,-2.326,-0.639,0.793,0.441,0.031,-0.524,0.112,0.611,-0.787,0.084,0.107,-0.056,-0.043,0.068,-0.037,-0.006,0.068,0.13,0.00,0.90,0.06,0.45,3.71,0.09,0.01,0.02,0.00,0.05,0.39,0.00,0.16,0.00,0.88,0.00,0.00,1.00,1.00,0.00,1.00,1.00,0.00,0.00,0.00,0.00,0.00,0.00,0.00,0.00,0.00,0.00,0.00,0.00
215,0,21.400,0.98,1,-0.093848,0.097457,-0.990805,-0.236261,0.090251,-0.967489,-0.167,0.096,309.8,311.2,314.1,316.8,317.7,316.5,313.5,310.8,306.4,308.0,310.3,313.3,316.4,318.8,320.3,318.3,315.5,312.6,310.0,307.8,312.5,313.7,315.0,315.6,315.2,314.0,312.7,312.1,345.9,347.2,350.1,352.9,354.0,352.8,349.9,346.8,343.0,344.9,347.4,350.7,353.7,356.0,357.4,355.8,353.5,350.8,347.9,345.1,348.6,349.9,351.1,351.7,351.2,349.9,348.7,348.1,109.1,106.3,105.2,106.5,109.3,112.3,113.2,111.9,110.7,108.7,107.5,106.9,107.7,109.4,111.6,112.4,112.6,112.6,112.4,111.8,110.5,111.1,110.6,109.4,108.2,107.6,108.1,109.3,110.7,107.8,106.8,108.2,111.1,114.0,115.0,113.9,112.6,110.6,109.2,108.8,109.6,111.1,113.1,114.1,114.5,114.5,114.1,113.7,112.2,112.8,112.4,111.1,109.8,109.2,109.7,110.9,18.9,20.9,25.1,29.0,30.3,28.6,24.1,20.2,13.9,16.2,19.5,23.9,28.4,31.8,34.2,31.1,27.0,22.8,19.0,16.0,22.8,24.5,26.3,27.2,26.7,24.9,23.1,22.2,69.7,71.6,75.9,80.0,81.5,79.6,75.3,70.9,65.6,68.2,71.7,76.4,81.0,84.6,87.0,84.3,80.6,76.5,72.3,68.4,73.6,75.4,77.3,78.1,77.5,75.7,73.8,73.0,-88.0,-92.1,-93.7,-91.7,-87.3,-82.8,-81.6,-83.6,-86.2,-88.7,-90.2,-90.7,-89.6,-87.3,-84.1,-82.7,-82.3,-82.3,-82.9,-84.1,-85.8,-84.9,-85.6,-87.4,-89.3,-90.2,-89.5,-87.7,-83.1,-87.3,-89.0,-87.0,-82.7,-78.5,-76.9,-78.5,-80.4,-83.2,-85.1,-85.8,-84.8,-83.1,-80.5,-78.7,-77.8,-77.6,-78.0,-78.7,-81.0,-80.2,-80.9,-82.7,-84.6,-85.5,-84.7,-82.9,598.9,599.6,599.3,598.2,597.0,596.4,596.6,597.6,603.6,601.0,598.3,596.6,596.3,596.9,597.8,596.5,595.5,595.9,597.6,600.5,598.6,598.1,598.0,598.3,598.8,599.3,599.4,599.1,581.3,582.5,583.6,583.9,583.3,582.0,580.9,580.8,582.1,581.2,580.6,580.9,582.7,585.4,588.0,584.9,582.0,580.2,579.9,580.8,582.3,582.5,582.9,583.5,583.8,583.6,583.2,582.6,54.8,-55.2,680.6,0.034,0.225,0.059,294.8,294.3,295.0,296.2,298.3,302.3,307.9,315.5,325.8,337.5,348.5,358.2,365.1,369.2,371.6,373.2,374.0,299.4,304.0,311.0,318.0,324.3,339.3,346.9,354.5,361.4,365.7,331.2,330.1,329.0,327.8,320.6,324.1,328.0,332.4,336.5,306.3,310.6,316.1,320.4,315.5,310.0,342.9,347.8,353.4,357.5,353.4,347.9,313.5,318.4,323.7,327.3,331.6,337.5,342.8,337.1,331.1,326.6,322.5,317.4,315.9,323.5,327.2,331.5,340.1,331.3,326.9,323.1,115.8,127.3,138.8,149.9,160.3,169.3,176.4,181.8,183.6,183.0,178.3,171.3,162.4,151.8,140.8,129.4,118.2,102.4,96.9,95.1,96.1,99.1,99.9,97.4,97.2,99.5,105.0,108.9,115.8,122.6,129.7,136.8,138.3,139.6,138.9,137.9,110.7,107.3,107.6,111.6,112.7,112.5,112.7,109.1,109.5,113.1,114.5,114.2,155.1,150.4,148.4,149.8,149.0,151.8,156.4,160.8,162.1,162.1,161.5,159.5,155.0,153.0,153.4,153.4,156.3,156.3,156.4,155.8,-4.0,-4.9,-3.7,-1.4,2.4,9.4,18.9,31.4,48.2,68.0,87.6,105.7,118.5,125.8,129.9,132.5,134.1,4.1,12.1,23.8,35.4,45.6,70.4,83.1,96.0,107.8,115.4,56.8,54.2,51.8,49.3,38.7,44.3,50.3,57.6,64.3,16.0,23.2,32.4,39.5,31.4,22.2,77.0,84.9,94.3,101.4,94.2,85.1,27.7,35.1,43.5,49.3,56.2,66.2,75.7,65.5,55.5,48.1,41.6,33.6,31.4,43.3,49.2,56.2,71.1,55.9,48.8,42.7,-96.0,-75.3,-54.5,-34.4,-15.5,0.5,12.8,21.6,24.4,23.5,15.8,4.0,-11.4,-29.9,-49.1,-68.8,-88.4,-115.6,-124.0,-125.7,-122.6,-116.6,-115.0,-119.2,-119.9,-116.3,-107.6,-99.7,-87.2,-75.1,-62.9,-52.8,-50.1,-47.8,-49.0,-50.7,-100.0,-105.1,-104.0,-97.0,-95.4,-96.1,-94.3,-100.2,-99.4,-93.7,-90.9,-91.5,-23.3,-30.5,-33.5,-31.3,-32.5,-28.1,-20.8,-13.4,-11.2,-11.2,-12.2,-15.7,-23.4,-26.2,-25.5,-25.4,-21.0,-20.7,-20.6,-21.6,736.3,736.9,737.4,736.9,731.5,721.5,707.9,691.1,681.8,684.2,694.4,704.4,709.9,711.2,710.6,709.4,710.3,708.5,701.9,694.4,686.5,681.2,678.5,679.2,681.4,683.1,685.4,676.6,668.5,660.6,652.7,670.5,666.3,663.3,663.9,665.4,699.9,695.2,691.8,689.6,691.3,694.5,683.9,682.6,682.0,683.9,681.1,681.6,683.3,671.3,665.1,663.1,663.0,666.9,674.1,666.9,663.7,663.9,666.0,671.9,679.7,666.9,664.6,664.6,672.5,665.2,665.2,667.4,0.595,-0.026,0.175,0.058,330.042,135.848,-30.536,2.827,-19.176,17.489,-8.907,-2.224,0.569,-1.735,3.159,4.989,1.514,-0.015,2.740,-1.825,1.705,-0.964,1.790,-2.153,-0.497,0.980,0.331,-0.193,-0.280,0.233,0.652,-0.820,0.235,0.111,-0.042,-0.051,0.130,-0.054,-0.024,0.060,0.20,0.00,1.04,0.11,0.52,3.77,0.10,0.00,0.02,0.00,0.10,0.51,0.00,0.00,0.00,0.93,0.00,0.00,1.00,1.00,0.00,1.00,1.00,0.00,0.00,0.00,0.00,0.00,0.00,0.00,0.00,0.00,0.00,0.00,0.00
216,0,21.500,0.98,1,-0.124195,0.127033,-0.984093,-0.260239,0.120110,-0.958044,-0.195,0.127,308.2,309.6,312.5,315.2,316.1,314.8,311.7,309.0,304.8,306.4,308.7,311.7,314.8,317.2,318.8,316.6,313.8,310.9,308.3,306.2,310.9,312.0,313.3,313.9,313.6,312.4,311.1,310.5,344.0,345.3,348.2,351.1,352.3,351.0,348.0,344.9,341.0,342.9,345.5,348.8,351.9,354.3,355.7,354.1,351.7,349.0,345.9,343.1,346.7,348.0,349.3,349.8,349.3,348.1,346.8,346.2,109.4,106.6,105.6,107.0,109.9,112.9,113.7,112.3,110.9,109.0,107.8,107.4,108.2,110.0,112.2,113.1,113.2,113.2,112.8,112.2,111.0,111.6,111.1,109.9,108.6,108.0,108.5,109.7,111.7,108.8,107.8,109.2,112.2,115.1,116.2,115.0,113.7,111.7,110.2,109.8,110.6,112.1,114.2,115.3,115.6,115.6,115.3,114.8,113.3,114.0,113.5,112.2,110.9,110.3,110.7,112.0,16.2,18.4,22.6,26.4,27.6,25.8,21.3,17.5,11.5,13.7,17.0,21.3,25.8,29.2,31.5,28.3,24.2,20.1,16.4,13.4,20.1,21.8,23.6,24.6,24.0,22.4,20.5,19.6,65.3,67.3,71.5,75.6,77.1,75.2,70.9,66.5,61.3,63.8,67.4,72.0,76.6,80.2,82.6,79.9,76.2,72.1,67.9,64.0,69.3,71.1,72.9,73.8,73.1,71.3,69.5,68.6,-86.5,-90.6,-92.0,-89.9,-85.5,-81.0,-80.0,-82.1,-85.0,-87.4,-88.7,-89.0,-87.7,-85.3,-82.2,-80.8,-80.5,-80.6,-81.4,-82.8,-84.2,-83.3,-83.9,-85.7,-87.6,-88.5,-87.9,-86.1,-79.7,-83.9,-85.5,-83.6,-79.2,-75.0,-73.4,-75.0,-77.0,-79.8,-81.6,-82.3,-81.4,-79.7,-77.1,-75.2,-74.3,-74.1,-74.6,-75.3,-77.6,-76.7,-77.4,-79.3,-81.2,-82.0,-81.3,-79.5,592.3,592.8,592.3,591.1,590.0,589.6,590.0,591.2,597.3,594.5,591.7,589.7,589.4,589.9,590.8,589.6,588.8,589.3,591.2,594.1,591.9,591.4,591.2,591.4,591.9,592.4,592.7,592.4,567.7,568.9,569.9,570.2,569.5,568.3,567.3,567.2,568.6,567.6,567.0,567.2,568.9,571.6,574.2,571.1,568.3,566.5,566.2,567.2,568.7,568.8,569.2,569.8,570.1,569.9,569.5,569.0,50.5,-52.8,671.8,0.082,0.256,0.078,294.3,293.3,293.7,294.7,296.5,300.0,305.3,312.7,322.9,334.3,345.4,355.5,363.2,368.1,371.1,373.1,374.3,298.3,302.7,309.3,316.1,322.1,337.0,344.7,352.6,359.7,364.4,328.6,327.2,325.9,324.4,317.6,321.1,325.0,329.6,333.9,304.8,309.0,314.5,318.8,313.9,308.4,340.9,345.9,351.6,355.9,351.6,346.0,310.9,315.4,320.8,324.5,328.9,335.3,341.3,335.0,328.6,323.9,319.7,314.6,313.2,320.6,324.4,328.8,338.5,328.7,324.2,320.3,114.3,125.3,136.5,147.4,158.0,167.7,175.9,182.5,185.2,185.0,180.8,174.3,165.8,155.3,143.8,131.9,119.9,101.9,96.6,95.3,96.6,99.8,100.6,98.1,98.0,100.5,106.0,110.0,117.0,124.1,131.3,138.0,139.7,141.1,140.3,139.4,110.9,107.6,108.2,112.3,113.2,113.0,113.8,110.1,110.6,114.2,115.7,115.3,155.7,151.6,149.8,151.2,150.5,153.2,157.6,162.6,164.1,164.1,163.4,161.0,155.8,154.2,154.7,154.7,157.5,158.4,158.4,157.6,-4.7,-6.5,-6.0,-4.1,-0.9,5.3,14.3,26.5,42.9,62.0,81.5,99.8,113.8,122.5,127.4,130.4,132.5,2.2,9.7,20.6,31.6,41.1,65.1,77.6,90.7,102.6,110.7,51.5,48.6,45.9,43.1,33.4,38.8,44.8,52.2,59.2,13.1,20.1,29.2,36.2,28.2,19.1,72.1,80.1,89.4,96.6,89.3,80.2,23.0,30.0,38.3,44.1,51.1,61.7,72.2,61.3,50.8,43.2,36.6,28.8,26.8,38.0,44.0,51.1,67.6,51.0,43.7,37.6,-97.3,-77.8,-58.0,-38.6,-19.5,-2.3,11.9,22.8,26.9,26.6,19.9,9.1,-5.6,-23.6,-43.3,-63.6,-84.1,-114.8,-122.5,-123.3,-119.6,-113.4,-111.2,-115.4,-115.9,-112.1,-103.4,-96.1,-83.6,-71.5,-59.2,-50.2,-47.1,-44.7,-45.9,-47.5,-98.3,-103.1,-101.6,-94.3,-93.1,-94.1,-90.7,-96.6,-95.7,-89.9,-87.1,-87.9,-22.0,-28.3,-30.9,-28.5,-29.7,-25.4,-18.6,-10.4,-7.8,-7.9,-9.0,-13.1,-21.8,-23.9,-23.0,-22.9,-18.6,-17.1,-17.1,-18.4,726.0,726.7,727.7,728.5,724.8,716.3,703.5,686.7,676.8,678.2,687.3,696.7,701.7,702.7,701.3,699.1,698.9,698.5,691.0,682.7,674.3,668.8,663.9,663.9,665.9,667.6,670.1,664.2,656.7,649.2,641.9,661.4,656.9,653.5,653.9,655.2,690.8,685.4,681.6,679.2,681.5,685.1,670.7,669.0,668.1,669.8,667.3,668.2,677.4,663.3,656.4,654.1,653.2,657.2,665.4,658.3,655.1,656.0,658.4,665.1,673.6,658.6,655.8,655.2,663.9,656.4,657.1,659.7,0.604,0.019,0.209,0.081,327.902,136.841,-26.535,-7.381,-14.415,18.987,-9.841,-1.801,2.915,3.897,2.640,4.603,-1.128,-0.159,1.153,-2.665,1.008,-0.293,1.138,-1.311,-0.225,0.678,0.468,-0.098,-1.006,-0.008,0.581,-0.778,0.289,0.063,0.006,-0.042,0.115,-0.070,-0.006,0.062,0.18,0.00,1.05,0.16,0.52,3.73,0.07,0.00,0.02,0.00,0.18,0.53,0.00,0.00,0.01,1.00,0.00,0.00,1.00,1.00,0.00,1.00,1.00,0.00,0.00,0.00,0.00,0.00,0.00,0.00,0.00,0.00,0.00,0.00,0.00
217,0,21.600,0.98,1,-0.132876,0.121211,-0.983693,-0.268874,0.115135,-0.956269,-0.204,0.121,305.9,307.3,310.2,312.8,313.7,312.5,309.4,306.7,302.6,304.1,306.4,309.4,312.5,314.9,316.4,314.3,311.5,308.6,306.0,303.9,308.6,309.7,311.0,311.6,311.2,310.1,308.8,308.2,341.6,342.9,345.9,348.8,350.0,348.7,345.7,342.6,338.6,340.5,343.2,346.5,349.7,352.1,353.5,351.9,349.5,346.7,343.6,340.7,344.4,345.7,347.0,347.6,347.0,345.8,344.5,343.9,109.7,106.9,105.9,107.2,110.1,113.2,114.0,112.6,111.3,109.3,108.1,107.6,108.5,110.2,112.5,113.3,113.5,113.5,113.1,112.5,111.3,111.8,111.4,110.2,108.9,108.3,108.8,110.0,111.7,108.8,107.7,109.1,112.2,115.1,116.2,115.0,113.8,111.7,110.2,109.7,110.6,112.1,114.2,115.2,115.6,115.6,115.3,114.8,113.3,114.0,113.5,112.2,110.9,110.2,110.7,112.0,12.9,15.0,19.1,23.0,24.2,22.4,17.9,14.1,8.2,10.3,13.6,17.9,22.4,25.8,28.1,25.0,20.9,16.7,13.0,10.0,16.8,18.5,20.3,21.2,20.7,19.0,17.2,16.2,61.5,63.4,67.6,71.7,73.3,71.3,67.1,62.7,57.4,59.9,63.5,68.2,72.7,76.4,78.8,76.1,72.4,68.3,64.1,60.2,65.4,67.2,69.1,69.9,69.2,67.4,65.6,64.7,-86.0,-90.2,-91.6,-89.5,-85.1,-80.7,-79.6,-81.7,-84.5,-86.9,-88.3,-88.7,-87.4,-85.0,-81.8,-80.5,-80.1,-80.2,-80.9,-82.3,-83.8,-82.9,-83.5,-85.3,-87.2,-88.1,-87.5,-85.7,-78.9,-83.1,-84.8,-82.9,-78.5,-74.3,-72.7,-74.3,-76.2,-79.0,-80.9,-81.6,-80.7,-79.0,-76.4,-74.5,-73.6,-73.4,-73.8,-74.5,-76.8,-76.0,-76.7,-78.5,-80.4,-81.3,-80.6,-78.7,592.4,592.9,592.4,591.2,590.0,589.6,590.0,591.2,597.4,594.7,591.8,589.8,589.4,589.9,590.7,589.6,588.8,589.4,591.3,594.2,592.0,591.5,591.2,591.4,592.0,592.5,592.7,592.5,562.2,563.4,564.4,564.6,563.9,562.8,561.8,561.7,563.1,562.2,561.5,561.6,563.3,566.0,568.6,565.5,562.7,561.0,560.7,561.8,563.2,563.3,563.7,564.2,564.5,564.4,564.0,563.5,46.5,-52.6,671.9,0.076,0.266,0.087,292.7,291.6,291.8,292.8,294.4,297.6,302.7,310.0,319.9,331.2,342.1,352.5,360.7,366.1,369.5,371.6,373.1,296.3,300.6,307.0,313.6,319.4,334.3,342.2,350.1,357.4,362.4,325.8,324.3,322.9,321.3,314.8,318.3,322.1,326.8,331.2,302.5,306.6,312.1,316.4,311.6,306.1,338.5,343.5,349.3,353.7,349.4,343.7,308.5,312.9,318.1,321.8,326.1,332.6,338.8,332.4,325.9,321.2,317.2,312.3,310.9,317.9,321.6,326.0,336.1,325.9,321.5,317.7,114.6,125.2,135.9,146.6,157.1,166.7,175.1,182.0,184.9,185.0,181.3,175.3,167.2,156.8,145.1,132.9,120.6,102.2,96.9,95.7,96.9,99.9,100.6,97.9,97.8,100.3,105.8,110.0,117.1,124.1,131.4,138.1,139.8,141.1,140.4,139.4,111.3,107.9,108.4,112.6,113.5,113.3,113.8,110.0,110.5,114.2,115.7,115.4,155.9,151.8,150.0,151.3,150.6,153.3,157.7,162.5,164.0,164.0,163.3,160.9,156.0,154.3,154.8,154.8,157.6,158.3,158.3,157.5,-7.6,-9.7,-9.2,-7.4,-4.6,1.1,9.9,21.9,38.0,56.7,75.9,94.6,109.5,119.1,124.7,128.0,130.5,-1.3,6.0,16.7,27.4,36.8,60.7,73.4,86.5,98.6,107.2,46.8,44.0,41.2,38.3,28.9,34.3,40.3,47.7,54.9,9.3,16.2,25.3,32.4,24.4,15.3,68.1,76.2,85.5,92.9,85.5,76.4,19.2,25.9,34.0,39.7,46.5,57.3,68.0,57.0,46.4,39.0,32.6,24.9,23.0,33.8,39.6,46.5,63.5,46.4,39.4,33.4,-96.8,-77.9,-58.9,-40.0,-21.2,-4.0,10.6,21.9,26.3,26.6,20.7,10.8,-3.1,-21.0,-41.1,-61.9,-82.9,-114.7,-122.4,-122.9,-119.3,-113.3,-111.2,-115.5,-116.1,-112.2,-103.5,-96.0,-83.5,-71.4,-59.1,-50.1,-47.0,-44.6,-45.9,-47.4,-98.0,-102.9,-101.5,-94.1,-92.9,-93.8,-90.6,-96.6,-95.6,-89.9,-87.0,-87.7,-21.8,-28.0,-30.6,-28.4,-29.5,-25.3,-18.4,-10.5,-8.1,-8.1,-9.2,-13.1,-21.5,-23.8,-22.9,-22.8,-18.5,-17.3,-17.3,-18.6,725.6,725.7,726.5,727.6,724.8,716.8,704.5,687.4,676.8,677.6,686.4,696.1,701.4,703.0,701.8,699.6,699.3,700.5,692.9,684.2,675.4,669.6,663.5,663.2,665.0,666.4,668.7,664.4,657.0,649.6,642.2,662.0,657.3,653.6,653.9,655.2,693.1,687.4,683.2,680.3,683.0,687.0,670.1,668.5,667.4,668.8,666.4,667.5,678.1,663.6,656.6,654.1,652.9,656.7,664.5,657.6,654.5,655.8,658.5,665.6,673.9,658.8,655.8,654.7,663.1,655.8,657.0,659.9,0.604,0.013,0.223,0.089,325.444,136.926,-24.912,-15.719,-14.700,19.879,-9.074,-1.564,2.838,6.015,3.204,4.332,-1.818,0.340,0.770,-2.823,0.937,0.111,0.922,-0.658,-0.210,0.943,0.718,0.071,-0.706,-0.177,0.529,-0.700,0.277,0.055,0.051,-0.041,0.114,-0.062,0.003,0.061,0.17,0.02,0.98,0.19,0.48,3.74,0.01,0.10,0.00,0.00,0.28,0.47,0.00,0.00,0.01,0.79,0.00,0.00,1.00,1.00,0.00,1.00,1.00,0.00,0.00,0.00,0.00,0.00,0.00,0.00,0.00,0.00,0.00,0.00,0.00
218,0,21.700,0.98,1,-0.137347,0.111355,-0.984244,-0.275832,0.106198,-0.955321,-0.210,0.112,304.4,305.7,308.6,311.2,312.1,311.0,307.9,305.3,301.1,302.6,304.8,307.8,310.9,313.3,314.9,312.7,309.9,307.1,304.5,302.4,307.1,308.2,309.5,310.1,309.7,308.5,307.3,306.7,339.8,341.1,344.0,346.9,348.1,346.9,343.9,340.7,336.8,338.7,341.3,344.6,347.8,350.2,351.7,350.0,347.6,344.8,341.8,338.9,342.6,343.8,345.1,345.7,345.2,343.9,342.6,342.1,110.1,107.3,106.3,107.6,110.4,113.4,114.3,113.0,111.7,109.7,108.5,108.0,108.8,110.5,112.7,113.6,113.7,113.8,113.5,112.9,111.6,112.1,111.7,110.5,109.2,108.7,109.1,110.3,111.7,108.8,107.7,109.1,112.1,115.0,116.1,115.0,113.8,111.7,110.2,109.7,110.5,112.0,114.1,115.1,115.5,115.6,115.3,114.8,113.3,113.9,113.4,112.2,110.8,110.2,110.7,112.0,10.8,12.8,17.0,20.8,22.1,20.4,15.9,12.1,6.1,8.2,11.5,15.7,20.3,23.7,26.1,22.9,18.8,14.7,11.0,8.0,14.7,16.4,18.2,19.1,18.5,16.9,15.0,14.2,59.4,61.3,65.5,69.6,71.2,69.3,65.1,60.7,55.4,57.9,61.4,66.1,70.6,74.3,76.8,74.0,70.4,66.3,62.0,58.2,63.4,65.2,67.0,67.9,67.2,65.4,63.5,62.7,-86.2,-90.4,-91.9,-89.8,-85.4,-81.0,-79.8,-81.9,-84.6,-87.1,-88.5,-89.0,-87.7,-85.4,-82.2,-80.8,-80.4,-80.4,-81.1,-82.4,-84.0,-83.1,-83.8,-85.6,-87.5,-88.4,-87.7,-85.9,-79.5,-83.8,-85.4,-83.5,-79.2,-75.0,-73.3,-74.9,-76.8,-79.6,-81.6,-82.3,-81.4,-79.7,-77.1,-75.2,-74.3,-74.0,-74.4,-75.2,-77.5,-76.6,-77.4,-79.2,-81.1,-81.9,-81.2,-79.4,597.6,598.1,597.6,596.3,595.1,594.8,595.2,596.4,602.6,599.9,597.0,595.0,594.6,595.0,595.8,594.7,594.0,594.5,596.4,599.4,597.1,596.6,596.4,596.6,597.1,597.7,597.9,597.7,566.7,567.8,568.8,569.0,568.3,567.1,566.2,566.1,567.6,566.7,565.9,566.1,567.7,570.3,572.9,569.8,567.1,565.4,565.2,566.3,567.6,567.7,568.1,568.6,568.9,568.8,568.4,567.9,44.0,-53.0,675.1,0.062,0.272,0.089,291.6,290.5,290.8,291.8,293.2,296.3,301.2,308.2,317.9,329.1,340.1,350.7,359.2,364.9,368.3,370.5,372.1,294.8,298.9,305.2,311.8,317.6,332.4,340.3,348.2,355.6,360.7,323.9,322.5,321.0,319.5,313.2,316.6,320.4,325.0,329.4,301.0,305.1,310.5,314.8,310.0,304.6,336.7,341.7,347.4,351.8,347.5,341.9,307.2,311.4,316.5,320.0,324.3,330.7,336.9,330.5,324.2,319.5,315.6,310.8,309.5,316.2,319.9,324.2,334.2,324.1,319.7,316.0,114.9,125.4,136.0,146.5,156.9,166.4,174.6,181.4,184.3,184.6,181.4,175.7,167.8,157.5,145.6,133.2,120.6,103.0,97.6,96.2,97.3,100.1,100.6,98.0,97.8,100.3,105.9,110.1,117.2,124.1,131.4,138.1,139.8,141.0,140.3,139.4,111.7,108.3,108.7,112.8,113.8,113.6,113.9,110.0,110.4,114.1,115.6,115.3,155.9,151.7,149.9,151.2,150.4,153.2,157.5,161.9,163.2,163.2,162.6,160.5,155.9,154.2,154.6,154.6,157.4,157.6,157.6,156.9,-9.6,-11.6,-11.2,-9.4,-6.8,-1.3,7.2,19.0,34.8,53.4,72.8,91.8,107.3,117.5,123.3,126.7,129.3,-3.8,3.3,13.9,24.7,34.1,57.9,70.7,83.9,96.1,104.9,44.1,41.3,38.5,35.6,26.5,31.8,37.7,45.1,52.2,6.9,13.7,22.8,29.9,22.0,12.9,65.6,73.5,82.8,90.2,82.9,73.7,17.0,23.6,31.5,37.1,43.9,54.5,65.2,54.2,43.7,36.4,30.1,22.6,20.8,31.2,37.0,43.8,60.7,43.7,36.8,30.9,-96.7,-78.0,-59.0,-40.3,-21.7,-4.6,9.8,21.0,25.4,26.0,20.9,11.5,-2.1,-19.9,-40.4,-61.8,-83.3,-114.2,-122.2,-122.9,-119.5,-113.8,-111.8,-116.1,-116.6,-112.7,-103.8,-96.5,-84.0,-71.8,-59.6,-50.4,-47.4,-45.0,-46.3,-47.8,-97.9,-103.0,-101.6,-94.2,-93.0,-93.8,-91.0,-97.1,-96.2,-90.4,-87.5,-88.2,-21.9,-28.2,-30.9,-28.7,-29.9,-25.6,-18.8,-11.4,-9.3,-9.3,-10.4,-14.0,-21.7,-24.1,-23.2,-23.1,-18.9,-18.4,-18.4,-19.7,729.8,729.5,730.0,731.0,728.0,720.0,707.5,690.1,679.0,679.5,688.3,698.3,704.1,706.1,705.3,703.1,702.9,705.8,698.1,689.2,680.1,673.9,667.5,666.9,668.4,669.5,671.6,668.4,661.0,653.6,646.3,665.9,661.0,657.2,657.4,658.4,697.6,691.9,687.5,684.5,687.2,691.4,673.5,671.9,670.6,671.8,669.5,670.8,681.0,666.9,660.1,657.4,655.9,659.4,666.8,659.8,656.9,658.5,661.3,668.6,676.8,662.1,658.9,657.6,665.4,658.3,659.8,662.9,0.601,-0.001,0.233,0.091,323.795,136.900,-22.941,-19.673,-16.281,18.999,-9.152,-0.372,3.268,6.077,3.898,4.005,-3.043,0.648,1.148,-2.098,1.092,0.371,1.107,-1.082,-0.495,0.756,0.603,0.079,-0.437,0.011,0.415,-0.875,0.346,0.038,0.033,-0.034,0.114,-0.058,0.000,0.058,0.10,0.02,0.87,0.14,0.36,3.58,0.00,0.11,0.00,0.00,0.70,0.37,0.00,0.06,0.01,0.40,0.00,0.00,1.00,1.00,0.00,1.00,1.00,0.00,0.00,0.00,0.00,0.00,0.00,0.00,0.00,0.00,0.00,0.00,0.00
219,0,21.800,0.98,1,-0.144124,0.112189,-0.983180,-0.284297,0.106627,-0.952788,-0.218,0.113,304.0,305.3,308.0,310.5,311.4,310.4,307.4,304.9,300.9,302.2,304.4,307.2,310.2,312.5,314.0,312.0,309.3,306.6,304.1,302.1,306.6,307.7,308.9,309.4,309.0,307.9,306.7,306.2,338.1,339.4,342.2,345.1,346.2,344.9,342.1,339.0,335.3,337.1,339.6,342.8,345.8,348.2,349.7,348.0,345.7,342.9,340.0,337.3,340.8,342.0,343.3,343.8,343.4,342.1,340.9,340.3,110.2,107.5,106.4,107.6,110.3,113.3,114.1,112.9,111.7,109.9,108.7,108.2,108.9,110.4,112.4,113.3,113.5,113.6,113.3,112.8,111.5,112.1,111.6,110.4,109.2,108.7,109.2,110.3,111.4,108.5,107.5,108.8,111.7,114.5,115.6,114.5,113.3,111.3,110.0,109.5,110.3,111.6,113.6,114.6,114.9,115.0,114.7,114.3,112.9,113.5,113.0,111.8,110.5,109.9,110.4,111.6,10.7,12.7,16.8,20.7,22.0,20.4,15.9,12.0,6.0,8.1,11.3,15.6,20.1,23.6,26.1,22.9,18.8,14.6,10.9,7.9,14.7,16.4,18.2,19.0,18.5,16.8,14.9,14.1,59.8,61.7,65.9,70.0,71.6,69.6,65.4,61.0,55.8,58.3,61.8,66.4,71.0,74.7,77.3,74.5,70.7,66.6,62.3,58.5,63.7,65.5,67.4,68.2,67.6,65.8,63.9,63.1,-90.2,-94.4,-95.9,-93.9,-89.6,-85.1,-83.9,-85.8,-88.6,-90.9,-92.3,-92.8,-91.7,-89.5,-86.5,-85.0,-84.6,-84.6,-85.2,-86.4,-88.0,-87.2,-87.8,-89.7,-91.6,-92.4,-91.8,-89.9,-83.7,-88.0,-89.6,-87.7,-83.4,-79.1,-77.5,-79.1,-81.1,-83.8,-85.6,-86.3,-85.4,-83.8,-81.3,-79.4,-78.5,-78.3,-78.7,-79.4,-81.6,-80.8,-81.5,-83.4,-85.3,-86.1,-85.4,-83.5,625.6,626.1,625.6,624.3,623.1,622.8,623.2,624.4,630.6,627.8,624.9,623.0,622.5,623.0,623.9,622.7,622.0,622.5,624.4,627.4,625.1,624.6,624.4,624.6,625.1,625.7,625.9,625.7,592.7,593.8,594.6,594.7,594.0,592.9,592.1,592.2,593.9,592.8,591.9,591.9,593.4,595.9,598.5,595.5,592.8,591.3,591.2,592.4,593.6,593.6,593.9,594.4,594.7,594.7,594.3,593.9,42.8,-55.6,683.8,0.035,0.279,0.093,291.3,290.1,290.2,291.1,292.5,295.5,300.3,307.3,317.0,328.1,339.3,350.0,358.6,364.3,367.7,369.8,371.4,294.7,298.7,304.9,311.3,316.9,330.6,338.4,346.3,353.7,359.0,322.6,321.3,319.8,318.2,312.3,315.6,319.2,323.7,328.1,300.8,304.7,309.8,314.1,309.4,304.2,335.2,340.0,345.4,349.8,345.6,340.1,306.6,310.8,315.5,318.9,323.0,329.1,335.3,328.8,322.9,318.4,314.7,310.3,308.9,315.3,318.8,322.9,332.6,322.8,318.6,315.1,114.7,124.9,135.3,145.8,155.9,165.2,173.1,179.5,182.2,182.7,180.0,174.8,167.2,157.0,145.1,132.6,120.0,102.9,97.6,96.2,97.2,99.8,100.0,97.4,97.3,99.8,105.4,109.6,116.4,123.0,130.0,136.9,138.5,139.6,138.9,138.1,111.7,108.5,108.8,112.5,113.5,113.5,113.3,109.8,110.2,113.6,115.0,114.8,154.3,150.4,148.5,149.8,149.0,151.6,155.7,159.1,159.9,159.9,159.4,157.8,154.3,152.7,153.1,153.1,155.5,154.6,154.6,154.0,-10.3,-12.6,-12.4,-10.8,-8.2,-2.7,5.8,17.6,33.6,52.3,72.3,91.7,107.6,118.1,124.0,127.3,130.1,-4.1,3.0,13.5,24.2,33.4,55.8,68.7,82.0,94.4,103.5,42.7,39.9,37.1,34.2,25.3,30.5,36.3,43.7,50.8,6.5,13.2,22.0,29.1,21.2,12.4,64.0,71.8,80.8,88.3,80.8,72.0,16.2,22.8,30.4,35.8,42.4,52.5,63.4,52.0,42.1,35.0,29.0,22.0,19.9,30.0,35.6,42.3,58.8,42.1,35.4,29.7,-98.9,-80.3,-61.2,-42.3,-23.7,-6.7,7.2,17.9,22.2,23.1,18.7,10.1,-3.1,-21.0,-41.9,-63.7,-85.6,-116.2,-124.2,-125.1,-121.7,-116.1,-114.5,-118.8,-119.3,-115.3,-106.3,-98.9,-86.6,-74.8,-62.8,-53.1,-50.2,-48.0,-49.2,-50.6,-99.5,-104.2,-103.0,-96.3,-94.8,-95.5,-93.3,-98.9,-98.0,-92.6,-89.9,-90.5,-24.7,-30.8,-33.5,-31.4,-32.6,-28.5,-22.0,-16.3,-14.8,-14.9,-15.8,-18.5,-24.7,-26.8,-26.0,-26.0,-22.3,-23.5,-23.6,-24.7,742.8,741.9,741.8,742.2,738.5,729.6,715.8,697.4,686.6,687.2,696.6,706.9,713.4,716.2,716.0,713.8,713.8,717.7,709.9,700.9,691.7,685.1,677.7,677.2,678.8,679.9,681.8,679.3,671.7,664.0,656.4,675.6,670.6,666.7,666.9,668.0,708.6,702.8,698.4,695.3,697.9,702.0,683.8,682.0,680.6,681.6,679.4,680.7,688.9,674.9,668.9,666.1,664.6,667.6,674.7,666.7,663.7,665.3,668.2,675.5,684.5,670.4,667.3,665.9,673.1,665.7,667.1,670.3,0.593,-0.030,0.242,0.093,322.764,135.778,-13.758,-20.959,-20.022,16.009,-12.039,1.836,5.581,5.223,1.484,3.102,-4.954,0.212,-0.460,-2.923,1.291,0.424,0.068,-1.811,-1.096,-0.091,0.948,-0.149,-0.158,-0.188,0.088,-0.714,0.201,0.018,-0.004,-0.041,0.140,-0.063,-0.021,0.027,0.07,0.02,0.84,0.09,0.28,3.53,0.00,0.12,0.00,0.00,1.05,0.35,0.00,0.10,0.00,0.09,0.00,0.00,1.00,1.00,0.00,1.00,1.00,0.00,0.00,0.00,0.00,0.00,0.00,0.00,0.00,0.00,0.00,0.00,1.00
220,0,21.900,0.98,1,-0.144297,0.112744,-0.983091,-0.285196,0.107689,-0.952400,-0.218,0.113,303.9,305.2,307.9,310.5,311.4,310.3,307.4,304.8,300.8,302.2,304.3,307.1,310.1,312.4,314.0,312.0,309.3,306.6,304.1,302.1,306.5,307.6,308.8,309.4,309.0,307.9,306.7,306.1,338.1,339.3,342.2,345.0,346.1,344.8,342.0,339.0,335.3,337.0,339.5,342.7,345.7,348.1,349.6,347.9,345.6,342.9,340.0,337.2,340.8,342.0,343.2,343.8,343.3,342.0,340.8,340.3,110.3,107.6,106.5,107.7,110.4,113.3,114.2,113.0,111.8,110.0,108.8,108.3,109.0,110.5,112.5,113.3,113.6,113.6,113.4,112.9,111.6,112.1,111.7,110.5,109.3,108.8,109.3,110.4,111.3,108.5,107.5,108.8,111.7,114.5,115.6,114.5,113.2,111.3,110.0,109.5,110.2,111.6,113.5,114.5,114.9,114.9,114.6,114.2,112.8,113.4,113.0,111.7,110.5,109.9,110.3,111.6,10.6,12.6,16.8,20.7,22.0,20.4,15.9,12.0,5.9,8.0,11.2,15.5,20.1,23.6,26.0,22.9,18.8,14.6,10.9,7.9,14.6,16.3,18.2,19.0,18.4,16.7,14.9,14.0,59.9,61.8,66.0,70.2,71.7,69.8,65.5,61.1,55.9,58.4,61.9,66.5,71.1,74.9,77.4,74.6,70.9,66.7,62.5,58.6,63.9,65.7,67.5,68.4,67.7,65.9,64.0,63.2,-90.4,-94.5,-96.1,-94.1,-89.8,-85.3,-84.0,-86.0,-88.7,-91.1,-92.5,-93.0,-91.9,-89.7,-86.7,-85.2,-84.8,-84.7,-85.3,-86.6,-88.2,-87.3,-88.0,-89.8,-91.8,-92.6,-91.9,-90.1,-84.1,-88.3,-90.0,-88.1,-83.7,-79.5,-77.8,-79.4,-81.4,-84.1,-85.9,-86.6,-85.8,-84.1,-81.7,-79.8,-78.9,-78.6,-79.0,-79.8,-82.0,-81.2,-81.9,-83.7,-85.6,-86.5,-85.7,-83.9,627.8,628.3,627.8,626.6,625.3,625.0,625.3,626.6,632.8,630.0,627.1,625.2,624.7,625.2,626.1,624.9,624.2,624.7,626.6,629.6,627.3,626.8,626.6,626.8,627.3,627.9,628.1,627.9,594.9,596.0,596.8,596.9,596.2,595.1,594.3,594.4,596.1,595.0,594.1,594.1,595.6,598.1,600.6,597.7,595.0,593.5,593.4,594.6,595.8,595.8,596.1,596.6,596.9,596.9,596.6,596.1,42.9,-55.7,685.4,0.036,0.280,0.091,291.3,290.0,290.2,291.1,292.5,295.5,300.3,307.3,317.0,328.1,339.4,350.0,358.6,364.3,367.7,369.7,371.3,294.7,298.7,304.8,311.2,316.8,330.5,338.3,346.1,353.5,358.8,322.6,321.2,319.7,318.2,312.3,315.6,319.2,323.7,328.0,300.7,304.6,309.8,314.0,309.3,304.2,335.1,339.9,345.4,349.7,345.5,340.1,306.6,310.8,315.5,318.9,323.0,329.1,335.3,328.8,322.9,318.5,314.7,310.3,308.9,315.3,318.8,322.9,332.6,322.8,318.6,315.1,114.8,124.9,135.3,145.7,155.9,165.1,173.0,179.3,182.1,182.6,179.8,174.7,167.0,156.8,145.0,132.4,119.9,103.0,97.8,96.4,97.4,100.0,100.1,97.5,97.3,99.7,105.2,109.6,116.4,123.0,129.9,136.9,138.5,139.6,138.9,138.0,111.8,108.6,108.9,112.5,113.6,113.6,113.3,109.8,110.2,113.5,115.0,114.7,154.4,150.4,148.5,149.7,149.0,151.6,155.6,159.0,159.9,159.9,159.3,157.8,154.3,152.7,153.1,153.1,155.5,154.6,154.5,153.9,-10.3,-12.7,-12.4,-10.7,-8.2,-2.7,5.8,17.6,33.7,52.5,72.5,92.0,107.9,118.4,124.3,127.5,130.2,-4.1,3.0,13.5,24.1,33.3,55.8,68.6,81.9,94.3,103.4,42.6,39.9,37.1,34.2,25.4,30.6,36.4,43.8,50.9,6.5,13.1,21.9,29.0,21.2,12.4,64.1,71.8,80.8,88.3,80.9,72.0,16.3,22.9,30.4,35.9,42.5,52.6,63.5,52.1,42.2,35.1,29.1,22.1,20.0,30.1,35.7,42.4,58.9,42.1,35.4,29.8,-98.9,-80.3,-61.3,-42.4,-23.8,-6.9,6.9,17.7,22.0,22.9,18.5,9.9,-3.4,-21.4,-42.3,-64.2,-86.1,-116.2,-124.2,-125.0,-121.7,-116.2,-114.7,-118.9,-119.5,-115.6,-106.8,-99.0,-86.9,-75.0,-63.0,-53.2,-50.3,-48.1,-49.4,-50.8,-99.5,-104.2,-103.1,-96.4,-94.9,-95.6,-93.5,-99.2,-98.3,-92.9,-90.1,-90.7,-24.7,-30.9,-33.6,-31.5,-32.7,-28.6,-22.1,-16.4,-14.9,-14.9,-15.9,-18.5,-24.7,-26.9,-26.1,-26.1,-22.4,-23.6,-23.7,-24.8,744.1,743.1,743.2,743.7,740.0,731.2,717.4,699.0,688.1,688.6,698.0,708.4,714.9,717.7,717.4,715.2,715.2,719.2,711.4,702.5,693.4,686.8,679.4,678.8,680.3,681.3,683.0,680.9,673.3,665.7,658.1,677.2,672.3,668.4,668.6,669.6,710.2,704.4,700.0,696.9,699.5,703.6,685.3,683.4,682.0,683.0,680.9,682.2,690.5,676.5,670.5,667.7,666.2,669.1,676.1,668.3,665.3,666.9,669.9,677.2,686.0,672.0,668.9,667.5,674.5,667.2,668.7,671.9,0.591,-0.029,0.243,0.091,322.735,135.764,-14.224,-21.604,-20.469,15.661,-12.339,1.607,5.489,5.047,1.693,3.291,-4.627,0.288,-0.371,-2.929,1.028,0.485,0.103,-1.654,-1.212,-0.189,1.050,-0.069,-0.153,-0.142,0.094,-0.756,0.211,0.019,-0.003,-0.038,0.141,-0.064,-0.023,0.028,0.00,0.00,0.83,0.00,0.29,3.42,0.00,0.05,0.00,0.00,1.25,0.31,0.00,0.13,0.00,0.06,0.04,0.00,1.00,1.00,0.00,1.00,1.00,0.00,0.00,0.00,0.00,0.00,0.00,0.00,0.00,0.00,0.00,0.00,1.00
221,0,22.000,0.98,1,-0.149537,0.125873,-0.980711,-0.287190,0.122806,-0.949969,-0.222,0.128,303.9,305.1,307.8,310.4,311.3,310.3,307.4,304.8,300.8,302.2,304.3,307.1,310.1,312.4,314.0,312.0,309.3,306.6,304.1,302.1,306.5,307.6,308.8,309.4,308.9,307.8,306.6,306.1,338.2,339.4,342.3,345.1,346.2,345.0,342.2,339.1,335.4,337.2,339.7,342.8,345.9,348.2,349.8,348.1,345.8,343.0,340.1,337.4,340.9,342.1,343.4,343.9,343.4,342.2,340.9,340.4,109.7,107.0,106.0,107.1,109.8,112.7,113.6,112.4,111.3,109.5,108.3,107.8,108.4,109.9,111.9,112.7,112.9,113.1,112.9,112.4,111.1,111.6,111.1,109.9,108.7,108.2,108.7,109.9,110.6,107.8,106.7,108.0,110.9,113.7,114.8,113.7,112.5,110.6,109.2,108.7,109.5,110.8,112.7,113.7,114.1,114.1,113.9,113.5,112.1,112.6,112.2,111.0,109.7,109.1,109.6,110.8,10.6,12.5,16.7,20.6,22.0,20.4,15.9,12.0,5.9,8.0,11.2,15.5,20.0,23.6,26.1,23.0,18.8,14.7,10.9,7.9,14.6,16.3,18.1,19.0,18.4,16.6,14.8,14.0,60.2,62.1,66.3,70.4,72.0,70.1,65.9,61.5,56.2,58.7,62.2,66.8,71.4,75.2,77.7,74.9,71.2,67.0,62.8,59.0,64.2,66.0,67.8,68.7,68.0,66.2,64.3,63.5,-91.2,-95.4,-97.0,-95.1,-90.7,-86.2,-84.9,-86.8,-89.5,-91.9,-93.3,-93.9,-92.8,-90.6,-87.7,-86.2,-85.8,-85.7,-86.2,-87.4,-89.1,-88.2,-88.9,-90.8,-92.7,-93.5,-92.8,-91.0,-85.3,-89.5,-91.2,-89.3,-85.0,-80.7,-79.1,-80.6,-82.6,-85.3,-87.1,-87.8,-87.0,-85.4,-83.0,-81.1,-80.2,-79.9,-80.3,-81.0,-83.2,-82.4,-83.1,-85.0,-86.9,-87.7,-87.0,-85.1,627.9,628.4,627.9,626.7,625.5,625.1,625.5,626.7,632.9,630.1,627.3,625.3,624.9,625.4,626.2,625.1,624.3,624.8,626.7,629.7,627.5,626.9,626.7,626.9,627.5,628.0,628.2,628.0,595.8,596.9,597.7,597.7,597.0,595.8,595.0,595.2,596.9,595.8,594.9,594.9,596.4,598.9,601.4,598.4,595.7,594.2,594.1,595.3,596.5,596.6,596.9,597.4,597.7,597.7,597.4,596.9,43.0,-55.4,678.2,0.057,0.287,0.078,291.6,290.4,290.6,291.6,293.1,296.1,300.9,307.8,317.6,328.8,340.1,350.7,359.3,364.9,368.2,370.0,371.4,294.7,298.6,304.6,311.0,316.6,330.6,338.4,346.2,353.5,358.7,322.6,321.2,319.9,318.4,312.4,315.8,319.5,324.2,328.6,300.7,304.6,309.7,314.0,309.4,304.2,335.3,340.0,345.5,349.9,345.6,340.3,306.7,310.8,315.9,319.4,323.7,330.3,336.9,330.2,323.7,319.1,315.1,310.4,309.1,315.7,319.3,323.6,334.2,323.5,319.2,315.5,114.3,124.5,135.0,145.4,155.7,165.3,173.6,180.6,183.5,183.8,180.5,174.8,166.6,156.1,144.0,131.4,118.8,102.3,96.9,95.3,96.2,98.9,99.1,96.3,96.1,98.6,104.1,109.0,115.7,122.4,129.4,136.5,138.1,139.3,138.5,137.6,111.3,108.1,108.4,111.9,113.0,113.0,112.6,109.1,109.4,112.7,114.1,113.9,154.5,150.3,148.4,149.6,148.8,151.4,155.6,160.3,161.6,161.7,161.1,159.1,154.6,152.6,153.0,152.9,155.6,156.2,156.2,155.6,-9.8,-11.9,-11.6,-9.7,-7.0,-1.5,6.8,18.4,34.4,53.1,72.9,92.2,107.7,117.8,123.3,126.1,128.5,-4.0,2.7,12.9,23.4,32.6,55.3,68.0,81.1,93.1,101.9,42.1,39.5,36.8,34.0,25.3,30.6,36.5,44.0,51.2,6.3,12.9,21.5,28.7,21.0,12.3,63.5,71.1,80.0,87.4,80.1,71.4,16.4,22.7,30.6,36.3,43.0,54.0,65.5,53.9,43.1,35.7,29.5,22.0,20.1,30.4,36.2,43.1,60.9,43.0,36.0,30.1,-98.4,-80.0,-61.2,-42.5,-23.8,-6.5,8.0,19.6,24.2,24.7,19.4,9.9,-4.1,-22.4,-43.3,-65.0,-86.6,-116.1,-124.2,-125.2,-122.1,-116.6,-115.0,-119.5,-119.9,-116.0,-107.2,-98.9,-86.8,-75.0,-63.1,-53.2,-50.3,-48.0,-49.4,-51.0,-99.1,-103.9,-102.7,-96.2,-94.8,-95.4,-93.5,-99.1,-98.3,-93.0,-90.4,-90.9,-24.3,-30.7,-33.5,-31.4,-32.6,-28.6,-21.9,-14.2,-11.9,-11.8,-12.8,-16.3,-24.1,-26.7,-26.0,-26.0,-22.0,-20.7,-20.7,-21.9,734.1,733.5,733.9,734.9,731.6,723.4,710.7,692.9,681.8,681.6,690.2,700.0,705.6,707.8,707.0,704.9,705.0,709.8,702.4,693.5,684.6,678.4,671.1,670.5,671.8,672.5,673.9,672.3,664.7,657.2,649.8,669.4,664.3,660.3,660.4,661.5,701.4,695.7,691.4,688.3,691.0,695.0,676.6,674.7,673.2,674.0,672.1,673.5,684.8,669.9,663.0,660.1,658.5,661.8,669.7,662.0,658.8,660.4,663.5,671.3,680.5,664.8,661.5,660.0,668.4,660.5,662.1,665.3,0.598,-0.010,0.250,0.079,323.089,135.599,-22.956,-21.194,-14.438,18.280,-13.044,-0.833,5.123,6.364,2.335,4.775,-5.592,0.912,-0.770,-3.804,0.242,0.196,0.312,-2.367,-1.007,-0.249,1.038,-0.086,0.180,-0.295,0.047,-0.818,0.274,0.089,-0.007,-0.047,0.124,-0.082,-0.018,0.038,0.00,0.00,0.82,0.00,0.40,3.48,0.00,0.06,0.00,0.00,1.12,0.29,0.00,0.11,0.00,0.08,0.04,0.00,1.00,1.00,0.00,1.00,1.00,0.00,0.00,0.00,0.00,0.00,0.00,0.00,0.00,0.00,0.00,0.00,1.00
222,0,22.100,0.98,1,-0.151724,0.126661,-0.980274,-0.289178,0.123412,-0.949287,-0.225,0.129,303.9,305.1,307.8,310.4,311.3,310.3,307.4,304.8,300.8,302.2,304.3,307.1,310.1,312.4,314.0,312.0,309.3,306.6,304.1,302.1,306.5,307.6,308.8,309.4,308.9,307.8,306.6,306.1,338.2,339.4,342.2,345.1,346.2,345.0,342.1,339.1,335.4,337.2,339.6,342.8,345.8,348.2,349.7,348.1,345.7,343.0,340.1,337.4,340.9,342.1,343.4,343.9,343.4,342.2,340.9,340.4,109.7,107.0,105.9,107.1,109.8,112.7,113.6,112.4,111.3,109.5,108.3,107.7,108.4,109.8,111.8,112.7,112.9,113.0,112.8,112.3,111.0,111.5,111.1,109.9,108.7,108.2,108.7,109.9,110.6,107.8,106.7,108.0,110.9,113.7,114.8,113.7,112.5,110.6,109.2,108.7,109.5,110.8,112.7,113.7,114.1,114.1,113.8,113.5,112.1,112.6,112.2,110.9,109.7,109.1,109.6,110.8,10.6,12.6,16.7,20.6,22.0,20.4,15.9,12.0,5.9,8.0,11.2,15.5,20.0,23.6,26.1,23.0,18.8,14.7,10.9,7.9,14.6,16.3,18.1,19.0,18.4,16.7,14.9,14.0,60.2,62.0,66.3,70.4,72.0,70.1,65.8,61.4,56.2,58.7,62.2,66.8,71.4,75.1,77.7,74.9,71.2,67.0,62.8,58.9,64.2,66.0,67.8,68.7,68.0,66.2,64.3,63.5,-91.3,-95.5,-97.1,-95.1,-90.8,-86.3,-85.0,-86.9,-89.6,-92.0,-93.4,-94.0,-92.9,-90.7,-87.8,-86.3,-85.8,-85.7,-86.3,-87.5,-89.2,-88.3,-89.0,-90.9,-92.8,-93.6,-92.9,-91.1,-85.3,-89.6,-91.2,-89.4,-85.0,-80.8,-79.1,-80.7,-82.6,-85.3,-87.2,-87.9,-87.0,-85.4,-83.0,-81.1,-80.2,-80.0,-80.3,-81.0,-83.2,-82.4,-83.1,-85.0,-86.9,-87.7,-87.0,-85.1,628.3,628.8,628.3,627.1,625.8,625.4,625.8,627.0,633.2,630.5,627.6,625.6,625.2,625.7,626.6,625.4,624.6,625.1,627.1,630.1,627.8,627.3,627.1,627.3,627.8,628.4,628.6,628.4,595.9,597.0,597.9,597.9,597.1,596.0,595.2,595.3,597.0,595.9,595.1,595.0,596.5,599.0,601.6,598.6,595.9,594.4,594.3,595.5,596.7,596.7,597.1,597.6,597.9,597.9,597.5,597.1,43.0,-55.3,677.5,0.057,0.291,0.077,291.6,290.4,290.6,291.7,293.2,296.3,301.0,307.9,317.7,329.0,340.3,350.9,359.4,365.0,368.2,370.1,371.4,294.7,298.6,304.6,311.0,316.6,330.6,338.4,346.2,353.5,358.6,322.6,321.2,319.8,318.3,312.4,315.8,319.5,324.1,328.6,300.7,304.6,309.7,314.0,309.4,304.2,335.3,340.0,345.5,349.9,345.6,340.2,306.7,310.8,315.8,319.4,323.6,330.3,336.9,330.1,323.6,319.0,315.1,310.3,309.0,315.6,319.3,323.6,334.2,323.5,319.1,315.4,114.2,124.5,135.0,145.5,155.9,165.5,173.8,180.7,183.6,183.8,180.5,174.7,166.5,156.0,143.9,131.3,118.7,102.2,96.8,95.2,96.1,98.8,99.0,96.3,96.1,98.6,104.1,108.9,115.7,122.4,129.4,136.5,138.1,139.3,138.5,137.6,111.3,108.0,108.3,111.9,113.0,113.0,112.6,109.1,109.4,112.7,114.1,113.9,154.5,150.2,148.3,149.6,148.8,151.4,155.6,160.3,161.6,161.7,161.1,159.1,154.5,152.6,153.0,152.9,155.6,156.2,156.2,155.6,-9.7,-11.9,-11.5,-9.6,-6.8,-1.3,7.0,18.6,34.5,53.3,73.1,92.3,107.8,117.8,123.2,125.9,128.3,-3.9,2.7,12.9,23.4,32.6,55.3,67.9,80.9,93.0,101.6,42.1,39.4,36.7,33.9,25.2,30.5,36.4,43.9,51.1,6.4,12.9,21.5,28.7,20.9,12.3,63.4,71.0,79.8,87.2,79.9,71.2,16.3,22.6,30.5,36.1,42.9,53.9,65.3,53.7,42.9,35.6,29.4,21.9,20.0,30.3,36.0,42.9,60.8,42.8,35.8,30.0,-98.5,-79.9,-61.0,-42.2,-23.5,-6.2,8.3,19.8,24.4,24.7,19.4,9.8,-4.3,-22.5,-43.4,-65.0,-86.7,-116.0,-124.1,-125.2,-122.1,-116.5,-114.9,-119.4,-119.8,-115.8,-107.0,-98.8,-86.7,-75.0,-63.0,-53.2,-50.2,-48.0,-49.4,-50.9,-99.0,-103.8,-102.7,-96.2,-94.8,-95.4,-93.4,-99.0,-98.1,-92.9,-90.2,-90.8,-24.3,-30.8,-33.5,-31.4,-32.6,-28.6,-21.9,-14.1,-11.9,-11.8,-12.8,-16.3,-24.1,-26.7,-26.0,-26.0,-21.9,-20.7,-20.7,-21.9,733.8,733.2,733.6,734.6,731.1,722.8,710.0,692.1,681.0,680.8,689.3,698.9,704.4,706.5,705.6,703.5,703.6,709.0,701.6,692.8,683.8,677.7,670.2,669.5,670.8,671.5,672.8,671.5,663.9,656.5,649.0,668.6,663.5,659.5,659.6,660.7,700.6,694.9,690.6,687.5,690.2,694.2,675.6,673.8,672.2,673.0,671.1,672.6,684.1,669.2,662.2,659.3,657.7,661.0,668.8,661.1,658.0,659.6,662.6,670.5,679.8,664.0,660.7,659.2,667.5,659.7,661.2,664.5,0.599,-0.010,0.255,0.078,323.090,135.593,-23.043,-20.245,-14.447,17.943,-13.193,-0.907,5.179,6.117,2.063,4.573,-5.646,0.794,-0.743,-3.908,0.230,0.231,0.331,-2.329,-0.891,-0.224,0.947,-0.068,0.151,-0.294,0.032,-0.836,0.262,0.088,-0.010,-0.043,0.124,-0.084,-0.015,0.036,0.07,0.00,0.75,0.00,0.50,3.61,0.00,0.05,0.00,0.00,0.69,0.17,0.08,0.07,0.00,0.08,0.04,0.00,1.00,1.00,0.00,1.00,1.00,0.00,0.00,0.00,0.00,0.00,0.00,0.00,0.00,0.00,0.00,0.00,1.00
223,0,22.200,0.98,1,-0.148677,0.101572,-0.983656,-0.277427,0.094752,-0.956063,-0.216,0.101,309.4,310.9,313.8,316.4,317.1,315.9,312.8,310.2,306.1,307.7,309.9,312.9,315.9,318.2,319.8,317.6,314.9,312.0,309.5,307.4,312.0,313.2,314.4,315.1,314.7,313.6,312.3,311.7,344.5,345.8,348.7,351.6,352.8,351.5,348.6,345.4,341.5,343.4,346.0,349.4,352.4,354.8,356.2,354.6,352.2,349.5,346.4,343.6,347.2,348.5,349.8,350.4,349.9,348.6,347.3,346.7,108.5,105.8,104.8,106.2,109.0,112.0,112.7,111.3,110.0,108.2,107.1,106.6,107.5,109.1,111.3,112.0,112.0,112.0,111.7,111.1,110.0,110.6,110.2,109.0,107.8,107.2,107.6,108.8,110.8,108.0,106.9,108.3,111.4,114.2,115.3,114.1,112.8,110.8,109.5,109.0,109.9,111.4,113.4,114.3,114.6,114.5,114.2,113.8,112.5,113.1,112.6,111.4,110.0,109.4,109.9,111.1,18.4,20.6,24.9,28.7,29.8,27.9,23.3,19.5,13.6,15.9,19.2,23.5,27.9,31.3,33.7,30.5,26.3,22.2,18.5,15.5,22.3,23.9,25.8,26.8,26.3,24.6,22.8,21.8,66.6,68.5,72.8,76.9,78.4,76.4,72.2,67.8,62.4,65.0,68.6,73.3,77.8,81.5,83.9,81.2,77.5,73.3,69.1,65.2,70.5,72.3,74.2,75.0,74.4,72.6,70.7,69.9,-89.7,-93.8,-95.2,-93.0,-88.6,-84.2,-83.2,-85.3,-88.2,-90.5,-91.8,-92.1,-90.8,-88.4,-85.3,-84.1,-83.9,-84.1,-84.8,-86.1,-87.4,-86.4,-87.0,-88.8,-90.7,-91.7,-91.1,-89.3,-81.5,-85.7,-87.3,-85.4,-81.0,-76.8,-75.2,-76.8,-78.9,-81.5,-83.3,-84.0,-83.0,-81.3,-78.8,-77.1,-76.3,-76.2,-76.6,-77.3,-79.3,-78.5,-79.2,-81.0,-83.0,-83.8,-83.1,-81.3,605.2,605.9,605.4,604.1,602.7,602.2,602.5,603.8,610.1,607.4,604.6,602.7,602.2,602.6,603.4,602.2,601.4,601.9,603.8,606.8,604.7,604.1,603.9,604.2,604.8,605.4,605.6,605.3,571.8,573.1,574.2,574.4,573.6,572.3,571.2,571.2,572.7,571.8,571.1,571.3,573.0,575.7,578.2,575.1,572.2,570.5,570.2,571.3,572.8,572.9,573.3,573.9,574.2,574.2,573.7,573.1,51.4,-55.7,677.3,0.044,0.286,0.103,296.8,295.5,295.4,295.9,297.2,300.3,305.1,311.8,321.6,333.1,344.6,355.2,363.6,369.2,372.4,374.5,376.0,299.7,303.9,310.5,317.3,323.4,336.5,344.3,352.5,360.2,365.2,329.0,327.3,325.7,323.9,317.1,320.7,324.6,329.6,334.3,306.0,310.2,315.5,319.8,314.9,309.6,341.3,346.5,352.1,356.4,352.0,346.6,309.3,314.2,319.8,324.1,329.4,336.5,343.6,336.1,328.8,323.1,318.4,313.2,311.6,319.4,323.9,329.3,340.8,329.0,323.6,319.1,114.1,124.5,135.2,145.8,156.0,165.1,173.0,179.3,182.0,182.4,179.2,173.8,166.0,156.1,144.6,132.6,120.7,102.1,96.3,94.7,95.8,99.1,99.8,96.9,97.0,99.8,105.8,108.7,115.7,122.7,129.9,136.5,138.2,139.7,138.9,138.2,110.0,106.9,107.4,111.5,112.1,111.8,112.9,109.3,109.8,113.4,114.6,114.2,152.5,149.2,148.0,149.5,148.9,151.4,155.3,159.5,160.8,160.6,159.8,157.4,152.8,152.1,152.9,152.9,155.2,155.2,155.1,154.2,-0.4,-2.8,-3.0,-1.9,0.4,5.9,14.0,25.0,40.9,60.0,80.4,99.8,115.0,125.2,130.7,134.1,136.9,4.8,11.9,22.9,33.9,43.7,64.9,77.7,91.4,104.1,112.8,52.5,49.2,46.0,42.7,32.9,38.4,44.5,52.6,60.3,15.4,22.4,31.3,38.4,30.3,21.4,73.4,81.9,90.9,98.1,90.6,81.8,20.7,28.2,36.9,43.7,52.2,64.0,76.4,63.4,51.2,42.1,34.7,26.7,24.4,36.5,43.5,52.1,71.7,51.7,43.0,35.9,-98.9,-80.0,-60.8,-41.8,-23.4,-6.8,6.9,17.3,21.6,22.3,17.2,8.2,-5.1,-22.5,-42.3,-62.9,-83.7,-116.5,-125.0,-126.1,-122.4,-115.7,-113.6,-118.3,-118.4,-114.1,-104.6,-99.1,-86.5,-74.3,-62.0,-53.2,-50.0,-47.3,-48.5,-49.8,-101.1,-105.7,-104.2,-96.8,-96.2,-97.2,-92.9,-98.7,-97.6,-91.8,-89.5,-90.3,-27.7,-32.5,-34.1,-31.5,-32.4,-28.6,-22.5,-15.4,-13.3,-13.5,-14.9,-19.0,-27.1,-27.5,-26.1,-25.9,-22.5,-22.2,-22.4,-24.0,734.9,733.9,734.1,735.0,731.2,721.8,707.2,688.3,677.5,678.7,688.7,699.2,704.8,707.6,706.9,705.7,706.9,710.1,701.7,692.2,682.3,675.7,670.5,669.6,671.4,672.7,674.7,670.5,662.4,654.2,646.3,667.8,662.1,657.6,658.2,659.4,699.5,693.9,689.8,686.8,689.2,692.9,676.1,674.6,673.1,673.8,671.8,673.3,685.8,670.0,661.9,658.7,657.3,661.1,669.6,661.4,656.9,658.1,661.6,671.0,681.6,663.7,660.1,658.9,668.2,658.9,660.1,663.8,0.599,-0.024,0.238,0.104,328.209,135.342,-18.005,-15.097,-8.125,13.470,-10.435,5.890,-1.273,5.561,0.830,10.021,-2.488,-0.867,0.995,1.292,-2.492,0.976,0.264,-1.338,0.156,-0.966,0.375,-1.487,-0.845,-0.086,0.715,-1.400,-0.176,-0.036,0.020,0.104,0.101,-0.012,0.023,-0.026,0.16,0.00,0.68,0.00,0.46,3.69,0.00,0.02,0.00,0.00,0.34,0.20,0.08,0.06,0.00,0.02,0.00,0.00,1.00,1.00,0.00,1.00,1.00,0.00,0.00,0.00,0.00,0.00,0.00,0.00,0.00,0.00,0.00,0.00,0.00
224,0,22.300,0.98,1,-0.103587,0.106256,-0.988928,-0.237574,0.099455,-0.966265,-0.173,0.105,308.3,309.7,312.6,315.3,316.2,315.0,311.9,309.2,305.0,306.5,308.8,311.8,315.0,317.3,318.9,316.8,314.0,311.1,308.5,306.3,311.0,312.2,313.5,314.1,313.7,312.5,311.3,310.6,344.1,345.3,348.3,351.1,352.3,351.0,348.1,345.0,341.1,343.0,345.6,348.9,352.0,354.3,355.7,354.1,351.8,349.0,346.0,343.1,346.8,348.0,349.3,349.9,349.4,348.1,346.8,346.3,108.2,105.4,104.4,105.7,108.6,111.7,112.5,111.1,109.8,107.9,106.7,106.2,107.0,108.7,110.9,111.8,111.9,111.9,111.6,111.0,109.7,110.3,109.9,108.6,107.4,106.8,107.3,108.5,110.3,107.4,106.3,107.7,110.8,113.7,114.7,113.5,112.3,110.2,108.8,108.3,109.2,110.7,112.7,113.8,114.1,114.1,113.8,113.3,111.9,112.5,112.0,110.8,109.4,108.8,109.3,110.6,16.4,18.5,22.7,26.5,27.8,26.0,21.5,17.7,11.7,13.8,17.1,21.4,25.9,29.4,31.7,28.6,24.5,20.3,16.6,13.6,20.4,22.0,23.9,24.8,24.2,22.5,20.7,19.8,65.8,67.7,72.0,76.1,77.6,75.7,71.4,67.0,61.7,64.3,67.9,72.5,77.1,80.7,83.1,80.4,76.7,72.6,68.4,64.5,69.7,71.5,73.4,74.2,73.6,71.8,69.9,69.1,-88.2,-92.4,-93.8,-91.7,-87.3,-82.9,-81.8,-83.8,-86.7,-89.1,-90.4,-90.8,-89.6,-87.2,-84.1,-82.7,-82.4,-82.4,-83.1,-84.5,-86.0,-85.1,-85.7,-87.5,-89.4,-90.3,-89.7,-87.9,-82.1,-86.4,-88.0,-86.1,-81.7,-77.5,-75.9,-77.5,-79.5,-82.2,-84.1,-84.8,-83.9,-82.2,-79.6,-77.8,-76.9,-76.6,-77.1,-77.8,-80.0,-79.2,-79.9,-81.8,-83.7,-84.5,-83.8,-81.9,592.4,593.0,592.5,591.3,590.1,589.8,590.1,591.3,597.4,594.6,591.8,589.9,589.5,590.1,591.0,589.8,589.0,589.4,591.3,594.2,592.1,591.5,591.3,591.6,592.1,592.6,592.8,592.6,570.7,572.0,573.1,573.4,572.7,571.5,570.4,570.2,571.6,570.7,570.1,570.3,572.1,574.8,577.4,574.3,571.4,569.7,569.3,570.3,571.8,571.9,572.4,572.9,573.2,573.1,572.6,572.1,51.2,-56.7,678.9,0.048,0.211,0.095,294.2,293.0,293.2,294.0,295.5,298.8,304.1,311.6,321.7,332.9,343.8,354.0,362.1,367.6,370.9,373.1,374.5,298.5,302.9,309.7,316.6,322.6,336.8,344.5,352.4,359.7,364.5,328.7,327.6,326.4,325.1,318.0,321.6,325.4,330.0,334.3,304.9,309.1,314.6,318.9,314.1,308.6,341.0,346.0,351.6,355.9,351.7,346.1,311.6,316.6,321.7,325.2,329.4,335.3,341.1,335.0,329.1,324.6,320.7,315.9,314.0,321.3,325.0,329.2,338.4,329.1,324.8,321.2,113.6,123.9,134.4,144.9,155.1,164.2,172.1,178.6,181.4,181.9,178.7,173.3,165.6,155.4,143.9,131.9,119.8,100.8,95.5,94.1,95.4,98.5,99.1,96.4,96.3,98.9,104.6,108.5,115.6,122.5,129.7,136.2,137.9,139.2,138.5,137.6,109.8,106.4,106.9,111.0,111.9,111.8,112.3,108.6,109.1,112.7,114.2,113.8,153.3,149.6,148.0,149.3,148.5,151.1,155.0,158.6,159.6,159.5,158.9,157.1,153.3,152.1,152.6,152.6,154.9,154.2,154.2,153.5,-5.0,-7.1,-6.9,-5.4,-2.6,3.3,12.4,24.9,41.4,60.3,79.8,98.8,114.1,124.2,130.2,133.6,136.1,2.6,10.2,21.5,32.9,42.6,65.7,78.6,92.1,104.5,113.1,52.5,49.9,47.4,44.7,34.4,40.0,46.1,53.6,60.7,13.5,20.6,29.8,37.1,28.9,19.7,73.4,81.7,91.0,98.4,91.0,81.7,24.4,32.1,40.1,45.7,52.5,62.4,72.8,61.9,52.0,44.8,38.6,31.1,28.3,39.7,45.4,52.3,68.2,52.1,45.2,39.4,-99.5,-80.9,-62.1,-43.4,-25.0,-8.4,5.3,16.3,20.8,21.7,16.6,7.5,-6.0,-23.9,-44.1,-65.2,-86.4,-118.4,-126.4,-127.1,-123.5,-117.4,-115.5,-120.0,-120.7,-116.8,-107.8,-100.0,-87.3,-75.0,-62.7,-53.8,-50.6,-48.2,-49.5,-51.1,-101.7,-106.6,-105.2,-97.9,-96.7,-97.5,-94.6,-100.7,-99.8,-94.0,-91.2,-91.8,-26.3,-31.8,-34.2,-32.0,-33.2,-29.2,-23.0,-16.9,-15.3,-15.4,-16.4,-19.5,-26.1,-27.5,-26.7,-26.6,-23.3,-24.0,-24.0,-25.3,733.3,732.9,733.2,734.1,731.0,722.6,709.8,692.7,683.0,685.1,695.9,707.8,715.2,718.2,718.3,716.5,716.5,708.8,701.3,693.0,684.5,678.9,674.4,674.9,677.8,680.2,683.1,674.8,666.5,658.4,650.2,669.5,664.9,661.5,662.3,664.1,700.9,695.4,691.6,689.2,691.3,694.8,681.5,680.6,680.1,682.0,679.0,679.4,682.7,669.5,663.8,661.8,661.1,665.4,673.6,665.0,660.9,661.6,663.7,670.1,678.7,665.6,663.1,662.7,671.5,662.7,663.2,665.7,0.596,-0.016,0.155,0.096,327.967,134.840,-13.970,-17.276,-19.216,19.449,-10.087,2.640,3.661,6.178,1.358,5.211,-2.278,1.008,0.625,-2.511,2.084,-1.739,0.066,-2.784,-0.303,1.122,0.761,0.451,-0.326,0.246,0.698,-0.682,0.238,0.034,-0.038,-0.080,0.082,-0.067,-0.022,0.062,0.33,0.00,0.58,0.00,0.47,3.78,0.00,0.00,0.00,0.00,0.08,0.16,0.08,0.02,0.00,0.00,0.00,0.00,1.00,1.00,0.00,1.00,1.00,0.00,0.00,0.00,0.00,0.00,0.00,0.00,0.00,0.00,0.00,0.00,0.00
225,0,22.400,0.98,1,-0.096545,0.098571,-0.990436,-0.233143,0.089765,-0.968291,-0.167,0.096,306.7,308.0,310.9,313.5,314.4,313.3,310.3,307.6,303.4,304.9,307.1,310.1,313.2,315.5,317.1,315.0,312.3,309.4,306.8,304.7,309.4,310.5,311.8,312.4,312.0,310.8,309.6,309.0,342.1,343.4,346.3,349.1,350.2,348.9,346.0,343.0,339.2,341.0,343.6,346.9,349.9,352.1,353.5,352.0,349.7,347.0,344.0,341.2,344.8,346.0,347.3,347.8,347.3,346.1,344.8,344.3,108.3,105.6,104.5,105.8,108.6,111.6,112.4,111.2,109.9,108.0,106.8,106.3,107.0,108.6,110.8,111.7,111.9,111.9,111.7,111.1,109.8,110.3,109.9,108.7,107.4,106.9,107.4,108.6,110.0,107.2,106.2,107.6,110.6,113.4,114.4,113.3,112.0,110.0,108.6,108.2,109.0,110.5,112.6,113.6,113.9,113.9,113.5,113.1,111.6,112.3,111.8,110.6,109.3,108.7,109.1,110.3,14.4,16.4,20.6,24.4,25.7,24.0,19.6,15.7,9.5,11.7,15.0,19.3,23.9,27.3,29.7,26.6,22.5,18.3,14.5,11.5,18.3,20.0,21.8,22.7,22.1,20.4,18.6,17.7,64.3,66.2,70.5,74.5,76.0,74.1,69.8,65.4,60.2,62.7,66.3,71.0,75.5,79.1,81.5,78.8,75.1,71.1,66.8,62.9,68.2,70.0,71.8,72.7,72.0,70.2,68.4,67.5,-89.8,-93.9,-95.5,-93.4,-89.1,-84.6,-83.4,-85.4,-88.1,-90.6,-92.0,-92.5,-91.3,-89.0,-85.9,-84.5,-84.1,-84.1,-84.7,-86.0,-87.6,-86.7,-87.4,-89.2,-91.1,-92.0,-91.3,-89.5,-84.0,-88.2,-89.8,-87.9,-83.5,-79.3,-77.7,-79.4,-81.4,-84.1,-86.0,-86.6,-85.7,-83.9,-81.3,-79.5,-78.6,-78.4,-78.9,-79.7,-81.9,-81.0,-81.7,-83.6,-85.5,-86.3,-85.6,-83.8,604.0,604.6,604.2,603.1,601.9,601.4,601.7,602.8,608.9,606.2,603.4,601.6,601.3,601.8,602.7,601.4,600.6,601.0,602.8,605.7,603.6,603.1,603.0,603.2,603.8,604.3,604.4,604.2,581.5,582.8,583.8,584.1,583.4,582.2,581.1,581.0,582.4,581.5,580.9,581.1,582.8,585.5,588.1,585.0,582.2,580.4,580.1,581.1,582.6,582.7,583.1,583.7,584.0,583.9,583.4,582.9,48.9,-57.7,681.8,0.029,0.219,0.073,292.0,291.2,291.5,292.4,294.3,298.2,303.8,311.5,321.9,333.6,344.7,354.6,361.9,366.4,369.0,370.7,371.7,296.3,300.8,307.7,314.8,321.1,335.2,343.1,351.2,358.4,362.8,327.4,326.2,325.0,323.8,316.7,320.3,324.1,328.5,332.6,303.3,307.4,312.9,317.1,312.3,306.9,339.1,344.0,349.5,353.7,349.5,344.1,309.9,315.0,320.1,323.6,327.7,333.5,339.3,333.0,327.2,322.8,318.9,314.2,312.1,319.8,323.4,327.6,336.7,327.3,323.1,319.5,114.5,125.6,136.6,147.4,157.4,166.2,173.1,178.6,180.7,180.5,176.7,170.6,162.4,152.1,141.0,129.5,118.0,102.0,96.2,94.2,95.1,98.0,98.6,96.2,96.4,99.3,105.4,108.1,114.9,121.7,128.8,135.9,137.4,138.7,138.0,137.0,110.0,106.6,106.9,110.9,111.9,111.8,112.1,108.5,109.0,112.6,114.0,113.6,152.9,149.5,147.9,149.2,148.5,150.9,154.5,157.4,158.0,157.9,157.4,156.0,152.9,151.9,152.4,152.3,154.3,152.9,152.9,152.3,-9.1,-10.6,-10.1,-8.4,-4.9,2.1,11.9,24.6,41.7,61.5,81.4,99.9,113.7,122.0,126.6,129.3,131.3,-1.2,6.6,18.3,30.0,40.3,63.5,76.8,90.6,103.1,111.1,50.6,48.0,45.4,42.9,32.4,38.1,44.0,51.4,58.2,10.8,17.9,27.0,34.1,26.1,16.9,70.7,78.8,88.1,95.3,87.9,78.9,21.6,29.7,37.7,43.3,50.0,59.8,70.2,58.9,49.1,41.9,35.8,28.3,25.2,37.3,43.1,49.9,65.5,49.4,42.6,36.8,-99.0,-79.0,-58.8,-39.2,-20.8,-5.0,7.2,16.3,19.5,19.3,13.1,2.8,-11.6,-29.8,-49.3,-69.4,-89.7,-117.2,-126.0,-127.9,-124.7,-118.7,-117.1,-121.2,-121.5,-117.0,-107.4,-101.3,-88.8,-76.6,-64.4,-54.5,-51.7,-49.4,-50.6,-52.2,-101.8,-106.8,-105.7,-98.6,-97.1,-97.7,-95.7,-101.6,-100.7,-94.8,-92.1,-92.8,-27.0,-32.2,-34.5,-32.3,-33.5,-29.7,-24.1,-18.9,-17.8,-18.0,-18.9,-21.5,-27.0,-28.0,-27.2,-27.2,-24.3,-26.2,-26.2,-27.3,742.1,741.6,741.2,740.2,734.6,724.6,709.9,692.1,682.9,685.8,697.4,708.2,714.9,717.4,717.6,716.2,717.1,713.5,706.1,697.7,688.8,682.4,678.4,679.6,682.7,685.2,688.7,678.3,669.8,661.3,653.1,672.1,667.6,664.3,665.0,666.7,703.2,698.4,694.7,692.5,694.0,697.4,685.7,684.6,684.0,686.0,682.9,683.5,685.3,672.8,667.0,665.1,664.6,668.7,676.6,667.3,663.1,663.3,665.6,672.2,681.5,668.4,666.1,666.0,674.3,665.1,665.1,667.5,0.593,-0.036,0.173,0.072,326.467,134.444,-12.805,-2.482,-21.445,14.626,-7.808,4.466,-0.134,-1.497,1.539,6.863,-2.729,-0.994,0.895,-3.343,1.965,-0.098,0.719,-2.547,-0.630,0.762,0.201,0.324,-0.512,0.695,0.082,-0.816,0.000,0.066,-0.069,-0.025,0.071,-0.017,-0.013,0.038,0.45,0.00,0.54,0.00,0.49,3.75,0.03,0.00,0.00,0.00,0.07,0.23,0.00,0.02,0.00,0.00,0.00,0.00,1.00,1.00,0.00,1.00,1.00,0.00,0.00,0.00,0.00,0.00,0.00,0.00,0.00,0.00,0.00,0.00,0.00
226,0,22.500,0.98,1,-0.109310,0.110053,-0.987897,-0.247605,0.101643,-0.963515,-0.181,0.108,306.1,307.5,310.3,312.9,313.8,312.7,309.7,307.0,302.9,304.3,306.6,309.5,312.6,314.9,316.5,314.4,311.6,308.8,306.3,304.2,308.8,309.9,311.2,311.8,311.4,310.2,309.0,308.4,341.5,342.8,345.6,348.5,349.6,348.4,345.5,342.4,338.6,340.5,343.0,346.2,349.3,351.6,353.0,351.4,349.1,346.4,343.5,340.7,344.2,345.5,346.7,347.3,346.8,345.5,344.3,343.7,108.3,105.6,104.5,105.7,108.5,111.5,112.3,111.1,109.9,108.0,106.7,106.2,107.0,108.6,110.8,111.6,111.8,111.9,111.6,111.0,109.7,110.3,109.8,108.6,107.4,106.8,107.3,108.5,109.8,107.0,105.9,107.3,110.3,113.1,114.1,113.0,111.8,109.8,108.4,107.9,108.7,110.2,112.2,113.2,113.5,113.5,113.2,112.8,111.4,112.0,111.5,110.3,109.0,108.4,108.8,110.1,13.6,15.6,19.8,23.6,24.9,23.2,18.8,14.9,8.8,10.9,14.2,18.5,23.1,26.5,28.9,25.8,21.6,17.5,13.8,10.7,17.5,19.2,21.0,21.9,21.3,19.6,17.8,16.9,63.6,65.5,69.8,73.9,75.4,73.5,69.2,64.9,59.6,62.1,65.7,70.3,74.9,78.5,80.9,78.2,74.5,70.5,66.2,62.3,67.6,69.4,71.2,72.1,71.4,69.6,67.7,66.9,-90.3,-94.5,-96.0,-93.9,-89.6,-85.1,-83.9,-85.9,-88.6,-91.1,-92.5,-93.0,-91.8,-89.5,-86.4,-85.0,-84.6,-84.6,-85.2,-86.5,-88.1,-87.2,-87.9,-89.7,-91.6,-92.5,-91.8,-90.0,-84.6,-88.8,-90.5,-88.5,-84.2,-80.0,-78.4,-79.9,-81.9,-84.7,-86.6,-87.3,-86.4,-84.6,-82.0,-80.2,-79.3,-79.1,-79.5,-80.2,-82.5,-81.6,-82.4,-84.2,-86.1,-86.9,-86.2,-84.4,607.0,607.5,607.1,605.9,604.7,604.3,604.6,605.7,611.9,609.2,606.4,604.5,604.1,604.6,605.4,604.3,603.4,603.9,605.8,608.7,606.6,606.0,605.9,606.1,606.6,607.2,607.4,607.1,583.1,584.4,585.4,585.6,584.9,583.6,582.6,582.6,584.0,583.1,582.5,582.6,584.3,586.9,589.5,586.4,583.6,581.9,581.6,582.7,584.1,584.2,584.6,585.2,585.5,585.4,584.9,584.4,48.0,-57.2,678.7,0.046,0.241,0.063,291.9,291.1,291.4,292.5,294.6,298.5,304.2,311.6,321.9,333.5,344.7,354.8,362.2,366.9,369.6,371.3,372.4,295.9,300.3,307.1,314.1,320.3,334.2,342.1,350.2,357.5,362.2,326.5,325.2,323.9,322.6,315.8,319.4,323.2,327.7,331.9,302.8,306.9,312.2,316.5,311.7,306.3,338.5,343.4,348.9,353.2,349.0,343.5,309.6,314.6,319.6,323.0,327.2,333.1,339.2,332.7,326.9,322.4,318.6,313.9,311.8,319.4,322.9,327.1,336.5,326.9,322.7,319.1,114.5,125.6,136.6,147.5,157.6,166.5,173.6,179.1,181.1,180.8,176.7,170.6,162.3,152.0,140.9,129.3,117.8,102.0,96.3,94.4,95.4,98.3,98.7,96.3,96.3,99.1,105.0,108.1,115.1,122.1,129.3,136.1,137.7,139.0,138.2,137.2,109.9,106.5,106.9,110.8,111.9,111.8,111.9,108.2,108.6,112.2,113.6,113.3,153.0,149.7,148.2,149.4,148.6,150.9,154.3,157.4,158.2,158.2,157.7,156.3,153.0,152.1,152.5,152.4,154.2,153.2,153.3,152.7,-9.3,-10.7,-10.1,-8.1,-4.4,2.7,12.4,24.7,41.5,61.2,81.1,99.7,113.6,122.2,126.9,129.5,131.5,-1.9,5.6,17.2,28.7,38.7,61.4,74.5,88.2,100.7,109.0,48.8,46.0,43.4,40.7,30.8,36.4,42.4,49.8,56.8,9.9,16.8,25.8,32.8,24.9,15.8,69.3,77.2,86.3,93.7,86.3,77.3,21.1,28.9,36.7,42.2,48.9,58.8,69.6,58.2,48.3,41.2,35.1,27.8,24.7,36.5,42.1,49.0,64.9,48.6,41.7,36.1,-98.7,-78.7,-58.6,-38.9,-20.4,-4.5,7.9,17.1,20.2,19.7,13.2,2.7,-11.7,-29.7,-49.2,-69.1,-89.3,-116.6,-125.1,-126.8,-123.5,-117.5,-116.0,-120.1,-120.6,-116.4,-107.0,-100.6,-87.9,-75.6,-63.2,-53.8,-50.9,-48.6,-49.9,-51.7,-101.4,-106.4,-105.2,-98.2,-96.7,-97.3,-95.3,-101.2,-100.4,-94.7,-91.9,-92.5,-26.7,-31.7,-33.9,-31.8,-33.0,-29.6,-24.3,-18.8,-17.4,-17.4,-18.3,-20.9,-26.6,-27.6,-26.8,-27.0,-24.4,-25.7,-25.5,-26.6,739.6,739.4,739.1,738.3,733.0,722.9,708.2,690.4,681.0,683.4,694.1,704.3,710.5,712.9,713.0,711.5,712.2,710.2,702.3,693.7,684.6,678.2,673.7,674.2,676.9,679.0,682.2,673.9,665.7,657.3,649.2,668.6,664.0,660.5,661.1,662.7,700.0,694.8,690.9,688.7,690.4,694.0,680.7,679.3,678.5,680.3,677.5,678.2,683.0,670.1,664.0,662.0,661.4,665.3,673.1,664.3,660.2,660.6,662.9,669.7,679.2,665.4,663.1,662.8,671.0,662.1,662.3,664.8,0.597,-0.020,0.197,0.063,326.079,134.525,-11.482,-3.835,-19.730,13.510,-7.318,5.259,2.022,-1.152,1.419,6.352,-1.862,-0.155,0.967,-3.595,1.879,-0.921,0.108,-2.231,0.244,1.156,0.753,0.308,-0.855,0.369,0.430,-0.682,0.103,0.003,-0.089,-0.050,0.039,-0.039,0.001,0.063,0.48,0.01,0.51,0.03,0.57,3.69,0.03,0.01,0.00,0.00,0.20,0.33,0.00,0.00,0.06,0.08,0.00,0.00,1.00,1.00,0.00,1.00,1.00,0.00,0.00,0.00,0.00,0.00,1.00,0.00,0.00,0.00,0.00,0.00,0.00
227,0,22.600,0.98,1,-0.132209,0.114533,-0.984583,-0.272809,0.106059,-0.956204,-0.206,0.113,303.3,304.7,307.6,310.2,311.0,309.8,306.8,304.1,300.0,301.5,303.8,306.8,309.8,312.2,313.7,311.6,308.8,305.9,303.4,301.3,305.9,307.1,308.3,309.0,308.6,307.4,306.2,305.6,339.0,340.3,343.2,346.1,347.2,345.9,343.0,339.9,336.0,337.9,340.4,343.7,346.9,349.3,350.8,349.1,346.7,343.9,340.9,338.1,341.7,343.0,344.3,344.8,344.3,343.1,341.8,341.2,107.0,104.3,103.3,104.5,107.4,110.4,111.2,109.9,108.6,106.6,105.4,104.9,105.7,107.5,109.8,110.6,110.7,110.7,110.4,109.8,108.5,109.1,108.6,107.4,106.2,105.6,106.1,107.3,109.1,106.3,105.2,106.6,109.6,112.5,113.5,112.4,111.2,109.0,107.6,107.1,108.0,109.5,111.7,112.7,113.0,113.0,112.6,112.2,110.7,111.3,110.9,109.6,108.3,107.7,108.2,109.4,9.2,11.3,15.5,19.3,20.5,18.7,14.3,10.4,4.5,6.6,9.9,14.2,18.7,22.1,24.4,21.3,17.2,13.0,9.4,6.4,13.1,14.8,16.6,17.5,17.0,15.3,13.5,12.6,58.9,60.9,65.1,69.2,70.7,68.7,64.5,60.1,54.9,57.4,60.9,65.6,70.1,73.8,76.3,73.5,69.8,65.6,61.4,57.6,62.9,64.6,66.5,67.4,66.7,64.9,63.1,62.2,-90.9,-95.0,-96.5,-94.4,-90.0,-85.5,-84.5,-86.5,-89.3,-91.8,-93.2,-93.6,-92.3,-89.9,-86.6,-85.3,-85.0,-85.0,-85.8,-87.1,-88.6,-87.7,-88.4,-90.1,-92.1,-93.0,-92.4,-90.6,-84.1,-88.3,-89.9,-87.9,-83.6,-79.4,-77.8,-79.4,-81.4,-84.2,-86.1,-86.8,-85.8,-84.0,-81.3,-79.5,-78.7,-78.5,-78.9,-79.7,-81.9,-81.1,-81.8,-83.6,-85.5,-86.4,-85.7,-83.8,598.6,599.2,598.7,597.4,596.1,595.7,596.1,597.4,603.6,600.9,598.0,596.0,595.6,596.0,596.8,595.7,594.9,595.5,597.4,600.4,598.1,597.6,597.4,597.6,598.1,598.7,598.9,598.7,573.0,574.3,575.2,575.2,574.4,573.2,572.3,572.3,574.0,573.0,572.3,572.4,573.9,576.4,578.9,575.8,573.1,571.5,571.4,572.5,573.8,573.9,574.3,574.8,575.2,575.1,574.7,574.2,42.2,-56.5,666.9,0.063,0.275,0.077,289.8,288.9,289.3,290.4,292.1,295.7,300.9,308.1,318.3,330.1,341.6,352.0,359.9,364.8,367.7,369.6,370.8,293.4,297.8,304.4,311.2,317.2,331.6,339.4,347.6,354.9,359.7,323.5,322.0,320.5,318.9,312.5,315.9,319.7,324.2,328.5,299.9,304.1,309.5,313.7,308.9,303.5,335.9,340.8,346.5,350.9,346.5,341.0,306.1,310.5,315.6,319.2,323.6,330.0,336.2,329.7,323.3,318.7,314.6,309.8,308.4,315.5,319.2,323.6,333.5,323.5,319.0,315.2,112.8,123.9,135.1,146.0,156.5,165.8,173.5,179.7,182.1,182.0,178.0,171.9,163.6,153.3,141.9,130.2,118.4,100.0,94.5,92.9,94.0,97.2,97.9,95.4,95.4,98.1,103.9,107.3,114.3,121.2,128.4,135.4,137.0,138.3,137.6,136.7,108.6,105.2,105.6,109.9,110.8,110.5,111.2,107.4,107.9,111.7,113.1,112.7,153.2,149.0,147.3,148.6,147.9,150.6,154.9,159.5,160.9,160.9,160.3,158.1,153.2,151.5,151.9,152.0,154.8,155.4,155.4,154.7,-12.8,-14.4,-13.7,-11.8,-8.6,-2.4,6.7,18.5,34.9,54.3,74.2,92.8,106.9,115.5,120.3,123.2,125.4,-6.2,1.3,12.3,23.3,32.9,55.9,68.6,81.9,94.0,102.1,42.8,39.9,37.0,34.2,24.9,30.2,36.0,43.3,50.1,5.0,11.8,20.7,27.6,19.8,10.8,63.5,71.3,80.5,87.8,80.4,71.4,14.9,21.7,29.8,35.4,42.2,52.7,63.4,52.3,41.9,34.5,28.2,20.6,18.6,29.6,35.3,42.3,58.8,42.2,35.1,29.2,-100.0,-80.3,-60.4,-40.9,-22.2,-5.7,7.6,17.8,21.6,21.4,15.1,4.9,-9.2,-26.8,-46.1,-65.9,-86.0,-117.8,-125.8,-126.9,-123.3,-117.0,-114.8,-118.9,-119.2,-115.1,-106.1,-99.8,-87.4,-75.5,-63.4,-54.0,-51.1,-48.7,-49.9,-51.5,-101.7,-106.7,-105.3,-97.9,-96.7,-97.7,-94.2,-100.3,-99.3,-93.3,-90.7,-91.5,-26.0,-32.2,-34.7,-32.5,-33.6,-29.4,-22.7,-15.1,-12.8,-12.8,-13.9,-17.7,-25.8,-28.0,-27.2,-27.1,-22.8,-21.7,-21.6,-22.9,726.5,726.6,726.7,726.5,721.6,711.8,697.5,679.5,669.3,670.2,679.5,688.6,693.8,695.4,694.5,693.0,693.5,696.9,689.1,680.4,671.1,664.8,659.6,659.4,661.1,662.4,664.7,659.9,652.3,644.6,637.1,656.7,652.0,648.3,648.3,649.2,687.7,682.3,678.1,675.5,677.9,681.8,665.9,664.1,662.9,664.4,662.0,663.2,672.1,658.3,651.3,648.9,647.9,651.4,659.0,652.0,649.0,650.0,652.6,659.6,668.3,653.2,650.3,649.6,657.6,650.4,651.3,654.1,0.608,-0.006,0.243,0.078,323.074,134.341,-20.689,-5.232,-15.047,14.986,-7.742,-0.935,4.842,4.095,3.684,6.778,-1.368,-0.726,1.354,-2.732,0.855,-0.262,1.580,-1.572,-0.357,1.105,0.725,0.429,-0.786,0.374,0.402,-0.772,0.265,0.102,0.036,-0.029,0.088,-0.041,-0.012,0.068,0.42,0.01,0.57,0.03,0.57,3.61,0.03,0.04,0.00,0.00,0.25,0.52,0.00,0.00,0.06,0.13,0.00,0.00,1.00,1.00,0.00,1.00,1.00,0.00,0.00,0.00,0.00,0.00,1.00,0.00,0.00,0.00,0.00,0.00,0.00
228,0,22.700,0.98,1,-0.131114,0.114256,-0.984761,-0.271243,0.107122,-0.956531,-0.204,0.114,303.2,304.7,307.5,310.1,311.0,309.8,306.7,304.1,300.0,301.5,303.7,306.7,309.8,312.1,313.7,311.5,308.7,305.9,303.3,301.3,305.9,307.0,308.3,308.9,308.5,307.4,306.1,305.5,338.7,340.0,343.0,345.8,347.0,345.7,342.7,339.6,335.8,337.6,340.2,343.5,346.6,349.0,350.5,348.8,346.4,343.6,340.7,337.8,341.5,342.7,344.0,344.6,344.1,342.8,341.5,341.0,107.1,104.3,103.3,104.6,107.4,110.4,111.2,109.9,108.6,106.7,105.4,104.9,105.8,107.5,109.8,110.6,110.7,110.7,110.4,109.8,108.6,109.1,108.7,107.5,106.2,105.7,106.1,107.3,109.1,106.3,105.2,106.6,109.6,112.5,113.5,112.4,111.2,109.0,107.6,107.1,108.0,109.5,111.6,112.6,113.0,113.0,112.6,112.2,110.7,111.3,110.9,109.6,108.3,107.7,108.2,109.4,9.2,11.2,15.4,19.2,20.4,18.7,14.2,10.4,4.4,6.6,9.9,14.2,18.7,22.1,24.4,21.2,17.1,13.0,9.3,6.3,13.1,14.7,16.5,17.5,16.9,15.3,13.4,12.5,58.8,60.7,65.0,69.1,70.5,68.6,64.4,60.0,54.8,57.3,60.8,65.4,70.0,73.7,76.1,73.4,69.6,65.5,61.3,57.5,62.7,64.5,66.4,67.2,66.6,64.8,62.9,62.1,-90.9,-95.1,-96.5,-94.4,-90.0,-85.6,-84.5,-86.6,-89.4,-91.8,-93.2,-93.7,-92.3,-89.9,-86.7,-85.3,-85.0,-85.1,-85.8,-87.1,-88.7,-87.7,-88.4,-90.2,-92.1,-93.0,-92.4,-90.6,-84.3,-88.5,-90.2,-88.2,-83.9,-79.7,-78.1,-79.7,-81.6,-84.5,-86.4,-87.1,-86.1,-84.3,-81.6,-79.8,-78.9,-78.7,-79.2,-79.9,-82.2,-81.4,-82.1,-83.9,-85.8,-86.6,-85.9,-84.1,599.1,599.6,599.1,597.8,596.5,596.2,596.6,597.8,604.0,601.3,598.5,596.5,596.0,596.5,597.2,596.1,595.4,595.9,597.9,600.8,598.6,598.0,597.8,598.0,598.6,599.1,599.4,599.1,574.8,576.1,577.0,577.1,576.3,575.0,574.1,574.2,575.8,574.9,574.1,574.2,575.8,578.3,580.7,577.7,575.0,573.4,573.2,574.3,575.7,575.7,576.1,576.7,577.0,577.0,576.6,576.0,42.0,-56.8,669.4,0.065,0.267,0.084,289.8,288.8,289.1,290.1,291.7,294.9,300.1,307.2,317.3,328.9,340.4,351.0,359.1,364.4,367.5,369.4,370.7,293.5,297.8,304.3,311.0,317.0,331.4,339.2,347.2,354.4,359.3,323.2,321.8,320.3,318.8,312.3,315.8,319.5,324.1,328.4,299.9,304.0,309.4,313.7,308.9,303.5,335.7,340.6,346.3,350.6,346.3,340.7,305.9,310.3,315.5,319.1,323.5,329.9,336.1,329.6,323.2,318.6,314.5,309.6,308.2,315.3,319.0,323.4,333.4,323.3,318.8,315.1,112.7,123.5,134.4,145.1,155.5,164.8,172.7,179.2,182.0,182.1,178.5,172.5,164.4,154.1,142.5,130.5,118.5,99.8,94.4,92.9,94.0,97.1,97.9,95.3,95.3,97.9,103.5,107.4,114.4,121.3,128.4,135.4,137.0,138.3,137.6,136.7,108.7,105.2,105.7,109.9,110.8,110.6,111.3,107.4,107.9,111.6,113.1,112.7,153.1,149.0,147.2,148.6,147.8,150.5,154.9,159.6,161.0,161.0,160.3,158.0,153.2,151.5,151.9,152.0,154.8,155.5,155.5,154.7,-12.8,-14.6,-14.1,-12.3,-9.5,-3.6,5.3,17.1,33.4,52.7,72.6,91.5,106.2,115.4,120.6,123.6,125.9,-6.1,1.3,12.2,23.1,32.7,55.8,68.4,81.6,93.6,101.8,42.6,39.8,37.0,34.1,24.8,30.1,35.9,43.2,50.1,4.9,11.7,20.7,27.7,19.8,10.8,63.4,71.2,80.3,87.6,80.3,71.3,14.7,21.6,29.7,35.4,42.2,52.8,63.4,52.4,41.9,34.5,28.2,20.5,18.4,29.5,35.3,42.2,58.9,42.1,35.0,29.1,-100.4,-81.1,-61.7,-42.6,-24.0,-7.3,6.4,17.1,21.4,21.6,15.8,6.0,-7.9,-25.6,-45.3,-65.7,-86.2,-118.6,-126.4,-127.3,-123.8,-117.6,-115.4,-119.5,-119.8,-115.8,-107.0,-100.1,-87.7,-75.8,-63.7,-54.3,-51.3,-48.9,-50.1,-51.6,-102.1,-107.1,-105.6,-98.2,-97.0,-98.0,-94.6,-100.6,-99.6,-93.7,-91.1,-91.8,-26.3,-32.4,-34.9,-32.6,-33.7,-29.6,-22.9,-15.2,-12.8,-12.9,-14.0,-17.8,-26.0,-28.2,-27.3,-27.2,-23.0,-21.7,-21.7,-22.9,727.0,726.9,727.1,727.4,723.3,714.1,700.5,682.7,672.2,673.0,682.2,691.8,697.2,699.1,698.4,696.7,696.9,699.2,691.5,682.9,673.7,667.6,662.3,662.0,663.6,664.7,666.6,662.7,655.1,647.6,640.0,659.6,654.8,651.1,651.2,652.1,690.5,684.9,680.7,678.2,680.6,684.5,668.4,666.6,665.4,666.9,664.5,665.7,674.9,661.0,654.2,651.6,650.5,654.1,661.7,654.7,651.6,652.7,655.4,662.4,671.0,656.0,653.1,652.2,660.3,653.1,654.1,656.9,0.606,-0.004,0.234,0.085,322.818,134.300,-22.537,-10.730,-15.190,15.912,-8.697,-0.657,5.262,5.458,3.690,7.037,-2.155,-0.125,1.140,-2.717,0.745,-0.723,1.707,-2.071,-0.610,0.943,0.879,0.366,-0.825,0.437,0.424,-0.871,0.280,0.093,0.027,-0.038,0.087,-0.045,-0.016,0.058,0.23,0.01,0.66,0.03,0.56,3.41,0.00,0.04,0.00,0.00,0.44,0.61,0.00,0.00,0.06,0.13,0.00,0.00,1.00,1.00,0.00,1.00,1.00,0.00,0.00,0.00,0.00,0.00,1.00,0.00,0.00,0.00,0.00,0.00,0.00
229,0,22.800,0.98,1,-0.132860,0.106569,-0.985389,-0.273497,0.099772,-0.956684,-0.206,0.106,302.9,304.3,307.1,309.8,310.6,309.4,306.4,303.7,299.6,301.1,303.4,306.3,309.4,311.7,313.3,311.2,308.4,305.5,303.0,300.9,305.5,306.7,307.9,308.6,308.2,307.0,305.8,305.2,338.4,339.7,342.6,345.5,346.7,345.4,342.5,339.4,335.5,337.3,339.9,343.2,346.3,348.7,350.2,348.6,346.2,343.4,340.4,337.5,341.2,342.4,343.7,344.3,343.8,342.5,341.2,340.7,106.8,104.1,103.0,104.3,107.2,110.2,110.9,109.7,108.4,106.5,105.2,104.7,105.5,107.2,109.5,110.3,110.4,110.5,110.2,109.6,108.3,108.9,108.4,107.2,106.0,105.4,105.9,107.1,108.6,105.7,104.7,106.0,109.0,111.9,113.0,111.8,110.7,108.6,107.1,106.6,107.4,108.9,111.0,112.0,112.4,112.4,112.1,111.7,110.2,110.8,110.3,109.1,107.8,107.2,107.6,108.9,8.6,10.7,14.9,18.7,19.9,18.2,13.7,9.9,3.9,6.1,9.3,13.6,18.1,21.5,23.9,20.7,16.6,12.5,8.8,5.8,12.5,14.2,16.0,16.9,16.4,14.7,12.9,12.0,58.2,60.1,64.3,68.4,70.0,68.0,63.8,59.4,54.2,56.6,60.2,64.8,69.4,73.1,75.5,72.8,69.1,65.0,60.8,56.9,62.1,63.9,65.8,66.6,65.9,64.2,62.3,61.5,-91.3,-95.4,-96.9,-94.8,-90.4,-86.0,-84.9,-86.9,-89.7,-92.2,-93.6,-94.0,-92.8,-90.3,-87.1,-85.8,-85.5,-85.5,-86.2,-87.5,-89.1,-88.1,-88.8,-90.6,-92.5,-93.4,-92.8,-91.0,-84.8,-89.0,-90.7,-88.8,-84.4,-80.2,-78.6,-80.2,-82.1,-84.9,-86.9,-87.6,-86.7,-84.9,-82.2,-80.4,-79.5,-79.3,-79.7,-80.4,-82.7,-81.9,-82.6,-84.4,-86.3,-87.2,-86.5,-84.6,599.3,599.8,599.3,598.0,596.7,596.3,596.7,598.0,604.2,601.5,598.7,596.7,596.2,596.6,597.4,596.2,595.5,596.0,598.0,601.0,598.7,598.2,597.9,598.2,598.8,599.3,599.6,599.3,573.2,574.4,575.4,575.5,574.6,573.4,572.4,572.5,574.1,573.2,572.5,572.5,574.1,576.6,579.1,576.0,573.3,571.7,571.5,572.7,574.0,574.0,574.4,575.0,575.4,575.3,574.9,574.4,41.7,-58.2,673.2,0.055,0.270,0.085,289.8,288.7,288.9,289.9,291.4,294.7,299.8,306.9,316.9,328.4,339.9,350.6,358.9,364.2,367.3,369.2,370.5,293.2,297.6,304.1,310.7,316.6,330.8,338.6,346.5,353.8,358.9,322.8,321.3,319.8,318.3,311.9,315.3,319.1,323.7,328.0,299.5,303.6,309.0,313.3,308.5,303.1,335.4,340.3,346.0,350.4,346.0,340.5,305.4,309.9,315.2,318.8,323.2,329.8,336.3,329.5,322.9,318.2,314.2,309.2,307.7,315.0,318.7,323.1,333.5,323.0,318.5,314.7,112.6,123.3,134.1,144.7,154.9,164.0,171.7,178.0,180.6,180.9,177.6,172.0,164.1,153.8,142.3,130.2,118.2,99.6,94.3,92.9,94.0,97.0,97.6,94.9,94.8,97.3,102.7,106.9,113.9,120.7,127.9,134.8,136.4,137.7,137.0,136.0,108.5,105.0,105.4,109.6,110.5,110.3,110.8,106.9,107.3,111.0,112.5,112.2,152.2,148.2,146.5,147.8,147.0,149.7,153.8,158.3,159.6,159.6,159.0,156.9,152.3,150.7,151.1,151.1,153.8,154.2,154.2,153.5,-13.0,-14.9,-14.4,-12.8,-9.9,-4.1,4.8,16.6,32.8,52.0,72.1,91.2,106.2,115.7,120.9,124.0,126.3,-6.5,1.0,12.0,22.8,32.3,55.2,67.9,81.0,93.1,101.6,42.1,39.2,36.4,33.6,24.2,29.6,35.5,42.9,49.9,4.3,11.2,20.2,27.3,19.3,10.3,63.2,71.1,80.3,87.7,80.3,71.3,13.9,21.1,29.3,35.0,42.0,52.8,64.0,52.4,41.6,34.1,27.7,20.0,17.7,29.0,34.9,42.0,59.4,41.8,34.6,28.6,-101.0,-81.8,-62.5,-43.6,-25.1,-8.7,4.6,15.1,19.3,19.7,14.4,5.2,-8.4,-26.1,-46.0,-66.6,-87.3,-119.8,-127.5,-128.2,-124.7,-118.6,-116.6,-120.9,-121.3,-117.5,-108.8,-101.6,-89.1,-77.1,-64.9,-55.5,-52.6,-50.2,-51.4,-53.0,-103.2,-108.2,-106.8,-99.4,-98.2,-99.2,-95.9,-102.1,-101.2,-95.2,-92.6,-93.3,-28.0,-33.9,-36.3,-34.1,-35.2,-31.2,-24.7,-17.3,-15.1,-15.1,-16.2,-19.8,-27.7,-29.6,-28.8,-28.7,-24.8,-23.9,-23.9,-25.1,731.0,730.5,730.5,730.9,727.1,717.8,703.8,685.6,674.8,675.6,685.1,695.1,700.9,703.0,702.3,700.8,701.2,704.2,696.4,687.8,678.6,672.2,666.7,666.2,667.6,668.4,670.0,667.0,659.4,651.7,644.0,663.6,658.6,654.8,654.9,655.9,695.5,689.9,685.6,682.8,685.3,689.3,672.4,670.7,669.4,670.6,668.3,669.6,679.3,665.1,658.0,655.4,654.2,657.7,665.2,657.8,654.4,655.6,658.4,666.1,675.3,659.7,656.7,655.7,663.9,656.1,657.2,660.2,0.603,-0.016,0.237,0.085,322.487,133.658,-21.015,-13.903,-14.851,13.912,-8.938,1.154,3.725,6.268,2.944,7.047,-1.508,0.180,0.794,-2.420,-0.132,-0.339,1.660,-1.861,-0.511,1.100,1.182,0.323,-0.800,0.585,0.344,-0.902,0.176,0.055,0.028,-0.044,0.112,-0.062,-0.020,0.049,0.13,0.00,0.84,0.00,0.53,3.31,0.00,0.03,0.00,0.00,0.46,0.48,0.00,0.00,0.10,0.28,0.00,0.00,1.00,1.00,0.00,1.00,1.00,0.00,0.00,0.00,0.00,0.00,1.00,0.00,0.00,0.00,0.00,0.00,0.00
230,0,22.900,0.98,1,-0.144739,0.119517,-0.982225,-0.287166,0.114267,-0.951041,-0.220,0.120,301.4,302.7,305.6,308.2,309.1,307.9,304.9,302.2,298.2,299.6,301.8,304.8,307.9,310.2,311.8,309.7,306.9,304.1,301.5,299.5,304.0,305.2,306.4,307.0,306.6,305.5,304.2,303.6,336.9,338.1,341.1,344.0,345.2,343.9,341.0,337.8,333.9,335.8,338.3,341.6,344.8,347.2,348.8,347.1,344.7,341.9,338.8,336.0,339.6,340.9,342.2,342.8,342.3,341.0,339.7,339.1,107.2,104.5,103.4,104.6,107.5,110.5,111.3,110.0,108.8,106.9,105.6,105.0,105.8,107.5,109.8,110.6,110.8,110.8,110.6,110.0,108.7,109.2,108.7,107.5,106.3,105.8,106.2,107.4,108.7,105.8,104.7,106.0,109.0,111.9,113.0,111.9,110.8,108.6,107.1,106.6,107.4,108.9,111.0,112.1,112.4,112.5,112.2,111.8,110.3,110.8,110.4,109.1,107.8,107.2,107.7,108.9,6.4,8.4,12.6,16.4,17.7,16.0,11.6,7.7,1.7,3.8,7.1,11.4,15.9,19.4,21.7,18.6,14.5,10.3,6.6,3.6,10.4,12.0,13.8,14.7,14.2,12.5,10.7,9.8,55.7,57.6,61.8,65.9,67.4,65.5,61.3,56.9,51.7,54.1,57.6,62.3,66.8,70.6,73.1,70.3,66.6,62.5,58.3,54.4,59.6,61.4,63.3,64.1,63.4,61.6,59.8,59.0,-91.1,-95.2,-96.7,-94.7,-90.3,-85.8,-84.7,-86.7,-89.4,-91.9,-93.4,-93.9,-92.6,-90.3,-87.0,-85.6,-85.3,-85.3,-85.9,-87.2,-88.9,-88.0,-88.6,-90.4,-92.3,-93.2,-92.6,-90.8,-84.2,-88.5,-90.1,-88.3,-83.9,-79.7,-78.1,-79.6,-81.5,-84.3,-86.3,-87.1,-86.2,-84.4,-81.8,-79.9,-79.0,-78.7,-79.1,-79.8,-82.2,-81.3,-82.1,-83.9,-85.8,-86.6,-85.9,-84.1,601.5,602.0,601.5,600.2,598.9,598.5,598.9,600.2,606.5,603.8,600.9,598.9,598.4,598.8,599.6,598.5,597.8,598.3,600.3,603.3,601.0,600.4,600.2,600.4,601.0,601.5,601.8,601.5,570.0,571.2,572.0,572.1,571.2,570.0,569.2,569.3,571.0,570.0,569.2,569.2,570.7,573.2,575.6,572.6,569.9,568.4,568.3,569.5,570.7,570.7,571.1,571.6,572.0,572.0,571.6,571.1,39.2,-57.1,670.5,0.076,0.291,0.077,288.9,287.9,288.2,289.3,290.9,294.1,299.0,306.0,315.8,327.2,338.6,349.3,357.8,363.3,366.5,368.5,369.8,292.0,296.2,302.5,309.1,314.9,328.9,336.9,345.0,352.5,357.7,320.8,319.3,317.8,316.2,310.1,313.6,317.3,321.9,326.3,298.1,302.1,307.5,311.8,307.0,301.6,333.8,338.7,344.4,349.0,344.5,338.9,304.4,308.5,313.6,317.1,321.3,328.1,334.6,328.0,321.4,316.8,312.8,308.0,306.7,313.4,317.0,321.3,331.9,321.3,316.9,313.2,112.8,123.4,134.0,144.5,154.8,164.1,172.2,178.9,181.7,181.8,178.3,172.5,164.3,153.9,142.2,129.9,117.6,99.9,94.6,93.3,94.4,97.3,97.7,94.9,94.8,97.4,103.0,107.1,114.1,120.9,128.0,135.1,136.7,137.9,137.2,136.2,108.9,105.3,105.7,109.9,110.9,110.7,110.9,106.9,107.3,111.0,112.5,112.3,153.2,148.9,147.0,148.3,147.5,150.2,154.7,159.8,161.4,161.4,160.8,158.4,153.3,151.2,151.6,151.6,154.6,155.8,155.8,155.1,-14.4,-16.3,-15.7,-13.7,-10.8,-5.1,3.5,15.1,31.0,49.9,69.6,88.6,103.8,113.4,118.7,121.8,124.1,-8.6,-1.4,9.2,19.9,29.2,51.8,64.6,77.9,90.1,98.8,38.6,35.8,33.0,30.1,21.3,26.6,32.4,39.8,46.8,1.8,8.6,17.5,24.6,16.7,7.8,60.2,68.0,77.2,84.7,77.3,68.3,12.2,18.7,26.6,32.1,38.8,49.8,61.0,49.8,39.0,31.7,25.5,17.9,16.0,26.5,32.1,38.8,56.5,38.9,32.0,26.2,-100.0,-81.2,-62.3,-43.6,-25.3,-8.5,5.4,16.6,21.0,21.2,15.6,5.9,-7.9,-25.7,-45.8,-66.6,-87.5,-118.7,-126.3,-126.9,-123.4,-117.5,-115.6,-120.0,-120.4,-116.3,-107.5,-100.5,-88.2,-76.4,-64.4,-54.9,-51.9,-49.6,-50.9,-52.4,-102.1,-107.2,-105.8,-98.4,-97.2,-98.1,-95.1,-101.3,-100.3,-94.5,-91.8,-92.4,-26.1,-32.6,-35.3,-33.2,-34.3,-30.1,-23.2,-14.8,-12.2,-12.2,-13.3,-17.2,-25.9,-28.6,-27.8,-27.8,-23.3,-21.2,-21.2,-22.4,726.8,726.5,726.8,727.5,724.2,715.8,702.7,685.0,673.8,673.8,682.1,691.0,696.1,697.8,696.9,695.3,695.2,701.0,693.0,684.0,674.5,668.1,661.8,661.0,662.2,662.8,664.6,662.6,655.3,647.9,640.6,660.2,655.4,651.7,651.6,652.4,693.0,687.1,682.6,679.5,682.4,686.7,667.5,665.6,664.1,665.3,663.2,664.6,677.1,662.5,655.1,652.3,650.8,654.2,661.6,655.2,652.5,654.2,657.1,664.7,673.1,657.0,653.8,652.4,660.6,653.8,655.2,658.4,0.606,0.004,0.261,0.079,321.086,134.124,-24.413,-16.732,-13.012,16.965,-7.651,-2.690,4.408,5.672,5.027,6.287,-1.042,-0.265,0.492,-3.399,-0.430,0.310,1.790,-1.748,-0.370,1.235,1.135,0.896,-0.492,0.423,0.239,-0.861,0.366,0.006,0.045,-0.058,0.111,-0.038,-0.002,0.060,0.06,0.06,0.96,0.03,0.52,3.30,0.00,0.00,0.00,0.00,0.55,0.41,0.00,0.08,0.10,0.23,0.00,0.00,1.00,1.00,0.00,1.00,1.00,0.00,0.00,0.00,0.00,0.00,1.00,0.00,0.00,0.00,0.00,0.00,0.00
231,0,23.000,0.98,1,-0.133413,0.103628,-0.985628,-0.279026,0.099167,-0.955149,-0.209,0.104,300.6,301.9,304.7,307.3,308.2,307.1,304.1,301.5,297.4,298.8,301.0,303.9,307.0,309.3,310.9,308.8,306.1,303.3,300.7,298.7,303.2,304.4,305.6,306.2,305.8,304.6,303.4,302.8,335.9,337.1,340.0,342.9,344.1,342.9,340.0,336.8,333.0,334.8,337.3,340.6,343.7,346.1,347.7,346.0,343.6,340.8,337.9,335.0,338.6,339.9,341.2,341.7,341.2,339.9,338.6,338.1,108.2,105.4,104.4,105.6,108.4,111.3,112.2,111.0,109.8,107.9,106.6,106.0,106.8,108.4,110.6,111.4,111.6,111.7,111.5,111.0,109.6,110.1,109.6,108.5,107.2,106.7,107.2,108.4,109.2,106.3,105.2,106.5,109.5,112.3,113.4,112.4,111.3,109.1,107.6,107.1,107.8,109.3,111.4,112.4,112.8,112.9,112.6,112.3,110.7,111.3,110.8,109.5,108.2,107.7,108.1,109.4,5.3,7.3,11.4,15.3,16.6,14.9,10.5,6.6,0.6,2.7,5.9,10.2,14.8,18.2,20.6,17.5,13.4,9.3,5.5,2.5,9.2,10.9,12.8,13.6,13.0,11.3,9.5,8.7,54.9,56.7,60.9,65.1,66.7,64.8,60.6,56.2,50.9,53.3,56.8,61.4,66.0,69.8,72.3,69.6,65.9,61.7,57.5,53.7,58.9,60.7,62.5,63.3,62.6,60.8,59.0,58.2,-90.5,-94.7,-96.2,-94.2,-89.9,-85.4,-84.2,-86.1,-88.7,-91.3,-92.8,-93.3,-92.1,-89.8,-86.6,-85.2,-84.8,-84.8,-85.4,-86.6,-88.3,-87.4,-88.1,-89.9,-91.8,-92.7,-92.0,-90.2,-84.5,-88.7,-90.4,-88.6,-84.3,-80.0,-78.3,-79.9,-81.7,-84.5,-86.5,-87.3,-86.5,-84.8,-82.2,-80.3,-79.3,-79.1,-79.4,-80.1,-82.4,-81.6,-82.4,-84.2,-86.1,-86.9,-86.2,-84.3,607.2,607.7,607.2,605.9,604.6,604.2,604.6,605.9,612.1,609.4,606.6,604.6,604.1,604.5,605.3,604.2,603.4,604.0,605.9,608.9,606.7,606.1,605.9,606.1,606.7,607.2,607.5,607.2,576.2,577.4,578.3,578.3,577.5,576.3,575.4,575.6,577.3,576.3,575.5,575.5,577.0,579.4,581.9,578.9,576.2,574.7,574.6,575.8,577.0,577.0,577.4,577.9,578.3,578.3,577.9,577.4,38.5,-58.1,681.1,0.051,0.275,0.075,288.0,286.9,287.2,288.3,290.0,293.3,298.4,305.4,315.1,326.4,337.7,348.4,356.9,362.6,365.8,367.7,369.1,291.0,295.2,301.5,308.0,313.8,327.9,335.8,343.9,351.4,356.8,319.9,318.5,317.0,315.5,309.5,312.9,316.6,321.1,325.4,297.3,301.3,306.6,310.9,306.2,300.8,332.9,337.7,343.4,347.9,343.5,337.9,303.9,308.3,313.1,316.6,320.8,327.1,333.5,327.1,320.8,316.3,312.5,307.9,306.2,312.9,316.5,320.7,330.9,320.7,316.4,312.8,114.3,124.6,134.9,145.2,155.1,164.0,171.4,177.5,180.0,180.2,177.0,171.7,164.1,154.0,142.5,130.4,118.3,101.4,96.2,94.9,95.8,98.4,98.6,95.9,95.7,98.1,103.6,107.9,114.7,121.5,128.5,135.5,137.0,138.2,137.4,136.5,109.9,106.4,106.7,110.7,111.7,111.6,111.4,107.4,107.8,111.4,112.9,112.7,152.7,148.9,147.1,148.3,147.5,149.9,153.8,157.6,158.8,158.9,158.4,156.7,152.7,151.2,151.6,151.5,153.7,153.5,153.5,152.9,-16.4,-18.2,-17.7,-15.7,-12.7,-6.6,2.4,14.2,30.3,49.2,69.1,88.5,104.2,114.4,120.0,123.1,125.5,-10.5,-3.2,7.7,18.6,28.0,51.1,64.1,77.6,90.1,99.3,37.8,35.1,32.4,29.5,20.5,25.9,31.9,39.2,46.3,0.5,7.3,16.4,23.6,15.6,6.5,59.8,67.6,76.9,84.5,77.0,67.9,11.7,18.6,26.3,31.8,38.6,49.1,60.2,49.0,38.7,31.4,25.3,17.9,15.4,26.1,31.8,38.6,55.7,38.5,31.6,25.9,-99.0,-80.4,-61.6,-43.1,-25.1,-9.0,4.2,14.5,18.4,18.7,13.6,4.7,-8.5,-26.1,-46.2,-67.2,-88.4,-118.3,-126.0,-126.7,-123.4,-117.7,-116.3,-120.6,-121.2,-117.4,-108.7,-101.1,-88.8,-76.8,-64.7,-55.2,-52.3,-50.1,-51.4,-52.9,-102.3,-107.4,-106.2,-98.9,-97.5,-98.2,-96.1,-102.4,-101.5,-95.8,-92.9,-93.5,-27.4,-33.1,-35.7,-33.7,-34.9,-31.1,-25.1,-18.6,-16.5,-16.4,-17.4,-20.4,-27.2,-29.1,-28.4,-28.5,-25.2,-25.3,-25.2,-26.3,739.6,738.8,738.7,739.2,735.6,726.6,712.6,694.3,683.3,684.0,693.3,703.1,709.4,712.1,712.0,710.4,710.6,714.6,706.2,697.2,687.6,680.7,674.2,673.6,675.2,676.1,678.1,675.2,667.6,659.9,652.2,671.6,666.8,663.1,663.2,664.1,705.6,699.7,695.1,692.1,694.7,699.0,680.3,678.5,677.1,678.3,676.0,677.3,686.8,672.9,666.2,663.4,662.1,665.4,672.3,665.2,662.2,663.7,666.6,674.1,682.6,667.9,664.8,663.5,670.9,663.7,665.1,668.2,0.595,-0.019,0.245,0.075,320.294,134.129,-14.722,-19.574,-17.195,12.992,-6.805,1.526,3.104,4.567,4.120,5.656,-0.556,0.153,1.301,-2.867,0.972,-0.071,0.652,-1.645,-0.021,0.935,1.316,0.445,-0.805,0.498,0.511,-0.835,0.248,-0.088,-0.040,-0.068,0.078,-0.023,0.007,0.054,0.06,0.06,1.07,0.09,0.51,3.17,0.00,0.00,0.00,0.00,0.53,0.36,0.00,0.08,0.25,0.41,0.00,0.00,1.00,1.00,0.00,1.00,1.00,0.00,0.00,0.00,0.00,0.00,1.00,0.00,0.00,0.00,0.00,0.00,0.00
232,0,23.100,0.98,1,-0.132157,0.124158,-0.983422,-0.277707,0.123410,-0.952706,-0.209,0.127,302.5,303.9,306.7,309.3,310.2,309.1,306.1,303.4,299.3,300.8,303.0,305.9,309.0,311.3,312.9,310.8,308.1,305.2,302.7,300.7,305.2,306.3,307.6,308.2,307.8,306.6,305.4,304.8,337.6,338.8,341.7,344.6,345.8,344.6,341.7,338.6,334.8,336.5,339.0,342.3,345.4,347.8,349.4,347.7,345.4,342.6,339.6,336.8,340.4,341.6,342.9,343.4,342.9,341.6,340.3,339.8,111.2,108.4,107.4,108.6,111.4,114.4,115.3,114.0,112.8,110.9,109.6,109.1,109.8,111.5,113.7,114.5,114.7,114.8,114.5,113.9,112.6,113.2,112.7,111.5,110.3,109.7,110.2,111.4,112.3,109.4,108.2,109.5,112.4,115.3,116.5,115.4,114.3,112.2,110.7,110.1,110.8,112.2,114.3,115.4,115.8,115.9,115.7,115.3,113.7,114.3,113.8,112.5,111.2,110.7,111.2,112.4,8.2,10.2,14.3,18.2,19.5,17.9,13.4,9.5,3.5,5.6,8.9,13.2,17.7,21.2,23.6,20.4,16.3,12.2,8.5,5.4,12.2,13.9,15.7,16.5,16.0,14.3,12.4,11.6,57.5,59.3,63.5,67.7,69.3,67.5,63.3,58.9,53.6,56.0,59.5,64.1,68.7,72.4,75.0,72.3,68.6,64.5,60.3,56.4,61.6,63.4,65.2,66.0,65.3,63.5,61.6,60.8,-85.8,-90.0,-91.5,-89.5,-85.2,-80.7,-79.5,-81.5,-84.2,-86.6,-88.1,-88.6,-87.4,-85.1,-81.9,-80.5,-80.1,-80.1,-80.7,-82.0,-83.6,-82.8,-83.4,-85.3,-87.2,-88.0,-87.4,-85.5,-80.4,-84.7,-86.4,-84.6,-80.4,-76.1,-74.4,-75.8,-77.6,-80.5,-82.5,-83.3,-82.5,-80.9,-78.3,-76.4,-75.4,-75.1,-75.4,-76.0,-78.4,-77.7,-78.4,-80.3,-82.2,-82.9,-82.2,-80.3,606.0,606.5,605.9,604.7,603.5,603.1,603.5,604.7,610.9,608.2,605.3,603.3,602.9,603.4,604.2,603.1,602.3,602.9,604.8,607.8,605.5,605.0,604.7,604.9,605.5,606.0,606.2,606.0,578.3,579.5,580.4,580.5,579.8,578.6,577.7,577.8,579.4,578.4,577.6,577.6,579.2,581.7,584.3,581.2,578.5,576.9,576.8,577.9,579.2,579.3,579.6,580.1,580.5,580.4,580.0,579.5,42.1,-53.1,683.6,0.087,0.272,0.063,289.8,288.9,289.2,290.4,292.1,295.3,300.4,307.4,317.1,328.3,339.4,350.0,358.4,363.9,367.1,368.9,370.1,293.1,297.2,303.5,310.0,315.8,329.8,337.4,345.2,352.5,357.7,322.0,320.8,319.5,318.2,312.0,315.4,319.2,323.7,328.0,299.2,303.2,308.6,312.9,308.2,302.8,334.7,339.4,345.0,349.5,345.3,339.7,305.9,310.2,315.4,319.0,323.4,330.0,336.4,330.0,323.5,318.7,314.6,309.7,308.3,315.2,318.9,323.3,333.8,323.3,318.8,315.0,116.5,126.8,137.1,147.4,157.4,166.6,174.6,181.4,184.2,184.3,180.6,174.6,166.3,155.8,144.1,131.8,119.6,103.4,98.3,97.0,98.0,100.8,101.1,98.2,97.8,100.0,105.2,110.9,117.8,124.6,131.6,138.6,140.2,141.4,140.5,139.6,112.8,109.4,109.8,113.8,114.8,114.6,114.4,110.5,110.8,114.3,115.9,115.8,156.2,151.9,150.0,151.3,150.5,153.1,157.3,162.6,164.3,164.3,163.7,161.3,156.3,154.3,154.7,154.7,157.3,158.7,158.8,158.0,-12.9,-14.7,-14.0,-11.9,-8.9,-3.0,5.9,17.9,33.9,52.8,72.4,91.6,106.9,116.9,122.3,125.2,127.2,-6.9,0.4,11.0,21.9,31.3,54.3,66.7,79.7,91.8,100.7,41.3,38.9,36.5,34.0,24.8,30.3,36.3,43.6,50.6,3.9,10.7,19.7,27.0,19.0,10.0,62.8,70.5,79.7,87.3,80.0,70.9,15.1,21.9,30.1,36.0,43.0,54.1,65.2,54.2,43.2,35.6,29.0,21.1,19.0,29.9,35.9,43.0,60.8,43.0,35.8,29.6,-94.6,-76.1,-57.5,-39.2,-20.9,-4.2,9.9,21.3,25.7,25.8,19.9,9.7,-4.6,-23.0,-43.5,-64.7,-86.0,-114.4,-122.0,-122.7,-119.4,-113.8,-112.4,-117.0,-117.8,-114.3,-105.9,-96.2,-83.9,-72.0,-60.0,-50.3,-47.3,-45.1,-46.4,-48.0,-97.0,-102.1,-100.8,-93.6,-92.3,-93.0,-91.0,-97.3,-96.6,-91.0,-88.0,-88.4,-21.7,-28.3,-31.1,-28.9,-30.2,-26.1,-19.3,-10.6,-7.7,-7.6,-8.7,-12.7,-21.5,-24.2,-23.3,-23.3,-19.3,-16.8,-16.8,-18.1,736.3,736.0,736.7,738.3,735.9,728.4,716.6,699.7,688.8,688.6,696.6,705.7,710.7,712.6,711.9,710.2,710.1,712.2,704.5,695.8,686.8,681.1,675.1,674.1,675.2,675.9,677.1,675.9,668.9,662.0,655.0,674.2,669.5,666.0,665.9,666.6,704.8,698.7,694.4,691.6,694.4,698.5,680.5,678.5,677.2,678.4,676.3,677.7,690.7,676.4,669.0,666.1,664.7,668.2,675.7,669.5,666.6,668.2,671.2,678.7,686.7,671.0,667.7,666.3,674.8,667.7,669.2,672.5,0.594,0.024,0.237,0.065,322.350,137.216,-29.335,-21.295,-13.801,16.132,-8.556,-3.372,3.756,4.637,2.272,6.927,-1.821,1.114,0.381,-1.925,-0.684,-0.829,1.638,-2.689,-0.888,0.507,0.662,0.153,-0.611,0.265,0.484,-1.020,0.415,0.100,0.006,-0.073,0.105,-0.053,-0.019,0.041,0.04,0.06,1.01,0.11,0.49,3.16,0.00,0.18,0.00,0.00,0.37,0.63,0.00,0.08,0.46,0.65,0.00,0.00,1.00,1.00,0.00,1.00,1.00,0.00,0.00,0.00,0.00,0.00,1.00,0.00,0.00,0.00,0.00,0.00,0.00
233,0,23.200,0.98,1,-0.148657,0.149089,-0.977586,-0.290474,0.150113,-0.945035,-0.225,0.154,301.0,302.4,305.1,307.8,308.7,307.5,304.5,301.9,297.9,299.3,301.5,304.4,307.5,309.8,311.4,309.3,306.6,303.7,301.2,299.2,303.7,304.8,306.1,306.6,306.2,305.1,303.9,303.3,335.9,337.1,340.0,342.9,344.1,342.8,339.9,336.8,333.0,334.8,337.3,340.6,343.7,346.1,347.7,346.0,343.6,340.8,337.9,335.1,338.6,339.9,341.1,341.7,341.2,339.9,338.6,338.1,111.8,109.0,107.9,109.2,112.0,115.0,115.8,114.6,113.3,111.4,110.2,109.6,110.4,112.0,114.3,115.1,115.4,115.4,115.2,114.5,113.2,113.7,113.3,112.1,110.8,110.3,110.8,112.0,113.1,110.2,109.1,110.4,113.4,116.3,117.4,116.3,115.2,113.1,111.6,111.0,111.8,113.2,115.2,116.3,116.8,116.9,116.6,116.2,114.6,115.2,114.7,113.4,112.1,111.6,112.1,113.3,6.0,8.0,12.1,16.0,17.3,15.6,11.2,7.3,1.4,3.4,6.7,10.9,15.5,18.9,21.3,18.2,14.1,10.0,6.3,3.3,9.9,11.6,13.4,14.3,13.7,12.0,10.2,9.4,55.0,56.8,61.0,65.2,66.8,64.9,60.7,56.3,51.1,53.5,56.9,61.6,66.2,69.9,72.4,69.7,66.0,61.9,57.7,53.8,59.0,60.8,62.6,63.4,62.7,60.9,59.1,58.3,-85.1,-89.3,-90.8,-88.7,-84.4,-79.9,-78.8,-80.8,-83.5,-86.0,-87.4,-87.9,-86.7,-84.3,-81.2,-79.7,-79.3,-79.3,-79.9,-81.3,-82.9,-82.0,-82.7,-84.5,-86.4,-87.3,-86.6,-84.8,-79.1,-83.3,-85.1,-83.2,-78.9,-74.7,-73.0,-74.5,-76.3,-79.2,-81.2,-82.0,-81.1,-79.5,-76.9,-74.9,-73.9,-73.6,-73.9,-74.7,-77.1,-76.3,-77.0,-78.9,-80.8,-81.6,-80.8,-79.0,606.9,607.2,606.6,605.4,604.3,604.0,604.5,605.8,611.9,609.1,606.1,604.1,603.7,604.2,605.0,604.0,603.3,603.9,605.8,608.8,606.4,605.9,605.6,605.8,606.3,606.8,607.1,606.9,577.7,578.7,579.6,579.7,579.0,577.9,577.1,577.2,578.8,577.7,576.9,576.9,578.4,580.9,583.5,580.5,577.9,576.3,576.2,577.4,578.5,578.6,578.9,579.4,579.7,579.7,579.3,578.8,38.9,-49.7,671.9,0.119,0.301,0.053,288.6,287.8,288.5,290.0,291.7,294.9,299.9,306.9,316.7,328.0,339.1,349.5,357.5,362.6,365.6,367.4,368.5,291.5,295.6,301.7,308.2,314.0,328.3,335.8,343.7,350.9,356.0,320.3,319.0,317.7,316.3,310.6,313.9,317.5,321.9,326.1,297.8,301.7,307.1,311.4,306.7,301.4,332.9,337.6,343.3,347.8,343.5,337.9,304.9,308.4,313.5,317.1,321.4,328.0,334.0,328.1,321.8,317.1,313.0,308.1,307.3,313.4,317.1,321.4,331.3,321.6,317.2,313.3,116.0,126.7,137.5,148.2,158.8,168.7,177.4,184.8,187.9,187.7,183.2,176.3,167.4,156.6,144.7,132.3,120.0,103.7,98.4,97.1,98.2,101.2,101.6,98.7,98.4,100.6,105.9,111.7,118.7,125.6,132.7,139.8,141.4,142.6,141.8,140.9,113.3,109.9,110.3,114.4,115.5,115.3,115.2,111.4,111.7,115.2,116.9,116.7,158.5,153.5,151.3,152.7,151.9,154.8,159.8,166.0,168.2,168.3,167.6,164.7,158.5,155.9,156.4,156.4,159.7,162.2,162.2,161.5,-15.0,-16.3,-15.1,-12.6,-9.4,-3.6,5.0,16.8,32.8,51.5,70.7,89.0,103.1,112.0,116.7,119.5,121.2,-9.3,-2.3,7.9,18.5,27.8,50.7,62.8,75.5,87.3,95.6,37.8,35.3,32.9,30.4,22.0,27.2,32.9,39.9,46.6,1.4,7.9,16.8,23.9,16.2,7.4,58.7,66.1,75.2,82.6,75.5,66.6,13.2,18.6,26.5,32.2,38.9,49.8,60.0,50.2,39.8,32.4,25.9,18.1,17.0,26.6,32.3,39.1,55.6,39.6,32.6,26.5,-94.2,-75.2,-56.1,-37.2,-18.2,-0.6,14.6,26.8,31.5,31.1,23.9,12.4,-2.7,-21.2,-41.4,-62.2,-83.1,-111.7,-119.4,-120.1,-116.7,-110.9,-109.1,-113.6,-114.3,-110.7,-102.3,-92.9,-80.8,-69.1,-57.1,-47.3,-44.5,-42.3,-43.5,-45.1,-94.3,-99.2,-97.9,-90.7,-89.4,-90.2,-87.8,-93.8,-93.0,-87.5,-84.5,-85.0,-17.4,-25.2,-28.4,-26.1,-27.3,-22.8,-15.0,-4.8,-1.3,-1.2,-2.3,-7.1,-17.3,-21.1,-20.3,-20.2,-15.0,-11.0,-10.9,-12.2,724.4,725.3,726.7,728.3,725.5,718.0,706.9,690.7,680.0,679.1,685.5,692.7,696.0,696.4,694.5,692.2,691.3,697.8,690.4,681.5,672.6,667.2,660.6,659.2,660.0,660.6,662.0,662.1,655.7,649.4,642.9,662.2,657.8,654.2,653.7,654.2,691.1,685.0,680.6,677.7,681.0,685.2,666.5,664.1,662.4,663.7,662.0,663.5,678.5,664.0,656.6,653.8,652.2,655.2,662.5,658.1,656.8,658.7,661.6,668.0,674.5,659.2,655.9,654.4,661.9,657.4,659.1,662.2,0.605,0.057,0.273,0.056,320.870,138.665,-36.631,-14.532,-13.376,21.509,-10.170,-9.470,7.712,5.234,3.660,4.524,-2.897,-0.434,0.334,-1.769,0.230,-0.991,1.668,-1.565,-1.246,0.237,0.222,0.247,-0.327,0.205,0.344,-0.935,0.518,0.093,0.076,-0.055,0.076,-0.065,-0.010,0.034,0.00,0.00,0.98,0.08,0.53,3.05,0.00,0.38,0.00,0.00,0.15,0.74,0.00,0.00,0.95,1.15,0.00,0.00,1.00,1.00,0.00,1.00,1.00,0.00,0.00,0.00,0.00,0.00,1.00,0.00,0.00,0.00,0.00,0.00,0.00
234,0,23.300,0.98,1,-0.144693,0.146358,-0.978593,-0.292119,0.147007,-0.945016,-0.223,0.151,298.9,300.3,303.0,305.6,306.5,305.4,302.5,299.9,295.8,297.2,299.4,302.3,305.3,307.6,309.2,307.2,304.4,301.7,299.2,297.1,301.6,302.7,303.9,304.5,304.1,303.0,301.8,301.2,333.6,334.8,337.7,340.5,341.7,340.6,337.7,334.6,330.9,332.6,335.0,338.2,341.3,343.8,345.3,343.7,341.3,338.6,335.6,332.9,336.4,337.6,338.9,339.4,338.9,337.6,336.4,335.9,112.2,109.5,108.4,109.6,112.4,115.4,116.2,115.0,113.8,111.9,110.6,110.1,110.8,112.4,114.6,115.5,115.7,115.8,115.5,114.9,113.6,114.1,113.7,112.5,111.3,110.7,111.2,112.4,113.3,110.4,109.3,110.5,113.4,116.3,117.4,116.4,115.4,113.2,111.7,111.1,111.8,113.2,115.3,116.3,116.8,116.9,116.7,116.3,114.7,115.3,114.8,113.5,112.3,111.7,112.2,113.5,2.9,4.9,9.1,12.9,14.3,12.6,8.2,4.3,-1.8,0.3,3.6,7.9,12.5,15.9,18.3,15.2,11.1,7.0,3.3,0.2,6.9,8.6,10.4,11.3,10.7,9.0,7.2,6.3,52.7,54.5,58.7,62.8,64.4,62.6,58.4,54.0,48.8,51.2,54.6,59.2,63.8,67.6,70.2,67.4,63.7,59.6,55.4,51.5,56.7,58.5,60.3,61.1,60.4,58.6,56.8,56.0,-85.6,-89.8,-91.3,-89.3,-85.0,-80.5,-79.3,-81.3,-83.9,-86.4,-87.9,-88.4,-87.2,-84.9,-81.8,-80.3,-79.9,-79.9,-80.5,-81.8,-83.4,-82.6,-83.2,-85.1,-87.0,-87.8,-87.2,-85.3,-80.1,-84.4,-86.1,-84.3,-80.0,-75.8,-74.1,-75.5,-77.3,-80.2,-82.2,-83.1,-82.3,-80.6,-78.0,-76.1,-75.1,-74.7,-75.0,-75.7,-78.1,-77.3,-78.1,-80.0,-81.8,-82.6,-81.9,-80.0,615.2,615.7,615.2,613.9,612.7,612.4,612.8,614.0,620.2,617.4,614.5,612.6,612.2,612.7,613.5,612.4,611.6,612.1,614.0,617.0,614.8,614.2,614.0,614.2,614.7,615.3,615.5,615.3,586.6,587.8,588.6,588.6,587.8,586.7,585.9,586.0,587.7,586.7,585.8,585.8,587.2,589.7,592.2,589.2,586.6,585.1,585.0,586.2,587.4,587.4,587.7,588.2,588.6,588.6,588.2,587.7,35.5,-48.8,669.5,0.116,0.305,0.045,286.3,285.5,286.2,287.7,289.6,293.0,298.1,305.2,315.0,326.4,337.6,348.1,356.1,361.3,364.2,365.9,366.9,289.4,293.6,299.7,306.2,311.9,326.0,333.5,341.3,348.6,353.7,318.1,316.8,315.5,314.1,308.4,311.8,315.4,319.9,324.0,295.7,299.6,304.9,309.2,304.6,299.3,330.8,335.4,341.0,345.5,341.2,335.7,302.8,306.4,311.5,315.2,319.5,326.4,332.6,326.6,320.0,315.3,311.1,306.0,305.1,311.5,315.2,319.5,330.0,319.8,315.3,311.4,116.9,127.8,138.7,149.5,160.1,169.9,178.4,185.5,188.4,188.1,183.7,176.8,167.8,156.9,145.0,132.5,120.1,104.3,99.1,97.7,98.8,101.7,101.9,99.0,98.6,100.8,106.0,112.0,118.9,125.8,133.0,140.1,141.7,142.9,142.1,141.1,113.8,110.4,110.8,114.7,115.8,115.6,115.4,111.5,111.8,115.2,116.9,116.7,158.7,153.8,151.7,153.0,152.2,155.0,159.8,166.5,168.8,168.9,168.3,165.3,158.7,156.1,156.5,156.6,159.8,162.9,163.0,162.3,-18.9,-20.3,-19.2,-16.5,-13.2,-7.0,1.9,13.7,29.8,48.6,67.9,86.2,100.2,109.2,113.7,116.3,117.9,-12.9,-5.7,4.5,15.1,24.3,46.8,58.8,71.4,83.1,91.5,34.1,31.7,29.4,26.9,18.5,23.7,29.4,36.5,43.2,-2.1,4.4,13.1,20.2,12.6,3.9,55.0,62.1,71.1,78.5,71.4,62.7,9.6,15.2,23.3,29.0,35.8,47.0,57.7,47.5,36.9,29.4,22.8,14.8,13.4,23.3,29.1,36.0,53.4,36.6,29.5,23.3,-92.2,-73.1,-53.8,-34.8,-15.8,1.5,16.2,27.9,32.2,31.7,24.5,13.1,-2.0,-20.5,-40.7,-61.5,-82.4,-110.3,-117.9,-118.7,-115.4,-109.7,-108.2,-112.7,-113.4,-109.9,-101.7,-92.2,-80.1,-68.5,-56.6,-46.7,-43.8,-41.7,-43.0,-44.6,-93.1,-98.1,-96.8,-89.8,-88.5,-89.3,-87.1,-93.1,-92.4,-87.0,-84.1,-84.6,-17.1,-24.7,-27.8,-25.6,-26.8,-22.4,-14.9,-4.1,-0.3,-0.1,-1.2,-6.1,-16.9,-20.7,-19.9,-19.9,-14.8,-9.8,-9.6,-10.9,722.8,723.6,724.8,726.3,723.2,715.5,703.8,687.2,676.4,675.4,681.7,688.6,691.8,692.5,690.7,688.6,688.1,695.7,688.2,679.6,670.7,665.1,658.5,657.0,657.5,657.8,658.8,659.7,653.2,646.9,640.5,659.7,655.1,651.5,651.0,651.3,688.7,682.6,678.3,675.4,678.5,682.7,663.7,661.1,659.4,660.4,658.8,660.5,677.3,662.6,654.7,651.6,650.1,653.0,660.2,656.0,654.6,656.5,659.6,666.5,673.5,657.0,653.6,652.0,659.9,655.3,657.0,660.2,0.607,0.054,0.283,0.048,318.899,139.092,-38.853,-14.190,-10.298,18.268,-9.652,-8.485,8.935,4.308,3.843,5.990,-2.036,-0.440,0.414,-2.451,-0.445,-0.302,2.009,-1.625,-1.549,0.442,0.654,0.229,-0.530,0.589,0.251,-0.804,0.464,0.120,0.071,-0.036,0.057,-0.044,-0.005,0.060,0.00,0.02,0.75,0.02,0.56,3.20,0.00,0.38,0.00,0.00,0.05,0.81,0.14,0.00,1.13,1.08,0.00,0.00,1.00,1.00,0.00,1.00,1.00,0.00,0.00,0.00,0.00,0.00,1.00,0.00,0.00,0.00,0.00,0.00,0.00
235,0,23.400,0.98,1,-0.123233,0.132241,-0.983527,-0.266728,0.132726,-0.954589,-0.199,0.136,296.8,298.1,300.9,303.5,304.5,303.4,300.4,297.7,293.7,295.0,297.2,300.1,303.2,305.6,307.2,305.2,302.4,299.6,297.0,295.0,299.5,300.6,301.9,302.4,302.0,300.9,299.6,299.1,331.8,332.9,335.8,338.8,340.0,338.9,336.0,332.9,329.0,330.7,333.2,336.5,339.6,342.1,343.7,342.1,339.7,336.9,333.9,331.1,334.6,335.9,337.2,337.7,337.1,335.8,334.5,334.0,115.0,112.2,111.1,112.3,115.1,118.2,119.0,117.8,116.6,114.7,113.4,112.9,113.6,115.2,117.3,118.2,118.5,118.6,118.4,117.8,116.4,116.9,116.4,115.2,114.0,113.5,114.0,115.2,115.5,112.6,111.4,112.6,115.5,118.5,119.7,118.7,117.7,115.5,114.0,113.3,114.0,115.3,117.3,118.4,118.9,119.1,118.9,118.6,117.0,117.5,117.0,115.7,114.4,113.9,114.4,115.7,-0.3,1.6,5.7,9.6,11.0,9.4,5.0,1.1,-5.0,-2.9,0.3,4.6,9.2,12.7,15.1,12.0,7.9,3.8,0.0,-3.0,3.7,5.4,7.2,8.0,7.4,5.7,3.9,3.1,48.9,50.6,54.8,59.0,60.7,59.0,54.8,50.4,45.0,47.4,50.8,55.4,60.0,63.8,66.4,63.7,60.1,56.0,51.8,47.9,53.0,54.8,56.6,57.4,56.6,54.8,53.0,52.2,-79.9,-84.1,-85.7,-83.7,-79.4,-74.9,-73.6,-75.6,-78.2,-80.7,-82.1,-82.7,-81.6,-79.3,-76.2,-74.8,-74.3,-74.2,-74.8,-76.0,-77.8,-76.9,-77.6,-79.4,-81.3,-82.2,-81.5,-79.7,-75.2,-79.5,-81.4,-79.6,-75.4,-71.1,-69.3,-70.7,-72.3,-75.3,-77.3,-78.3,-77.5,-76.0,-73.5,-71.5,-70.5,-70.0,-70.3,-70.8,-73.3,-72.6,-73.4,-75.2,-77.1,-77.8,-77.0,-75.2,603.9,604.3,603.7,602.4,601.3,601.0,601.5,602.7,608.9,606.1,603.2,601.1,600.7,601.2,602.0,600.9,600.2,600.8,602.8,605.8,603.4,602.9,602.6,602.8,603.3,603.8,604.1,603.9,574.1,575.2,576.1,576.2,575.5,574.3,573.4,573.5,575.1,574.1,573.3,573.3,574.9,577.4,580.0,576.9,574.3,572.7,572.5,573.7,574.9,575.0,575.4,575.9,576.2,576.1,575.7,575.2,33.4,-46.8,677.5,0.101,0.267,0.036,284.2,283.4,284.0,285.4,287.4,291.2,296.6,304.0,313.9,325.1,336.2,346.5,354.6,359.7,362.5,364.0,364.8,287.1,291.2,297.4,304.1,310.0,323.6,331.3,339.3,346.9,352.3,316.2,315.2,314.1,312.9,306.8,310.3,314.2,318.7,323.0,293.6,297.5,302.8,307.2,302.5,297.2,328.9,333.6,339.2,343.9,339.6,334.0,301.1,305.4,310.5,314.2,318.5,325.3,332.1,325.5,318.8,314.1,310.1,305.0,303.4,310.4,314.2,318.6,329.4,318.6,314.1,310.3,120.1,130.6,141.1,151.5,161.6,170.9,178.8,185.4,187.9,187.6,183.5,177.2,168.7,158.0,146.2,134.0,121.7,107.2,101.9,100.5,101.4,104.3,104.2,101.1,100.6,102.8,108.2,114.5,121.5,128.4,135.5,142.5,144.0,145.2,144.3,143.2,116.6,113.2,113.5,117.4,118.5,118.5,117.8,113.7,113.9,117.3,119.0,119.0,159.9,155.8,154.0,155.2,154.3,156.6,160.5,165.9,167.8,167.9,167.4,165.1,159.9,158.1,158.5,158.4,160.6,162.3,162.5,161.8,-23.0,-24.3,-23.4,-20.8,-17.1,-10.4,-0.7,11.9,28.3,47.1,66.4,85.0,99.5,108.7,113.3,115.6,117.0,-17.2,-10.0,0.7,11.8,21.4,43.5,56.0,69.3,81.8,90.9,31.6,29.5,27.4,25.3,16.0,21.7,27.7,35.1,42.1,-5.9,0.8,9.8,17.2,9.3,0.3,52.6,60.2,69.4,77.2,69.9,60.9,6.8,13.7,22.0,27.8,34.8,46.0,57.8,46.4,35.4,27.8,21.3,13.3,10.7,21.9,27.9,34.9,53.3,35.1,27.9,21.7,-87.8,-69.0,-50.1,-31.5,-13.2,3.4,17.1,27.9,31.7,31.2,24.7,14.0,-0.6,-19.0,-39.5,-60.5,-81.5,-106.9,-114.7,-115.7,-112.6,-106.8,-105.9,-110.9,-112.0,-108.6,-100.1,-89.4,-77.1,-65.3,-53.2,-43.5,-40.6,-38.5,-40.0,-41.8,-89.6,-94.7,-93.6,-86.6,-85.1,-85.7,-84.7,-91.0,-90.5,-85.2,-82.1,-82.3,-15.4,-21.7,-24.5,-22.4,-23.8,-20.1,-14.0,-5.0,-2.0,-1.8,-2.7,-6.5,-15.2,-17.7,-17.1,-17.2,-13.8,-10.8,-10.6,-11.7,732.6,732.5,733.1,734.6,732.0,724.3,712.1,694.8,684.0,684.0,692.2,701.0,705.6,707.1,706.1,704.2,703.9,705.9,698.1,689.1,679.8,673.9,667.4,666.7,668.2,669.6,671.6,669.2,662.3,655.5,648.6,668.3,663.6,660.0,660.0,660.7,698.5,692.4,688.1,685.3,688.1,692.1,674.1,672.2,670.9,672.2,670.1,671.4,686.3,671.3,663.6,660.8,659.4,663.1,671.3,664.4,661.2,662.7,665.6,673.6,682.3,665.6,662.3,661.0,670.2,662.4,663.8,667.0,0.599,0.045,0.243,0.038,317.314,140.691,-25.521,-17.356,-12.362,15.091,-7.756,-2.463,3.815,4.456,0.822,7.608,-2.650,0.298,-0.871,-2.539,-0.712,0.479,1.578,-2.626,-1.142,0.942,0.232,0.210,-0.574,0.271,0.122,-0.843,0.193,0.138,0.014,-0.052,0.079,-0.035,-0.006,0.075,0.03,0.02,0.53,0.00,0.62,3.15,0.00,0.20,0.00,0.00,0.14,0.65,0.34,0.00,1.14,0.67,0.00,0.00,1.00,1.00,0.00,1.00,1.00,0.00,0.00,0.00,0.00,0.00,1.00,0.00,0.00,0.00,0.00,0.00,0.00
236,0,23.500,0.98,1,-0.119423,0.120697,-0.985480,-0.265301,0.121691,-0.956455,-0.196,0.124,296.7,298.0,300.8,303.4,304.4,303.3,300.3,297.7,293.6,295.0,297.1,300.0,303.1,305.5,307.1,305.1,302.3,299.5,297.0,294.9,299.4,300.6,301.8,302.4,301.9,300.8,299.6,299.0,331.7,332.8,335.6,338.6,339.9,338.8,335.9,332.7,328.9,330.6,333.0,336.3,339.4,341.9,343.5,341.9,339.5,336.8,333.8,330.9,334.5,335.8,337.0,337.5,336.9,335.6,334.4,333.9,115.4,112.6,111.5,112.6,115.4,118.4,119.3,118.2,117.0,115.1,113.8,113.2,113.9,115.5,117.6,118.5,118.7,118.9,118.7,118.2,116.8,117.3,116.8,115.6,114.3,113.8,114.3,115.5,115.6,112.6,111.4,112.6,115.5,118.5,119.7,118.7,117.7,115.6,114.0,113.3,114.0,115.3,117.3,118.4,118.9,119.1,118.9,118.6,117.0,117.5,117.0,115.7,114.4,113.9,114.4,115.7,-0.4,1.5,5.6,9.6,11.0,9.4,5.0,1.0,-5.1,-3.0,0.2,4.5,9.1,12.6,15.1,12.0,7.9,3.7,-0.0,-3.1,3.6,5.3,7.1,8.0,7.3,5.6,3.8,3.0,49.1,50.7,54.9,59.1,60.8,59.2,55.0,50.6,45.2,47.5,51.0,55.5,60.2,63.9,66.5,63.9,60.2,56.2,51.9,48.0,53.1,55.0,56.8,57.5,56.7,54.9,53.1,52.4,-79.9,-84.1,-85.7,-83.8,-79.5,-75.0,-73.7,-75.6,-78.0,-80.6,-82.1,-82.8,-81.7,-79.5,-76.4,-74.9,-74.5,-74.3,-74.8,-76.0,-77.8,-77.0,-77.7,-79.5,-81.4,-82.2,-81.5,-79.7,-75.7,-80.0,-81.8,-80.1,-75.9,-71.6,-69.7,-71.1,-72.7,-75.7,-77.8,-78.7,-78.0,-76.5,-73.9,-72.0,-71.0,-70.5,-70.7,-71.2,-73.8,-73.0,-73.8,-75.7,-77.6,-78.3,-77.5,-75.6,608.1,608.6,608.1,606.8,605.6,605.2,605.6,606.8,613.0,610.3,607.4,605.5,605.0,605.5,606.3,605.2,604.4,604.9,606.9,609.9,607.6,607.1,606.8,607.1,607.6,608.2,608.4,608.2,577.7,578.9,579.8,579.9,579.1,578.0,577.1,577.1,578.7,577.7,577.0,577.0,578.6,581.1,583.6,580.6,577.9,576.3,576.1,577.3,578.6,578.6,579.0,579.5,579.9,579.8,579.4,578.9,33.4,-46.6,679.5,0.086,0.265,0.034,284.1,283.3,283.9,285.4,287.4,291.2,296.6,303.9,313.8,325.0,336.0,346.3,354.4,359.6,362.3,363.8,364.7,287.0,291.1,297.4,304.0,309.9,323.5,331.1,339.1,346.6,352.0,316.2,315.1,314.0,312.9,306.7,310.3,314.1,318.7,323.0,293.5,297.4,302.7,307.2,302.4,297.1,328.8,333.4,339.1,343.7,339.4,333.9,301.0,305.3,310.5,314.2,318.5,325.4,332.1,325.5,318.8,314.1,310.0,305.0,303.3,310.4,314.2,318.6,329.5,318.6,314.1,310.2,120.9,131.4,142.0,152.3,162.4,171.5,179.2,185.5,187.9,187.6,183.7,177.4,168.9,158.3,146.5,134.2,122.0,108.0,102.7,101.2,102.0,104.7,104.5,101.4,100.9,103.0,108.3,114.6,121.5,128.4,135.6,142.6,144.1,145.2,144.3,143.2,117.1,113.6,113.8,117.7,118.8,118.8,117.8,113.8,113.9,117.3,119.0,119.0,160.0,155.9,154.0,155.2,154.3,156.6,160.5,165.9,167.7,167.9,167.3,165.1,160.1,158.1,158.5,158.3,160.6,162.3,162.4,161.8,-23.3,-24.6,-23.5,-21.0,-17.2,-10.4,-0.7,11.8,28.1,47.0,66.3,84.9,99.5,108.8,113.4,115.8,117.3,-17.4,-10.1,0.6,11.7,21.3,43.6,56.0,69.3,81.8,91.0,31.5,29.5,27.4,25.3,16.0,21.7,27.7,35.2,42.2,-6.0,0.7,9.7,17.1,9.2,0.2,52.7,60.2,69.4,77.2,69.9,60.9,6.8,13.7,22.0,27.9,34.9,46.2,57.9,46.5,35.5,27.9,21.3,13.2,10.6,21.9,27.9,35.0,53.5,35.2,27.9,21.7,-86.7,-67.7,-48.7,-30.1,-11.9,4.4,17.8,28.2,31.8,31.3,25.0,14.5,-0.1,-18.5,-39.1,-60.2,-81.5,-105.9,-113.9,-115.1,-112.2,-106.7,-106.0,-111.0,-112.1,-108.7,-100.3,-89.7,-77.3,-65.4,-53.3,-43.4,-40.7,-38.6,-40.1,-41.9,-89.2,-94.4,-93.4,-86.5,-85.0,-85.5,-84.9,-91.3,-90.9,-85.5,-82.4,-82.6,-15.2,-21.6,-24.5,-22.5,-23.9,-20.2,-14.0,-5.1,-2.1,-1.9,-2.7,-6.5,-15.0,-17.8,-17.1,-17.3,-13.9,-10.9,-10.7,-11.8,735.2,734.7,735.1,736.2,733.4,725.7,713.2,695.8,685.0,684.9,693.4,702.4,707.3,709.2,708.4,706.9,707.0,709.0,701.2,692.4,683.1,676.9,670.8,670.1,671.5,672.7,674.5,672.0,665.0,658.0,651.0,670.5,665.7,662.0,662.0,662.8,701.2,695.2,690.9,688.0,690.7,694.7,676.8,675.0,673.6,674.8,672.7,674.0,688.4,673.6,665.8,662.9,661.5,665.1,673.0,666.1,662.9,664.5,667.5,675.6,684.4,667.6,664.3,663.0,672.0,664.2,665.7,669.0,0.597,0.031,0.241,0.036,317.237,140.895,-26.001,-18.144,-11.749,14.561,-7.514,-1.593,4.012,3.708,1.290,7.668,-2.269,0.558,-0.234,-2.253,-0.943,0.666,1.915,-2.236,-1.229,0.694,0.506,0.247,-0.450,0.433,0.133,-0.840,0.146,0.147,0.013,-0.044,0.080,-0.038,-0.007,0.077,0.03,0.02,0.45,0.00,0.67,3.20,0.00,0.19,0.00,0.00,0.14,0.60,0.34,0.00,1.04,0.53,0.00,0.00,1.00,1.00,0.00,1.00,1.00,0.00,0.00,0.00,0.00,0.00,1.00,0.00,0.00,1.00,1.00,0.00,0.00
237,0,23.600,0.98,1,-0.139338,0.131528,-0.981471,-0.287398,0.134449,-0.948328,-0.218,0.137,294.2,295.5,298.2,300.8,301.8,300.7,297.7,295.1,291.1,292.4,294.6,297.5,300.6,302.9,304.5,302.5,299.7,296.9,294.4,292.4,296.8,298.0,299.2,299.8,299.4,298.2,297.0,296.4,328.9,330.0,332.9,335.8,337.1,336.0,333.1,329.9,326.1,327.8,330.2,333.5,336.6,339.1,340.8,339.1,336.7,333.9,331.0,328.2,331.7,333.0,334.2,334.7,334.2,332.9,331.6,331.1,115.4,112.6,111.5,112.7,115.5,118.5,119.4,118.2,117.1,115.1,113.8,113.2,113.9,115.5,117.7,118.6,118.8,118.9,118.7,118.2,116.8,117.3,116.8,115.6,114.4,113.9,114.4,115.6,115.8,112.9,111.7,112.9,115.8,118.7,119.9,118.9,118.0,115.8,114.2,113.5,114.2,115.5,117.6,118.7,119.2,119.3,119.2,118.9,117.2,117.7,117.2,115.9,114.7,114.1,114.7,115.9,-4.2,-2.3,1.8,5.7,7.1,5.5,1.1,-2.8,-8.9,-6.8,-3.6,0.7,5.3,8.8,11.2,8.1,4.0,-0.1,-3.9,-6.9,-0.2,1.5,3.3,4.1,3.5,1.8,-0.0,-0.9,45.2,46.9,51.0,55.2,56.9,55.2,51.1,46.6,41.3,43.6,47.0,51.6,56.2,60.0,62.7,60.0,56.3,52.2,48.0,44.1,49.2,51.0,52.9,53.6,52.8,51.0,49.2,48.5,-79.9,-84.1,-85.7,-83.7,-79.4,-74.9,-73.7,-75.6,-78.0,-80.6,-82.2,-82.8,-81.7,-79.4,-76.2,-74.8,-74.3,-74.2,-74.8,-76.0,-77.8,-76.9,-77.6,-79.4,-81.3,-82.2,-81.5,-79.7,-75.4,-79.7,-81.5,-79.8,-75.6,-71.3,-69.5,-70.9,-72.4,-75.5,-77.6,-78.6,-77.8,-76.2,-73.6,-71.6,-70.6,-70.2,-70.4,-70.9,-73.5,-72.7,-73.5,-75.4,-77.3,-78.0,-77.2,-75.3,608.3,608.8,608.2,606.9,605.6,605.3,605.7,607.0,613.3,610.5,607.6,605.6,605.1,605.5,606.3,605.2,604.5,605.1,607.1,610.1,607.7,607.2,606.9,607.1,607.7,608.3,608.5,608.3,578.4,579.6,580.4,580.3,579.5,578.3,577.5,577.7,579.5,578.5,577.6,577.5,579.0,581.4,583.8,580.8,578.2,576.7,576.7,578.0,579.1,579.1,579.4,580.0,580.3,580.3,580.0,579.5,28.5,-44.4,669.7,0.109,0.303,0.028,282.1,281.5,282.3,284.0,286.0,289.6,294.7,301.6,311.3,322.5,333.7,344.2,352.3,357.5,360.3,361.8,362.7,284.5,288.5,294.6,301.1,306.9,320.7,328.4,336.4,344.0,349.3,313.2,312.0,310.8,309.5,303.8,307.2,311.0,315.6,320.0,291.0,294.8,300.2,304.5,299.9,294.5,326.0,330.6,336.3,340.9,336.6,331.0,298.4,302.0,307.2,311.0,315.5,322.8,329.6,323.1,316.2,311.2,307.0,301.9,300.7,307.3,311.1,315.6,327.0,315.9,311.2,307.2,120.7,131.6,142.5,153.1,163.5,173.0,181.3,188.1,190.7,190.3,185.9,178.9,169.9,159.0,146.9,134.4,122.0,107.8,102.5,100.9,101.8,104.6,104.6,101.4,101.0,103.2,108.5,114.8,121.8,128.7,135.9,143.1,144.6,145.8,144.8,143.8,117.1,113.5,113.8,117.9,118.9,118.8,118.1,114.0,114.1,117.6,119.3,119.3,161.5,156.7,154.5,155.8,154.9,157.5,162.1,168.8,171.2,171.4,170.8,167.9,161.6,158.9,159.3,159.2,162.2,165.4,165.6,164.9,-26.4,-27.5,-26.1,-23.2,-19.4,-12.9,-3.9,7.8,23.6,42.2,61.3,79.6,93.8,102.7,107.1,109.5,111.0,-21.4,-14.3,-4.0,6.7,16.2,38.2,50.5,63.5,75.8,84.6,26.2,24.0,21.9,19.7,10.9,16.4,22.3,29.7,36.7,-10.2,-3.7,5.2,12.5,4.8,-4.1,47.2,54.4,63.5,71.1,64.0,55.1,2.3,8.2,16.4,22.4,29.5,41.3,52.8,42.0,30.7,22.9,16.1,8.0,6.1,16.6,22.6,29.8,48.6,30.3,22.9,16.6,-85.8,-66.5,-47.1,-28.2,-9.7,7.1,21.2,32.2,36.0,35.2,28.1,16.7,1.6,-17.0,-37.4,-58.4,-79.4,-104.6,-112.5,-113.5,-110.6,-105.0,-104.0,-108.8,-109.6,-106.1,-97.7,-87.6,-75.5,-63.9,-51.9,-41.9,-39.1,-37.0,-38.5,-40.3,-87.7,-93.0,-91.8,-84.8,-83.4,-84.1,-82.8,-89.2,-88.7,-83.3,-80.3,-80.5,-12.4,-20.0,-23.2,-21.1,-22.5,-18.4,-11.2,-0.4,3.5,3.8,2.9,-1.8,-12.3,-16.3,-15.6,-15.7,-11.0,-5.8,-5.5,-6.7,724.3,724.4,725.1,726.4,723.5,716.1,704.5,687.6,676.1,674.6,681.1,688.3,691.4,692.2,690.6,689.0,689.0,697.5,689.7,680.6,671.3,665.4,658.5,657.2,657.7,658.2,659.4,660.0,653.6,647.2,640.8,660.5,655.5,651.6,651.1,651.5,690.1,683.9,679.4,676.3,679.5,683.8,663.9,661.5,659.6,660.5,658.9,660.7,679.7,664.2,655.6,652.2,650.4,653.7,661.4,656.2,654.1,656.2,659.6,667.9,675.8,657.8,654.0,652.3,661.1,655.0,656.9,660.5,0.607,0.054,0.291,0.030,314.622,141.824,-37.689,-15.780,-7.273,17.035,-7.666,-6.371,6.031,3.799,3.062,7.134,-2.308,0.419,-0.416,-1.575,-1.149,0.891,3.014,-2.744,-0.850,0.316,0.529,0.209,-0.476,0.178,0.239,-0.857,0.466,0.230,0.061,-0.035,0.078,-0.018,0.005,0.075,0.06,0.00,0.55,0.00,0.66,3.18,0.00,0.19,0.00,0.00,0.10,0.52,0.19,0.00,0.80,0.43,0.00,0.00,1.00,1.00,0.00,1.00,1.00,0.00,0.00,0.00,0.00,0.00,1.00,0.00,0.00,1.00,1.00,0.00,0.00
238,0,23.700,0.98,1,-0.132357,0.122155,-0.983646,-0.283373,0.124272,-0.950924,-0.212,0.127,292.3,293.5,296.2,298.8,299.8,298.8,295.9,293.3,289.3,290.6,292.6,295.5,298.5,300.9,302.6,300.6,297.8,295.1,292.6,290.6,295.0,296.1,297.3,297.8,297.4,296.3,295.1,294.5,326.8,327.9,330.7,333.7,335.0,333.9,331.0,327.9,324.1,325.7,328.1,331.3,334.5,337.0,338.7,337.1,334.7,331.9,328.9,326.1,329.6,330.9,332.1,332.6,332.0,330.8,329.5,329.1,116.4,113.6,112.5,113.6,116.3,119.3,120.3,119.2,118.1,116.1,114.8,114.1,114.8,116.3,118.4,119.4,119.7,119.9,119.8,119.2,117.7,118.2,117.7,116.5,115.3,114.8,115.3,116.5,116.0,113.1,111.8,113.0,115.8,118.8,120.0,119.1,118.2,116.0,114.4,113.6,114.2,115.5,117.5,118.7,119.2,119.5,119.4,119.1,117.4,117.9,117.3,116.0,114.8,114.3,114.8,116.1,-7.1,-5.3,-1.2,2.7,4.2,2.7,-1.6,-5.6,-11.6,-9.7,-6.5,-2.3,2.3,5.8,8.4,5.3,1.2,-2.9,-6.6,-9.7,-3.0,-1.3,0.5,1.2,0.6,-1.1,-2.9,-3.7,42.5,44.1,48.3,52.4,54.2,52.6,48.5,44.0,38.7,41.0,44.3,48.9,53.5,57.4,60.0,57.4,53.7,49.6,45.4,41.5,46.6,48.4,50.2,50.9,50.2,48.3,46.5,45.8,-79.0,-83.2,-84.9,-83.0,-78.7,-74.2,-72.9,-74.7,-77.1,-79.7,-81.3,-82.0,-81.0,-78.8,-75.7,-74.1,-73.5,-73.3,-73.8,-75.0,-76.9,-76.1,-76.9,-78.7,-80.6,-81.4,-80.7,-78.8,-75.6,-79.9,-81.8,-80.2,-75.9,-71.6,-69.8,-71.1,-72.6,-75.7,-77.8,-78.9,-78.2,-76.6,-74.1,-72.0,-70.9,-70.5,-70.6,-71.1,-73.8,-73.0,-73.9,-75.7,-77.6,-78.3,-77.5,-75.6,612.7,613.1,612.5,611.1,609.9,609.6,610.2,611.5,617.8,615.0,612.1,609.9,609.4,609.8,610.6,609.5,608.9,609.6,611.6,614.6,612.2,611.6,611.3,611.5,612.0,612.6,612.9,612.7,582.1,583.2,583.9,583.8,583.0,581.9,581.2,581.5,583.3,582.2,581.3,581.1,582.5,584.9,587.3,584.4,581.8,580.4,580.4,581.7,582.8,582.8,583.1,583.6,583.9,583.9,583.6,583.1,26.4,-45.5,679.6,0.088,0.290,0.015,280.3,279.9,280.8,282.5,284.8,288.6,293.8,300.8,310.4,321.5,332.8,343.3,351.4,356.5,359.2,360.5,361.3,282.5,286.4,292.5,299.0,304.8,318.2,325.9,334.0,341.8,347.5,311.1,310.0,308.9,307.7,302.3,305.7,309.4,313.9,318.1,289.2,292.9,298.2,302.5,298.0,292.7,324.0,328.5,334.1,338.8,334.6,329.0,297.9,301.8,306.5,309.8,313.8,320.4,327.2,320.7,314.4,310.1,306.3,301.8,300.1,306.5,309.9,314.0,324.5,314.1,310.0,306.5,122.1,132.7,143.4,153.7,163.7,172.6,179.9,185.9,188.1,187.6,183.7,177.5,169.1,158.4,146.6,134.3,122.0,109.3,103.9,102.4,103.1,105.7,105.3,102.1,101.5,103.5,108.7,115.4,122.4,129.3,136.5,143.6,145.0,146.0,145.0,143.9,118.1,114.5,114.7,118.5,119.8,119.9,118.3,114.1,114.2,117.5,119.4,119.4,161.3,157.3,155.3,156.3,155.3,157.5,161.0,165.7,167.3,167.6,167.2,165.5,161.2,159.2,159.5,159.2,161.1,162.1,162.3,161.9,-30.2,-30.9,-29.3,-26.2,-22.0,-15.0,-5.5,6.5,22.5,41.1,60.7,79.4,94.1,103.2,107.7,109.7,111.0,-25.4,-18.3,-7.6,3.3,12.9,34.8,47.4,60.8,73.6,83.2,23.2,21.2,19.2,17.1,8.7,14.2,20.1,27.4,34.3,-13.4,-7.0,2.0,9.4,1.6,-7.4,44.7,51.9,61.1,69.1,61.8,52.8,1.5,7.9,15.5,20.9,27.3,38.1,49.8,38.6,28.2,21.3,15.3,7.9,5.2,15.6,21.1,27.6,45.2,27.7,21.1,15.5,-85.0,-65.7,-46.4,-27.6,-9.6,6.4,19.1,28.9,32.0,31.3,25.0,14.7,0.1,-18.3,-38.8,-59.9,-81.2,-104.0,-112.0,-113.2,-110.4,-105.0,-104.6,-109.6,-110.8,-107.6,-99.3,-88.3,-75.9,-64.0,-51.9,-41.8,-39.1,-37.2,-38.9,-40.8,-87.6,-93.0,-92.1,-85.2,-83.4,-83.8,-84.0,-90.6,-90.3,-85.0,-81.7,-81.7,-13.0,-19.4,-22.4,-20.7,-22.2,-18.8,-13.1,-5.3,-2.7,-2.3,-2.9,-5.8,-13.1,-16.0,-15.5,-15.9,-13.0,-11.2,-10.9,-11.7,739.0,738.5,738.4,738.9,735.3,726.8,713.7,696.0,684.8,684.2,692.2,700.6,705.4,707.0,706.3,704.4,704.3,711.3,702.8,693.4,683.7,676.8,669.7,668.7,669.7,670.5,672.5,672.0,665.1,658.2,651.4,670.8,666.0,662.1,661.9,662.4,702.8,696.5,691.8,688.8,691.6,696.1,676.0,673.9,672.2,673.4,671.4,672.9,687.9,673.5,666.2,663.3,661.7,664.8,671.8,665.0,662.3,664.1,667.2,675.1,683.7,667.8,664.6,663.1,670.7,663.7,665.3,668.6,0.597,0.034,0.279,0.016,313.043,141.564,-21.095,-17.594,-16.203,13.152,-5.073,0.382,5.490,3.239,2.560,6.141,-2.574,0.632,-0.996,-3.017,0.053,0.472,1.958,-2.925,-0.833,1.202,1.053,0.352,-0.454,0.335,0.245,-0.724,0.123,0.060,-0.043,-0.068,0.044,-0.012,0.025,0.072,0.06,0.07,0.72,0.00,0.68,3.13,0.00,0.26,0.00,0.00,0.00,0.44,0.00,0.00,0.81,0.59,0.00,0.00,1.00,1.00,0.00,1.00,1.00,0.00,0.00,0.00,0.00,0.00,1.00,0.00,0.00,1.00,1.00,0.00,0.00
239,0,23.800,0.98,1,-0.131112,0.129665,-0.982851,-0.281587,0.136172,-0.949824,-0.210,0.137,293.5,294.7,297.4,300.0,301.0,300.1,297.2,294.5,290.5,291.7,293.8,296.7,299.8,302.2,303.8,301.8,299.1,296.3,293.8,291.8,296.2,297.3,298.5,299.0,298.6,297.4,296.3,295.7,328.0,329.0,331.8,334.8,336.1,335.1,332.3,329.1,325.3,326.9,329.3,332.5,335.7,338.2,339.9,338.3,335.9,333.1,330.2,327.4,330.8,332.1,333.3,333.8,333.2,331.9,330.7,330.2,116.9,114.1,112.9,114.0,116.8,119.8,120.7,119.7,118.6,116.7,115.3,114.6,115.2,116.7,118.9,119.8,120.2,120.4,120.2,119.7,118.2,118.7,118.1,116.9,115.7,115.3,115.8,117.0,116.2,113.2,111.9,113.1,115.9,118.8,120.1,119.3,118.4,116.2,114.5,113.7,114.3,115.6,117.6,118.7,119.3,119.6,119.5,119.3,117.5,118.0,117.4,116.1,114.9,114.4,115.0,116.2,-5.3,-3.5,0.6,4.5,6.0,4.6,0.2,-3.7,-9.9,-7.9,-4.7,-0.5,4.1,7.7,10.2,7.2,3.1,-1.0,-4.8,-7.8,-1.2,0.5,2.3,3.1,2.4,0.7,-1.1,-1.9,44.1,45.7,49.8,54.0,55.9,54.3,50.2,45.7,40.4,42.6,45.9,50.5,55.1,59.0,61.7,59.0,55.4,51.3,47.1,43.2,48.2,50.1,51.9,52.6,51.7,49.9,48.1,47.4,-78.1,-82.3,-84.1,-82.2,-78.0,-73.5,-72.1,-73.8,-76.1,-78.8,-80.4,-81.2,-80.2,-78.0,-74.9,-73.4,-72.8,-72.5,-73.0,-74.1,-76.1,-75.3,-76.1,-77.9,-79.8,-80.6,-79.8,-78.0,-75.2,-79.6,-81.5,-79.9,-75.8,-71.4,-69.5,-70.7,-72.2,-75.2,-77.5,-78.6,-78.0,-76.5,-74.0,-71.9,-70.7,-70.2,-70.3,-70.7,-73.5,-72.8,-73.6,-75.5,-77.3,-78.0,-77.2,-75.3,611.9,612.4,611.8,610.5,609.2,608.9,609.4,610.7,617.0,614.2,611.2,609.2,608.7,609.1,609.9,608.9,608.2,608.8,610.7,613.8,611.4,610.8,610.6,610.8,611.3,611.9,612.1,611.9,581.2,582.3,583.1,583.1,582.3,581.2,580.4,580.6,582.4,581.3,580.4,580.3,581.8,584.2,586.7,583.7,581.1,579.6,579.6,580.9,582.0,582.0,582.3,582.8,583.1,583.1,582.8,582.3,28.9,-44.6,681.9,0.109,0.289,0.003,281.7,281.4,282.5,284.4,286.8,290.6,295.8,302.7,312.1,322.8,333.6,343.9,352.0,357.3,360.0,361.3,362.0,283.6,287.4,293.4,299.9,305.8,319.5,327.0,334.9,342.5,348.2,312.3,311.4,310.4,309.4,303.9,307.3,311.1,315.6,319.8,290.4,294.1,299.4,303.8,299.2,293.9,325.2,329.6,335.3,340.0,335.8,330.2,299.5,303.2,308.1,311.6,315.8,322.6,329.3,323.2,316.7,312.2,308.2,303.3,301.8,308.2,311.7,316.0,326.7,316.3,312.0,308.2,122.4,133.1,143.7,154.0,164.1,173.1,180.8,187.2,189.5,189.1,184.9,178.2,169.5,158.7,146.6,134.1,121.6,109.8,104.4,102.8,103.4,105.9,105.4,102.2,101.5,103.3,108.4,115.8,122.8,129.8,137.0,144.0,145.4,146.4,145.3,144.2,118.7,115.0,115.2,119.0,120.2,120.4,118.5,114.3,114.3,117.5,119.4,119.6,162.1,157.6,155.4,156.5,155.5,157.7,161.6,167.6,169.9,170.2,169.8,167.5,162.1,159.6,159.8,159.6,161.8,164.3,164.6,164.1,-27.6,-28.1,-26.2,-22.7,-18.4,-11.5,-2.1,9.9,25.4,43.5,62.3,80.7,95.3,104.5,109.1,111.1,112.2,-23.3,-16.5,-6.1,4.9,14.6,37.0,49.3,62.4,74.9,84.4,25.3,23.5,21.7,19.8,11.4,16.9,22.9,30.2,37.1,-11.4,-5.0,4.0,11.5,3.8,-5.2,46.8,53.9,63.1,71.1,63.9,54.9,4.3,10.3,18.1,23.8,30.5,41.8,53.3,42.9,32.2,24.9,18.5,10.5,8.1,18.3,24.1,30.9,49.0,31.5,24.6,18.5,-84.0,-64.8,-45.7,-27.1,-8.9,7.3,20.8,31.3,34.7,33.8,27.0,15.9,0.9,-17.9,-38.8,-60.3,-81.9,-103.1,-111.3,-112.6,-110.0,-104.8,-104.6,-109.7,-111.0,-108.0,-99.9,-87.8,-75.4,-63.5,-51.3,-41.2,-38.6,-36.7,-38.5,-40.4,-86.7,-92.2,-91.4,-84.5,-82.8,-83.1,-83.7,-90.5,-90.2,-85.0,-81.7,-81.6,-11.7,-18.9,-22.2,-20.4,-22.0,-18.4,-12.2,-2.2,1.4,2.0,1.3,-2.5,-11.7,-15.5,-15.0,-15.4,-11.9,-7.6,-7.2,-8.1,736.3,736.2,736.8,738.1,735.3,727.9,716.4,699.9,688.7,687.6,694.5,702.4,706.4,707.6,706.6,704.8,704.5,711.3,703.2,693.9,684.4,678.1,671.3,670.1,670.8,671.3,672.8,673.1,666.6,660.0,653.5,672.9,667.9,664.1,663.8,664.2,703.5,697.2,692.5,689.4,692.6,697.0,676.9,674.7,673.0,674.1,672.2,673.9,690.9,676.3,668.4,665.3,663.5,666.7,674.0,668.5,666.3,668.4,671.5,679.3,686.9,670.5,666.9,665.2,673.3,667.2,669.1,672.5,0.596,0.056,0.273,0.005,314.500,142.173,-32.812,-20.632,-11.308,17.542,-5.104,-3.252,6.202,4.398,3.562,5.635,-2.679,1.242,0.193,-1.832,-0.656,0.003,2.078,-3.288,-1.017,0.904,0.945,0.026,-0.381,0.345,0.264,-0.841,0.374,0.112,-0.017,-0.030,0.061,-0.013,0.031,0.037,0.09,0.07,0.83,0.00,0.66,3.16,0.00,0.17,0.00,0.00,0.00,0.50,0.00,0.00,0.79,0.63,0.00,0.00,1.00,1.00,0.00,1.00,1.00,0.00,0.00,0.00,0.00,0.00,1.00,0.00,0.00,1.00,1.00,0.00,0.00
240,0,23.900,0.98,1,-0.135860,0.154527,-0.978603,-0.282060,0.164219,-0.945238,-0.214,0.164,294.3,295.5,298.2,300.9,301.9,301.0,298.0,295.4,291.3,292.6,294.7,297.6,300.7,303.1,304.8,302.7,300.0,297.2,294.7,292.7,297.1,298.2,299.4,299.9,299.5,298.3,297.1,296.6,329.0,330.0,332.8,335.8,337.1,336.1,333.3,330.1,326.3,327.9,330.3,333.5,336.7,339.2,340.9,339.3,336.9,334.1,331.2,328.3,331.8,333.1,334.3,334.8,334.2,332.9,331.7,331.2,117.1,114.3,113.1,114.2,116.9,120.0,121.0,119.9,118.8,116.8,115.5,114.8,115.4,116.9,119.1,120.0,120.4,120.6,120.5,119.9,118.4,118.9,118.3,117.1,115.9,115.4,115.9,117.2,116.5,113.5,112.3,113.4,116.2,119.2,120.5,119.6,118.7,116.5,114.8,114.1,114.6,115.9,117.9,119.1,119.7,119.9,119.9,119.6,117.8,118.3,117.7,116.5,115.2,114.7,115.3,116.6,-4.0,-2.2,1.8,5.8,7.3,5.9,1.5,-2.4,-8.5,-6.6,-3.4,0.8,5.4,9.0,11.6,8.5,4.5,0.3,-3.4,-6.5,0.1,1.8,3.6,4.3,3.7,1.9,0.2,-0.6,45.4,46.9,51.0,55.2,57.1,55.5,51.4,46.9,41.6,43.8,47.1,51.7,56.4,60.2,62.9,60.3,56.6,52.6,48.4,44.5,49.5,51.3,53.1,53.8,53.0,51.1,49.3,48.6,-77.4,-81.7,-83.4,-81.6,-77.3,-72.8,-71.4,-73.2,-75.6,-78.2,-79.8,-80.5,-79.5,-77.4,-74.3,-72.7,-72.1,-71.8,-72.3,-73.5,-75.5,-74.7,-75.5,-77.3,-79.2,-80.0,-79.2,-77.3,-74.5,-78.8,-80.8,-79.2,-75.0,-70.7,-68.8,-70.0,-71.5,-74.5,-76.7,-77.8,-77.2,-75.7,-73.3,-71.2,-70.0,-69.4,-69.5,-70.0,-72.7,-72.0,-72.9,-74.8,-76.6,-77.3,-76.4,-74.6,608.9,609.3,608.6,607.4,606.2,606.0,606.5,607.8,614.0,611.2,608.2,606.1,605.6,606.1,607.0,606.0,605.3,605.9,607.9,610.9,608.5,607.9,607.6,607.8,608.3,608.8,609.1,608.9,579.1,580.2,580.9,580.9,580.2,579.2,578.4,578.6,580.3,579.2,578.3,578.2,579.6,582.1,584.6,581.7,579.1,577.6,577.5,578.8,579.9,579.9,580.2,580.7,581.0,581.0,580.7,580.2,30.6,-42.8,672.9,0.145,0.296,-0.015,282.4,282.3,283.6,285.8,288.3,292.3,297.7,305.0,314.7,325.7,336.3,346.2,353.8,358.6,361.0,362.1,362.5,284.5,288.2,294.2,300.8,306.7,320.4,327.9,335.9,343.4,348.8,313.4,312.5,311.6,310.6,305.3,308.7,312.5,316.9,321.1,291.3,294.9,300.2,304.7,300.2,294.9,326.2,330.6,336.3,341.0,336.8,331.2,301.1,304.3,309.2,312.8,317.0,324.0,330.5,324.9,318.5,313.9,309.8,304.7,303.4,309.5,313.1,317.3,327.9,317.9,313.6,309.8,122.2,133.0,143.8,154.3,164.6,174.2,182.5,189.4,191.8,190.9,185.8,178.2,168.9,157.8,145.7,133.3,121.0,109.5,104.1,102.4,103.2,105.8,105.4,102.1,101.3,103.3,108.3,116.1,123.2,130.1,137.3,144.6,146.0,147.1,146.0,144.8,118.8,115.2,115.3,119.2,120.5,120.6,118.8,114.6,114.6,117.8,119.8,120.0,163.6,158.6,156.1,157.3,156.2,158.7,163.1,170.1,172.7,173.1,172.6,169.9,163.5,160.6,160.8,160.6,163.3,166.8,167.1,166.5,-25.9,-26.2,-23.9,-20.0,-15.5,-8.3,1.3,13.7,29.6,47.9,66.2,83.7,97.0,105.1,108.9,110.5,111.1,-21.5,-14.8,-4.6,6.2,15.9,37.9,50.0,62.8,75.1,84.0,26.6,24.9,23.2,21.4,13.4,18.9,24.8,31.9,38.7,-9.7,-3.5,5.4,12.9,5.3,-3.6,47.7,54.6,63.8,71.6,64.6,55.7,6.8,11.9,19.7,25.5,32.0,43.4,54.6,45.1,34.7,27.4,20.9,12.6,10.6,20.2,25.9,32.6,50.3,33.8,26.9,20.8,-83.2,-64.1,-45.0,-26.4,-7.8,9.1,23.5,34.7,38.2,36.6,28.3,15.7,-0.2,-19.2,-39.7,-60.5,-81.4,-101.8,-109.9,-111.2,-108.5,-103.2,-102.9,-108.0,-109.4,-106.3,-98.4,-85.9,-73.7,-62.0,-50.0,-39.6,-37.1,-35.2,-36.9,-38.9,-85.1,-90.4,-89.6,-82.8,-81.1,-81.4,-82.0,-88.5,-88.3,-83.2,-79.8,-79.7,-9.0,-17.0,-20.7,-18.9,-20.4,-16.6,-9.6,1.8,6.0,6.6,5.9,1.4,-9.1,-13.6,-13.2,-13.4,-9.3,-3.6,-3.1,-4.0,725.3,726.3,727.8,729.6,726.9,719.9,709.3,693.6,682.7,681.3,687.1,693.6,696.3,696.5,694.6,692.4,691.5,698.5,690.7,681.6,672.4,667.0,660.4,659.0,659.8,660.3,661.8,662.2,656.0,649.9,643.7,663.3,658.7,655.1,654.6,655.0,692.0,685.7,681.2,678.2,681.6,685.9,666.3,663.9,662.2,663.5,661.8,663.3,681.8,666.8,658.6,655.7,654.0,657.2,665.0,660.8,659.3,661.3,664.3,671.3,677.9,661.3,657.9,656.2,664.6,659.7,661.4,664.6,0.604,0.093,0.279,-0.012,315.783,142.861,-38.982,-14.956,-10.432,21.594,-7.166,-9.361,7.901,3.989,3.700,5.818,-2.261,0.435,-0.097,-2.540,-0.802,-0.342,2.217,-2.784,-0.601,0.518,0.387,0.084,-0.396,0.032,-0.083,-0.802,0.422,0.218,0.014,-0.057,0.073,-0.049,0.006,0.044,0.07,0.07,0.89,0.00,0.73,3.15,0.00,0.26,0.00,0.02,0.00,0.70,0.00,0.00,0.98,1.03,0.00,0.00,1.00,1.00,0.00,1.00,1.00,0.00,0.00,0.00,0.00,0.00,1.00,0.00,0.00,1.00,1.00,0.00,0.00
241,0,24.000,0.98,1,-0.154781,0.160368,-0.974846,-0.304992,0.167405,-0.937526,-0.236,0.170,292.4,293.6,296.3,298.9,299.8,298.9,296.0,293.4,289.4,290.7,292.8,295.6,298.6,301.0,302.6,300.6,297.9,295.1,292.7,290.7,295.0,296.2,297.3,297.9,297.4,296.3,295.1,294.6,326.9,328.0,330.9,333.8,335.0,333.9,331.1,328.0,324.2,325.9,328.2,331.4,334.6,337.1,338.8,337.2,334.7,332.0,329.0,326.2,329.7,331.0,332.2,332.7,332.2,330.9,329.6,329.2,117.4,114.7,113.5,114.7,117.4,120.4,121.3,120.2,119.0,117.1,115.8,115.2,115.9,117.4,119.5,120.5,120.8,120.9,120.7,120.2,118.7,119.2,118.7,117.5,116.3,115.8,116.3,117.5,117.4,114.5,113.2,114.4,117.2,120.2,121.4,120.5,119.5,117.3,115.8,115.1,115.7,116.9,118.9,120.1,120.6,120.8,120.7,120.5,118.7,119.2,118.7,117.4,116.2,115.6,116.2,117.5,-7.0,-5.2,-1.1,2.8,4.3,2.8,-1.6,-5.5,-11.6,-9.6,-6.4,-2.2,2.4,6.0,8.5,5.4,1.3,-2.8,-6.5,-9.6,-3.0,-1.3,0.5,1.3,0.7,-1.0,-2.8,-3.6,42.9,44.5,48.6,52.8,54.6,52.9,48.8,44.4,39.1,41.3,44.7,49.2,53.9,57.8,60.5,57.8,54.0,49.9,45.7,41.9,46.9,48.8,50.6,51.3,50.5,48.7,46.9,46.2,-78.1,-82.3,-84.0,-82.1,-77.8,-73.3,-72.0,-73.8,-76.3,-78.9,-80.4,-81.1,-80.0,-77.8,-74.7,-73.2,-72.6,-72.4,-73.0,-74.2,-76.1,-75.3,-76.0,-77.8,-79.7,-80.5,-79.8,-77.9,-74.0,-78.3,-80.2,-78.5,-74.3,-70.0,-68.1,-69.4,-71.1,-74.0,-76.2,-77.1,-76.5,-74.9,-72.4,-70.4,-69.3,-68.8,-69.0,-69.5,-72.1,-71.4,-72.2,-74.1,-75.9,-76.7,-75.9,-74.0,618.0,618.3,617.6,616.3,615.2,615.0,615.6,616.9,623.1,620.3,617.3,615.1,614.6,615.1,615.9,614.9,614.3,614.9,617.0,620.0,617.5,616.9,616.6,616.8,617.3,617.8,618.1,618.0,584.7,585.7,586.4,586.2,585.5,584.5,583.9,584.2,586.0,584.8,583.8,583.6,584.9,587.3,589.7,586.9,584.4,583.0,583.1,584.4,585.4,585.3,585.6,586.1,586.4,586.4,586.2,585.7,26.3,-41.5,668.4,0.144,0.335,-0.004,281.0,280.7,281.8,283.8,286.1,289.8,295.0,302.0,311.7,323.0,334.3,344.7,352.6,357.3,359.6,360.8,361.3,282.7,286.5,292.4,298.8,304.6,318.4,326.0,333.9,341.5,347.0,311.0,309.8,308.7,307.4,302.3,305.7,309.4,313.8,318.0,289.3,293.0,298.2,302.6,298.0,292.8,324.2,328.5,334.2,339.0,334.7,329.1,298.0,301.1,306.0,309.5,313.7,320.9,327.7,321.7,315.0,310.4,306.4,301.4,300.2,306.2,309.8,314.0,325.1,314.6,310.2,306.4,122.5,133.4,144.2,154.8,165.2,174.8,183.1,190.1,192.7,191.7,186.6,179.1,169.8,158.6,146.6,134.3,121.9,109.6,104.4,102.9,103.9,106.7,106.4,103.2,102.5,104.4,109.4,116.8,123.8,130.7,138.0,145.2,146.7,147.8,146.7,145.6,119.1,115.6,115.8,119.7,120.8,120.8,119.6,115.6,115.6,118.9,120.7,120.8,163.7,158.9,156.7,157.9,156.9,159.3,163.8,170.7,173.3,173.6,173.1,170.2,163.7,161.2,161.5,161.3,163.9,167.3,167.5,166.9,-28.4,-29.0,-27.1,-23.6,-19.4,-12.6,-3.4,8.5,24.3,43.1,62.2,80.2,93.7,101.6,105.2,106.8,107.5,-24.4,-17.7,-7.6,2.9,12.3,34.3,46.3,59.1,71.1,80.0,22.6,20.5,18.4,16.3,8.6,14.0,19.8,26.8,33.5,-13.0,-6.8,2.0,9.2,1.7,-6.9,43.9,50.8,59.7,67.5,60.4,51.7,1.6,6.7,14.4,20.0,26.6,38.1,49.6,39.6,28.9,21.6,15.1,7.1,5.3,14.8,20.5,27.2,45.3,28.2,21.3,15.3,-82.4,-63.2,-44.1,-25.4,-6.8,10.2,24.4,35.6,39.2,37.6,29.4,17.0,1.3,-17.5,-37.6,-58.1,-78.7,-101.2,-108.8,-109.8,-106.7,-101.2,-100.4,-105.3,-106.4,-103.3,-95.5,-84.1,-72.1,-60.5,-48.6,-38.5,-35.8,-33.8,-35.4,-37.2,-84.2,-89.3,-88.3,-81.5,-79.9,-80.5,-80.0,-86.1,-85.7,-80.6,-77.4,-77.6,-8.8,-16.4,-19.7,-17.8,-19.2,-15.4,-8.5,2.7,6.9,7.4,6.6,2.0,-8.8,-12.6,-12.1,-12.3,-8.2,-2.8,-2.4,-3.4,723.2,724.3,725.7,727.4,724.6,717.1,705.2,688.3,676.9,675.0,680.3,685.8,688.0,687.7,685.3,682.9,681.9,695.6,687.4,678.0,668.5,662.4,654.6,652.6,652.5,652.3,653.2,656.9,651.0,645.1,639.1,658.7,654.1,650.4,649.6,649.5,688.4,681.9,677.1,674.0,677.5,682.1,660.2,657.2,655.1,655.9,654.7,656.7,678.1,662.8,654.1,650.9,648.9,651.5,658.5,654.8,653.8,656.1,659.5,667.1,674.1,656.7,653.0,651.1,658.4,654.2,656.3,659.7,0.609,0.092,0.327,-0.002,313.315,143.503,-37.567,-14.135,-10.423,16.165,-7.957,-9.337,6.177,2.334,3.656,5.852,-0.784,-0.742,0.073,-2.745,-0.741,-0.207,2.325,-2.110,-0.951,0.816,0.733,-0.197,-0.516,0.405,-0.083,-0.612,0.419,0.125,-0.013,-0.029,0.027,-0.002,0.031,0.056,0.03,0.00,0.84,0.05,0.73,3.22,0.00,0.34,0.00,0.06,0.00,0.83,0.00,0.00,1.00,1.16,0.00,0.00,1.00,1.00,0.00,1.00,1.00,0.00,0.00,0.00,0.00,0.00,1.00,0.00,0.00,1.00,1.00,0.00,0.00
242,0,24.100,0.98,1,-0.159007,0.151707,-0.975552,-0.309786,0.158367,-0.937525,-0.240,0.161,291.4,292.6,295.3,297.8,298.8,297.8,294.9,292.3,288.4,289.7,291.7,294.5,297.6,299.9,301.5,299.5,296.8,294.1,291.6,289.7,294.0,295.1,296.3,296.8,296.4,295.3,294.1,293.6,325.7,326.8,329.6,332.5,333.8,332.7,329.9,326.8,323.0,324.6,327.0,330.2,333.4,335.9,337.6,335.9,333.5,330.7,327.8,325.0,328.5,329.8,331.0,331.5,330.9,329.7,328.4,327.9,117.9,115.2,114.1,115.2,117.9,120.9,121.8,120.7,119.6,117.6,116.3,115.7,116.4,117.9,120.1,121.0,121.3,121.5,121.3,120.7,119.3,119.7,119.2,118.0,116.9,116.4,116.9,118.1,117.9,115.0,113.8,114.9,117.8,120.7,122.0,121.0,120.1,117.9,116.3,115.6,116.2,117.5,119.5,120.7,121.2,121.4,121.3,121.0,119.3,119.8,119.3,118.0,116.7,116.2,116.8,118.0,-8.6,-6.7,-2.6,1.3,2.7,1.2,-3.2,-7.1,-13.1,-11.1,-8.0,-3.7,0.9,4.4,6.9,3.8,-0.3,-4.4,-8.1,-11.1,-4.5,-2.8,-1.1,-0.3,-0.9,-2.6,-4.4,-5.2,41.1,42.7,46.9,51.0,52.8,51.1,47.0,42.6,37.3,39.5,42.9,47.4,52.1,55.9,58.7,55.9,52.2,48.1,43.9,40.1,45.1,47.0,48.8,49.5,48.7,46.9,45.1,44.4,-77.4,-81.6,-83.2,-81.4,-77.1,-72.6,-71.3,-73.1,-75.6,-78.2,-79.8,-80.4,-79.4,-77.1,-73.9,-72.4,-71.8,-71.7,-72.2,-73.4,-75.4,-74.5,-75.3,-77.1,-79.0,-79.8,-79.1,-77.2,-73.1,-77.4,-79.3,-77.6,-73.4,-69.1,-67.2,-68.6,-70.1,-73.2,-75.3,-76.3,-75.6,-74.0,-71.5,-69.4,-68.3,-67.9,-68.1,-68.6,-71.2,-70.5,-71.3,-73.2,-75.0,-75.8,-75.0,-73.1,618.8,619.1,618.4,617.0,615.9,615.7,616.3,617.6,623.9,621.1,618.0,615.9,615.3,615.7,616.5,615.6,615.0,615.6,617.7,620.7,618.2,617.6,617.3,617.4,618.0,618.5,618.9,618.7,584.2,585.2,585.8,585.7,584.9,583.9,583.3,583.6,585.5,584.3,583.3,583.0,584.4,586.7,589.1,586.2,583.8,582.4,582.5,583.9,584.8,584.8,585.0,585.5,585.8,585.9,585.6,585.2,24.3,-40.7,670.3,0.137,0.342,0.002,280.2,279.9,281.0,282.9,285.2,288.8,293.8,300.6,310.0,321.2,332.5,343.0,351.1,356.0,358.5,359.8,360.4,281.8,285.5,291.3,297.6,303.4,317.2,324.8,332.8,340.4,345.9,309.8,308.6,307.3,306.0,301.0,304.4,308.0,312.5,316.6,288.3,291.9,297.2,301.5,297.0,291.8,322.9,327.3,333.0,337.7,333.4,327.9,296.7,299.8,304.6,308.2,312.3,319.5,326.3,320.2,313.5,309.0,304.9,300.0,299.0,304.8,308.4,312.6,323.7,313.1,308.8,305.0,123.2,134.0,144.8,155.3,165.6,175.1,183.3,190.2,192.8,192.0,187.1,179.9,170.7,159.6,147.6,135.2,122.8,110.4,105.0,103.4,104.3,107.1,106.9,103.6,103.0,105.0,110.2,117.3,124.3,131.3,138.6,145.7,147.2,148.3,147.3,146.2,119.6,116.1,116.3,120.2,121.4,121.4,120.2,116.1,116.2,119.5,121.4,121.4,164.1,159.4,157.2,158.4,157.5,159.9,164.3,171.2,173.7,174.0,173.4,170.6,164.2,161.7,162.0,161.9,164.5,167.8,168.0,167.3,-29.8,-30.4,-28.5,-25.1,-21.1,-14.4,-5.5,6.0,21.6,40.1,59.3,77.5,91.3,99.6,103.5,105.3,106.2,-26.1,-19.5,-9.5,1.0,10.5,32.6,44.6,57.5,69.5,78.4,20.7,18.5,16.4,14.2,6.6,11.9,17.6,24.7,31.3,-14.7,-8.5,0.3,7.5,-0.0,-8.7,42.1,48.9,57.9,65.6,58.6,49.8,-0.4,4.6,12.3,17.8,24.4,36.0,47.5,37.3,26.5,19.3,12.9,5.0,3.2,12.7,18.3,24.9,43.2,25.9,19.0,13.0,-81.4,-62.2,-43.1,-24.4,-6.0,10.8,24.8,35.9,39.6,38.2,30.3,18.3,2.8,-15.9,-36.0,-56.7,-77.3,-100.4,-108.3,-109.3,-106.4,-100.8,-100.0,-104.8,-105.8,-102.5,-94.4,-83.5,-71.5,-59.8,-47.8,-37.7,-35.1,-33.1,-34.6,-36.4,-83.6,-88.8,-87.7,-80.8,-79.3,-79.9,-79.2,-85.5,-85.0,-79.8,-76.6,-76.8,-8.1,-15.6,-18.9,-16.9,-18.4,-14.5,-7.6,3.5,7.6,8.0,7.2,2.6,-8.0,-11.8,-11.3,-11.4,-7.3,-2.0,-1.7,-2.7,725.5,726.3,727.5,729.1,726.2,718.5,706.6,689.8,678.2,676.1,681.1,686.6,688.8,688.6,686.6,684.3,683.4,698.6,690.3,680.7,670.8,664.4,656.5,654.3,654.1,653.7,654.6,658.9,652.9,647.0,641.1,660.7,655.9,652.2,651.3,651.1,690.8,684.3,679.3,676.0,679.6,684.4,661.8,658.7,656.5,657.2,656.0,658.2,680.1,665.0,656.2,652.8,650.7,653.2,660.0,656.4,655.5,657.9,661.4,669.2,676.1,658.7,654.9,652.9,659.9,655.9,658.1,661.7,0.607,0.085,0.338,0.003,312.070,144.047,-38.038,-15.688,-10.412,16.229,-6.218,-8.573,6.063,2.284,4.039,6.366,-1.344,-0.638,0.710,-2.304,-0.852,-0.096,2.585,-2.367,-0.908,0.920,0.667,-0.298,-0.366,0.573,0.046,-0.679,0.489,0.105,0.012,-0.013,0.022,0.007,0.038,0.050,0.00,0.00,0.73,0.05,0.69,3.07,0.00,0.41,0.00,0.06,0.00,0.75,0.00,0.00,0.97,1.09,0.03,0.00,1.00,1.00,0.00,1.00,1.00,0.00,0.00,0.00,0.00,0.00,1.00,0.00,0.00,1.00,1.00,0.00,0.00
243,0,24.200,0.98,1,-0.160082,0.148794,-0.975825,-0.311317,0.155239,-0.937541,-0.242,0.158,291.4,292.6,295.3,297.8,298.8,297.8,294.9,292.3,288.4,289.7,291.7,294.5,297.6,299.9,301.5,299.5,296.8,294.1,291.6,289.7,294.0,295.1,296.3,296.8,296.4,295.3,294.1,293.6,325.7,326.8,329.6,332.5,333.8,332.7,329.9,326.8,323.0,324.6,327.0,330.2,333.4,335.9,337.6,335.9,333.5,330.7,327.8,325.0,328.5,329.8,331.0,331.5,330.9,329.7,328.4,327.9,117.9,115.2,114.1,115.2,117.9,120.9,121.8,120.7,119.6,117.6,116.3,115.7,116.4,117.9,120.1,121.0,121.3,121.5,121.3,120.7,119.2,119.7,119.2,118.0,116.8,116.4,116.9,118.0,117.9,115.0,113.8,114.9,117.8,120.7,121.9,121.0,120.1,117.9,116.3,115.6,116.2,117.5,119.5,120.7,121.2,121.4,121.3,121.1,119.3,119.8,119.2,118.0,116.7,116.2,116.8,118.0,-8.6,-6.7,-2.6,1.3,2.7,1.2,-3.2,-7.1,-13.1,-11.1,-8.0,-3.7,0.9,4.4,6.9,3.8,-0.3,-4.4,-8.1,-11.1,-4.5,-2.8,-1.1,-0.3,-0.9,-2.6,-4.4,-5.2,41.1,42.8,46.9,51.1,52.8,51.1,47.0,42.6,37.4,39.6,42.9,47.5,52.1,56.0,58.7,56.0,52.3,48.2,44.0,40.1,45.2,47.0,48.8,49.5,48.8,47.0,45.1,44.4,-77.5,-81.7,-83.3,-81.4,-77.1,-72.6,-71.3,-73.2,-75.6,-78.3,-79.8,-80.5,-79.4,-77.1,-74.0,-72.4,-71.9,-71.7,-72.3,-73.5,-75.4,-74.6,-75.3,-77.1,-79.0,-79.8,-79.1,-77.3,-73.2,-77.5,-79.3,-77.7,-73.4,-69.2,-67.3,-68.7,-70.2,-73.3,-75.4,-76.4,-75.7,-74.1,-71.5,-69.5,-68.4,-67.9,-68.1,-68.7,-71.3,-70.6,-71.4,-73.3,-75.1,-75.8,-75.0,-73.2,619.1,619.4,618.7,617.3,616.2,616.0,616.5,617.9,624.2,621.4,618.3,616.2,615.6,616.0,616.8,615.9,615.3,615.9,618.0,621.0,618.5,617.9,617.6,617.7,618.3,618.8,619.2,619.0,584.7,585.8,586.4,586.2,585.4,584.4,583.8,584.1,586.0,584.9,583.9,583.6,584.9,587.3,589.6,586.8,584.3,583.0,583.1,584.4,585.4,585.3,585.6,586.0,586.4,586.4,586.2,585.7,24.3,-40.7,671.3,0.135,0.343,0.004,280.3,280.0,281.0,283.0,285.1,288.7,293.7,300.4,309.7,320.9,332.2,342.8,350.9,355.9,358.5,359.8,360.4,281.8,285.5,291.4,297.7,303.4,317.3,324.8,332.8,340.4,345.8,309.8,308.6,307.3,306.0,301.0,304.3,308.0,312.4,316.6,288.3,292.0,297.2,301.5,297.0,291.8,323.0,327.3,333.0,337.7,333.4,327.9,296.7,299.8,304.6,308.1,312.3,319.4,326.3,320.1,313.4,308.9,304.9,300.0,298.9,304.8,308.3,312.5,323.7,313.0,308.7,305.0,123.2,134.1,144.8,155.3,165.6,175.0,183.2,190.1,192.7,192.0,187.2,180.0,170.9,159.9,147.9,135.5,123.0,110.4,105.0,103.5,104.4,107.1,106.9,103.7,103.0,105.1,110.2,117.3,124.3,131.3,138.6,145.7,147.2,148.3,147.3,146.2,119.6,116.0,116.3,120.2,121.4,121.4,120.2,116.0,116.1,119.5,121.4,121.4,164.1,159.4,157.2,158.4,157.5,159.9,164.3,171.2,173.8,174.0,173.4,170.6,164.2,161.7,162.0,161.8,164.5,167.8,168.0,167.3,-29.8,-30.4,-28.5,-25.1,-21.1,-14.6,-5.7,5.7,21.1,39.6,58.8,77.1,91.0,99.6,103.5,105.4,106.3,-26.0,-19.5,-9.4,1.1,10.5,32.7,44.7,57.5,69.5,78.4,20.7,18.5,16.4,14.1,6.5,11.8,17.5,24.6,31.3,-14.7,-8.5,0.3,7.5,-0.0,-8.7,42.2,49.0,58.0,65.7,58.6,49.9,-0.5,4.6,12.2,17.8,24.4,35.9,47.4,37.3,26.5,19.2,12.8,4.9,3.2,12.6,18.2,24.9,43.2,25.8,18.9,13.0,-81.4,-62.2,-43.1,-24.5,-6.0,10.7,24.6,35.8,39.5,38.2,30.5,18.6,3.2,-15.4,-35.6,-56.3,-77.1,-100.5,-108.4,-109.4,-106.5,-100.9,-100.1,-104.9,-105.9,-102.6,-94.5,-83.6,-71.6,-59.9,-47.9,-37.8,-35.1,-33.1,-34.7,-36.4,-83.8,-89.0,-87.9,-80.9,-79.4,-80.0,-79.3,-85.6,-85.1,-79.9,-76.7,-76.9,-8.1,-15.7,-19.0,-17.0,-18.4,-14.5,-7.6,3.6,7.6,8.1,7.2,2.6,-8.0,-11.9,-11.3,-11.5,-7.3,-2.0,-1.6,-2.7,726.2,726.9,728.2,729.8,726.9,719.2,707.3,690.6,678.9,676.7,681.7,687.3,689.5,689.4,687.4,685.1,684.2,699.7,691.4,681.8,671.9,665.5,657.7,655.3,655.0,654.5,655.3,659.9,654.0,648.1,642.2,661.6,656.9,653.2,652.2,652.0,692.0,685.4,680.4,677.1,680.7,685.6,662.7,659.6,657.4,658.0,656.9,659.1,681.1,666.0,657.2,653.8,651.7,654.1,660.8,657.3,656.4,658.9,662.4,670.2,677.1,659.7,655.9,653.8,660.7,656.8,659.1,662.7,0.606,0.082,0.339,0.006,312.020,144.069,-38.881,-16.569,-10.450,16.196,-5.987,-8.302,6.123,2.714,4.353,6.375,-1.227,-0.482,0.827,-2.243,-0.972,-0.107,2.601,-2.494,-0.907,1.019,0.737,-0.281,-0.304,0.674,0.090,-0.716,0.523,0.101,0.012,-0.007,0.024,0.009,0.042,0.049,0.03,0.06,0.64,0.09,0.67,3.05,0.00,0.45,0.00,0.05,0.00,0.56,0.00,0.00,0.98,0.97,0.03,0.00,1.00,1.00,0.00,1.00,1.00,0.00,0.00,0.00,0.00,0.00,1.00,0.00,0.00,1.00,1.00,0.00,0.00
244,0,24.300,0.98,1,-0.150675,0.150841,-0.977008,-0.296073,0.160883,-0.941519,-0.229,0.161,292.6,293.8,296.5,299.1,300.1,299.2,296.3,293.7,289.7,290.9,293.0,295.8,298.9,301.2,303.0,300.9,298.2,295.5,293.0,291.0,295.3,296.5,297.7,298.2,297.7,296.6,295.4,294.9,327.1,328.2,331.0,333.9,335.3,334.3,331.4,328.3,324.5,326.1,328.4,331.6,334.8,337.3,339.1,337.4,335.1,332.3,329.3,326.5,330.0,331.3,332.5,333.0,332.4,331.1,329.8,329.4,119.4,116.6,115.4,116.4,119.2,122.2,123.2,122.1,121.0,119.1,117.8,117.1,117.7,119.1,121.2,122.2,122.6,122.8,122.7,122.2,120.6,121.1,120.5,119.3,118.1,117.7,118.2,119.4,118.5,115.6,114.3,115.4,118.2,121.2,122.5,121.6,120.7,118.5,116.9,116.1,116.6,117.9,119.8,121.0,121.6,121.9,121.9,121.7,119.8,120.3,119.7,118.4,117.2,116.7,117.3,118.6,-6.6,-4.8,-0.8,3.2,4.7,3.3,-1.0,-5.0,-11.1,-9.2,-6.0,-1.8,2.8,6.4,9.0,5.9,1.8,-2.3,-6.0,-9.1,-2.5,-0.8,1.0,1.7,1.1,-0.7,-2.4,-3.2,42.9,44.4,48.5,52.8,54.6,53.1,49.0,44.5,39.2,41.4,44.7,49.2,53.9,57.7,60.5,57.8,54.2,50.1,45.9,42.0,47.0,48.9,50.6,51.3,50.5,48.7,46.9,46.2,-74.9,-79.1,-80.9,-79.1,-74.8,-70.3,-68.9,-70.6,-73.0,-75.6,-77.2,-77.9,-77.0,-74.8,-71.8,-70.2,-69.6,-69.3,-69.8,-70.9,-72.9,-72.2,-72.9,-74.8,-76.6,-77.4,-76.6,-74.8,-71.9,-76.2,-78.2,-76.6,-72.4,-68.1,-66.2,-67.4,-68.9,-71.9,-74.1,-75.2,-74.6,-73.2,-70.7,-68.6,-67.4,-66.9,-66.9,-67.4,-70.1,-69.4,-70.3,-72.2,-74.0,-74.7,-73.8,-71.9,615.5,615.8,615.2,613.8,612.7,612.5,613.0,614.3,620.6,617.8,614.8,612.6,612.1,612.6,613.4,612.4,611.8,612.4,614.4,617.5,615.0,614.4,614.1,614.2,614.8,615.3,615.6,615.5,581.1,582.1,582.9,582.8,582.1,581.1,580.4,580.6,582.3,581.2,580.3,580.1,581.5,584.0,586.5,583.6,581.0,579.5,579.5,580.8,581.9,581.9,582.2,582.6,582.9,582.9,582.6,582.2,27.3,-39.5,673.3,0.138,0.321,-0.011,281.4,281.2,282.5,284.5,286.8,290.5,295.6,302.5,312.0,323.1,334.2,344.7,352.7,357.6,360.0,361.1,361.6,283.0,286.6,292.4,298.8,304.6,318.5,326.0,334.0,341.6,347.3,311.2,310.2,309.2,308.1,303.0,306.4,310.1,314.6,318.8,289.6,293.2,298.5,302.9,298.4,293.2,324.4,328.7,334.4,339.2,335.0,329.4,298.7,302.0,306.8,310.4,314.7,321.8,328.6,322.6,316.0,311.3,307.2,302.3,301.0,307.0,310.7,315.0,326.1,315.5,311.0,307.2,124.5,135.2,145.8,156.2,166.4,175.8,183.9,190.8,193.3,192.6,187.8,180.5,171.3,160.1,148.0,135.4,122.8,112.0,106.6,105.0,105.7,108.2,107.6,104.2,103.4,105.3,110.3,118.2,125.4,132.6,140.0,147.0,148.5,149.6,148.4,147.2,121.1,117.5,117.6,121.4,122.6,122.8,120.8,116.6,116.6,119.8,121.8,121.9,165.3,160.8,158.6,159.7,158.7,160.9,164.9,171.5,174.0,174.3,173.8,171.2,165.3,163.0,163.3,163.0,165.2,168.0,168.3,167.7,-27.7,-28.1,-26.0,-22.3,-18.2,-11.5,-2.4,9.4,25.0,43.5,62.6,80.8,94.8,103.3,107.1,108.6,109.2,-24.1,-17.8,-7.7,2.9,12.5,34.7,46.8,59.7,72.0,81.3,23.1,21.2,19.4,17.5,9.8,15.2,21.0,28.3,35.0,-12.6,-6.4,2.4,9.9,2.3,-6.5,44.7,51.6,60.6,68.4,61.4,52.6,2.9,8.2,15.8,21.6,28.4,40.0,51.5,41.4,30.7,23.2,16.6,8.7,6.6,16.2,22.1,29.0,47.2,29.8,22.7,16.6,-79.1,-60.2,-41.3,-23.0,-4.7,12.0,26.0,37.0,40.6,39.3,31.6,19.5,3.9,-15.1,-35.7,-56.9,-78.1,-98.0,-106.0,-107.3,-104.6,-99.5,-99.3,-104.5,-105.8,-102.8,-94.9,-82.5,-70.1,-58.0,-45.7,-35.8,-33.1,-31.2,-33.0,-34.9,-81.5,-86.8,-86.0,-79.3,-77.6,-77.9,-78.6,-85.0,-84.8,-79.8,-76.4,-76.4,-6.2,-13.5,-16.9,-15.0,-16.6,-13.0,-6.6,4.0,8.0,8.6,7.8,3.6,-6.1,-9.8,-9.3,-9.6,-6.3,-1.6,-1.1,-2.1,726.1,726.8,728.3,730.4,728.3,721.3,709.9,693.2,681.5,679.8,685.6,692.2,695.0,695.3,693.4,690.8,689.7,701.7,693.4,683.8,674.1,667.7,660.1,658.0,658.2,658.2,659.4,662.5,656.4,650.4,644.4,664.3,659.4,655.5,654.9,655.0,694.1,687.5,682.7,679.4,682.9,687.6,665.6,662.8,660.7,661.4,660.2,662.3,683.1,668.1,659.7,656.3,654.2,656.9,663.7,659.6,658.4,660.8,664.3,672.1,678.9,662.2,658.4,656.3,663.4,658.8,661.1,664.7,0.604,0.089,0.309,-0.009,313.814,144.903,-36.786,-20.416,-11.968,18.305,-7.009,-5.911,4.510,2.916,3.512,6.564,-1.922,-0.136,0.829,-1.337,-0.568,0.461,1.962,-2.248,-1.140,0.322,0.740,-0.171,-0.083,0.588,0.022,-0.856,0.354,0.071,0.032,0.002,0.062,-0.018,0.032,0.043,0.03,0.06,0.61,0.04,0.73,2.92,0.00,0.45,0.00,0.00,0.00,0.45,0.00,0.00,1.02,0.89,0.03,0.00,1.00,1.00,0.00,1.00,1.00,0.00,0.00,0.00,0.00,0.00,1.00,0.00,0.00,1.00,1.00,0.00,0.00
245,0,24.400,0.98,1,-0.151814,0.145671,-0.977616,-0.297148,0.155866,-0.942024,-0.230,0.156,292.4,293.6,296.2,298.9,299.9,299.0,296.1,293.5,289.5,290.7,292.8,295.6,298.6,301.0,302.7,300.7,298.0,295.3,292.8,290.8,295.1,296.3,297.4,297.9,297.5,296.3,295.2,294.7,326.8,327.8,330.6,333.6,335.0,334.0,331.2,328.0,324.2,325.8,328.1,331.3,334.5,337.0,338.8,337.2,334.8,332.0,329.1,326.3,329.7,331.0,332.2,332.7,332.1,330.8,329.5,329.1,119.3,116.5,115.2,116.3,119.0,122.0,123.0,122.0,121.0,119.0,117.7,117.0,117.5,119.0,121.0,122.0,122.4,122.6,122.5,122.1,120.5,120.9,120.4,119.2,118.0,117.5,118.1,119.3,118.1,115.1,113.8,114.9,117.7,120.7,122.0,121.2,120.3,118.1,116.5,115.6,116.1,117.4,119.3,120.5,121.1,121.4,121.4,121.2,119.4,119.8,119.3,118.0,116.7,116.3,116.8,118.1,-6.9,-5.2,-1.1,2.8,4.4,3.0,-1.3,-5.3,-11.4,-9.5,-6.4,-2.2,2.4,6.0,8.6,5.6,1.5,-2.6,-6.3,-9.4,-2.8,-1.1,0.7,1.4,0.7,-1.0,-2.8,-3.5,42.6,44.1,48.1,52.4,54.3,52.8,48.7,44.2,38.9,41.0,44.3,48.9,53.5,57.4,60.2,57.5,53.9,49.8,45.6,41.7,46.7,48.6,50.3,51.0,50.2,48.3,46.5,45.9,-75.2,-79.4,-81.2,-79.5,-75.2,-70.7,-69.2,-70.9,-73.2,-75.8,-77.5,-78.3,-77.4,-75.2,-72.2,-70.6,-70.0,-69.7,-70.1,-71.2,-73.3,-72.5,-73.3,-75.1,-77.0,-77.7,-77.0,-75.1,-72.6,-77.0,-79.0,-77.4,-73.3,-68.9,-67.0,-68.1,-69.5,-72.6,-74.8,-76.0,-75.4,-74.0,-71.6,-69.5,-68.3,-67.7,-67.7,-68.1,-70.9,-70.2,-71.1,-73.0,-74.8,-75.5,-74.6,-72.7,616.7,617.1,616.4,615.1,613.9,613.6,614.2,615.5,621.8,619.0,616.0,613.9,613.4,613.8,614.6,613.6,612.9,613.5,615.6,618.6,616.1,615.6,615.3,615.5,616.0,616.6,616.9,616.7,582.1,583.2,583.9,583.9,583.1,582.0,581.3,581.5,583.3,582.2,581.3,581.1,582.6,585.0,587.4,584.5,581.9,580.5,580.5,581.8,582.8,582.8,583.1,583.6,584.0,584.0,583.6,583.2,27.1,-39.8,672.3,0.130,0.325,-0.018,281.3,281.1,282.4,284.5,286.9,290.7,295.9,302.8,312.3,323.4,334.5,344.8,352.8,357.7,360.0,361.0,361.4,282.7,286.3,292.2,298.5,304.3,318.1,325.6,333.6,341.2,347.0,310.9,309.9,308.9,307.8,302.8,306.2,309.9,314.5,318.8,289.4,293.0,298.2,302.7,298.2,293.0,324.1,328.5,334.1,338.9,334.7,329.2,298.6,301.8,306.7,310.4,314.7,322.0,329.1,322.9,316.1,311.4,307.2,302.2,300.8,307.0,310.7,315.1,326.5,315.6,311.0,307.1,124.7,135.4,146.2,156.6,166.8,176.2,184.3,190.9,193.3,192.5,187.7,180.4,171.2,160.0,147.8,135.2,122.5,112.0,106.7,105.1,105.7,108.1,107.4,103.9,103.0,104.8,109.7,117.9,125.1,132.2,139.7,146.8,148.2,149.2,148.1,146.8,121.0,117.4,117.5,121.2,122.4,122.6,120.4,116.2,116.1,119.3,121.2,121.4,165.0,160.5,158.3,159.4,158.3,160.5,164.4,171.1,173.7,174.1,173.6,171.0,165.0,162.7,162.9,162.6,164.6,167.7,168.1,167.5,-27.9,-28.3,-26.0,-22.3,-17.9,-11.1,-1.9,9.9,25.4,43.8,62.8,80.9,94.8,103.2,106.8,108.1,108.6,-24.6,-18.1,-8.1,2.4,11.9,34.2,46.1,58.9,71.2,80.6,22.6,20.8,18.9,17.1,9.5,14.8,20.7,28.0,34.8,-12.9,-6.8,2.1,9.5,2.0,-6.8,44.1,51.0,60.0,67.9,60.9,52.1,2.6,7.9,15.7,21.5,28.4,40.2,52.1,41.7,30.8,23.2,16.6,8.5,6.3,16.1,22.0,29.0,47.9,29.9,22.7,16.5,-78.8,-59.7,-40.7,-22.2,-3.8,12.7,26.5,37.1,40.4,39.0,31.3,19.3,3.7,-15.2,-35.9,-57.1,-78.4,-97.9,-105.8,-107.1,-104.5,-99.5,-99.5,-104.8,-106.3,-103.5,-95.8,-82.9,-70.5,-58.5,-46.3,-36.2,-33.6,-31.7,-33.5,-35.5,-81.5,-86.9,-86.1,-79.6,-77.8,-78.1,-79.1,-85.6,-85.5,-80.5,-77.2,-77.1,-6.7,-13.9,-17.3,-15.5,-17.1,-13.7,-7.5,3.4,7.5,8.2,7.5,3.3,-6.6,-10.3,-9.8,-10.2,-7.1,-2.0,-1.5,-2.4,725.8,726.3,727.7,729.7,727.2,719.9,708.2,691.1,679.4,677.6,683.7,690.3,693.2,693.6,691.6,689.2,688.4,701.1,692.9,683.4,673.7,667.3,659.5,657.5,657.6,657.6,658.6,661.7,655.5,649.4,643.2,663.2,658.1,654.1,653.6,653.7,693.5,687.0,682.2,678.8,682.3,686.9,664.8,662.1,659.9,660.5,659.2,661.4,682.7,667.3,658.5,655.1,653.0,655.6,662.5,658.2,656.8,659.2,662.8,671.1,678.4,661.0,657.1,655.0,662.3,657.4,659.7,663.4,0.605,0.082,0.314,-0.015,313.729,144.703,-37.220,-19.866,-10.072,17.415,-7.253,-4.773,4.608,3.556,3.447,6.418,-1.529,0.065,0.464,-1.580,-0.971,0.965,1.985,-1.967,-1.179,0.158,0.871,-0.501,-0.133,0.720,0.034,-0.890,0.236,0.072,0.013,0.007,0.066,-0.023,0.030,0.043,0.04,0.06,0.68,0.06,0.76,2.91,0.00,0.45,0.00,0.00,0.00,0.42,0.00,0.00,1.07,0.88,0.00,0.00,1.00,1.00,0.00,1.00,1.00,0.00,0.00,0.00,0.00,0.00,1.00,0.00,0.00,1.00,1.00,0.00,0.00
246,0,24.500,0.98,1,-0.157517,0.145709,-0.976707,-0.306731,0.153959,-0.939262,-0.238,0.155,291.1,292.3,295.0,297.6,298.6,297.7,294.8,292.2,288.2,289.4,291.5,294.3,297.3,299.7,301.4,299.4,296.7,293.9,291.5,289.5,293.8,295.0,296.1,296.6,296.2,295.1,293.9,293.4,325.7,326.7,329.6,332.5,333.9,332.8,330.0,326.8,323.0,324.6,327.0,330.2,333.4,335.9,337.7,336.0,333.6,330.8,327.8,325.1,328.5,329.8,331.1,331.5,330.9,329.7,328.4,328.0,118.6,115.8,114.6,115.7,118.4,121.4,122.4,121.3,120.3,118.4,117.0,116.3,116.9,118.4,120.5,121.5,121.8,122.0,121.9,121.4,119.9,120.3,119.8,118.6,117.4,116.9,117.5,118.7,117.8,114.8,113.5,114.6,117.5,120.4,121.7,120.9,120.0,117.8,116.1,115.4,115.9,117.2,119.1,120.3,120.9,121.2,121.1,120.9,119.1,119.6,119.0,117.7,116.5,116.0,116.6,117.8,-8.9,-7.1,-3.1,0.9,2.4,1.0,-3.4,-7.3,-13.4,-11.5,-8.3,-4.1,0.5,4.1,6.6,3.6,-0.5,-4.6,-8.3,-11.4,-4.8,-3.1,-1.3,-0.5,-1.2,-2.9,-4.7,-5.5,40.9,42.4,46.5,50.7,52.6,51.0,46.9,42.4,37.2,39.3,42.6,47.2,51.8,55.7,58.5,55.8,52.1,48.0,43.8,40.0,45.0,46.8,48.6,49.3,48.5,46.7,44.9,44.2,-76.2,-80.4,-82.1,-80.4,-76.1,-71.6,-70.2,-71.9,-74.2,-76.9,-78.5,-79.3,-78.3,-76.1,-73.0,-71.5,-70.9,-70.6,-71.1,-72.2,-74.2,-73.4,-74.2,-76.0,-77.9,-78.7,-77.9,-76.1,-73.0,-77.3,-79.3,-77.7,-73.5,-69.2,-67.2,-68.5,-69.9,-73.0,-75.2,-76.3,-75.7,-74.2,-71.7,-69.6,-68.5,-67.9,-68.0,-68.5,-71.2,-70.5,-71.3,-73.2,-75.1,-75.8,-74.9,-73.0,617.0,617.4,616.7,615.4,614.1,613.9,614.4,615.7,622.1,619.3,616.3,614.2,613.6,614.0,614.8,613.8,613.1,613.8,615.8,618.9,616.4,615.8,615.5,615.7,616.2,616.8,617.1,616.9,581.4,582.4,583.1,583.0,582.1,581.1,580.5,580.7,582.6,581.5,580.5,580.3,581.6,584.0,586.4,583.5,581.0,579.6,579.7,581.0,582.0,582.0,582.3,582.7,583.1,583.1,582.8,582.4,24.7,-39.8,667.5,0.127,0.342,-0.014,280.2,280.1,281.5,283.7,286.1,289.9,295.0,301.7,311.1,322.2,333.4,343.8,351.7,356.5,358.8,359.9,360.3,281.4,285.1,291.0,297.3,303.1,317.1,324.7,332.7,340.3,345.9,309.8,308.6,307.5,306.3,301.3,304.7,308.3,312.9,317.1,288.1,291.7,297.0,301.4,296.8,291.6,322.9,327.3,333.0,337.8,333.5,327.9,297.2,300.3,305.1,308.7,312.9,320.2,327.2,321.0,314.3,309.6,305.5,300.6,299.4,305.3,309.0,313.3,324.6,313.8,309.4,305.6,123.9,135.1,146.2,156.9,167.4,176.8,184.7,191.2,193.5,192.6,187.6,180.2,170.9,159.7,147.6,135.0,122.5,111.3,105.9,104.2,104.9,107.5,106.9,103.6,102.7,104.6,109.5,117.3,124.5,131.6,139.0,146.3,147.7,148.8,147.7,146.4,120.4,116.8,116.8,120.6,121.9,122.0,120.1,115.9,115.9,119.1,121.0,121.2,165.0,160.2,157.9,159.0,157.9,160.3,164.6,171.5,174.1,174.5,174.0,171.3,165.0,162.4,162.6,162.4,164.8,168.0,168.3,167.8,-29.8,-30.0,-27.6,-23.7,-19.3,-12.4,-3.4,7.9,23.2,41.5,60.4,78.3,91.8,99.9,103.5,105.0,105.6,-26.6,-20.0,-10.0,0.5,9.9,32.2,44.2,57.0,69.2,78.3,20.5,18.5,16.5,14.5,7.0,12.3,18.0,25.2,31.9,-15.0,-8.8,-0.1,7.2,-0.3,-9.0,41.9,48.8,57.7,65.5,58.5,49.7,0.3,5.3,12.9,18.6,25.3,36.9,48.6,38.4,27.7,20.3,13.8,5.8,3.9,13.4,19.1,25.9,44.4,26.9,19.9,13.8,-79.8,-60.1,-40.5,-21.5,-2.9,13.6,27.1,37.3,40.4,38.9,30.9,18.8,3.2,-15.6,-35.9,-56.7,-77.6,-98.4,-106.4,-107.7,-105.1,-99.9,-99.6,-104.6,-105.9,-103.0,-95.1,-83.1,-70.9,-59.0,-46.9,-36.6,-34.1,-32.2,-33.9,-35.8,-82.1,-87.3,-86.5,-79.8,-78.2,-78.5,-79.0,-85.4,-85.2,-80.1,-76.8,-76.9,-6.6,-14.3,-17.8,-16.0,-17.5,-13.8,-7.1,4.0,8.2,8.8,8.1,3.7,-6.6,-10.7,-10.2,-10.5,-6.7,-1.6,-1.1,-2.0,722.7,723.4,724.7,726.1,722.9,714.9,702.8,685.9,674.1,672.0,677.4,683.3,685.5,685.4,683.4,681.3,680.8,696.5,688.3,678.8,668.9,662.3,654.5,652.4,652.3,652.0,652.8,656.6,650.4,644.4,638.3,658.0,653.0,649.0,648.2,648.1,688.5,682.0,677.1,673.6,677.2,682.0,659.5,656.6,654.3,654.8,653.6,655.9,677.3,662.2,653.3,649.8,647.8,650.2,656.7,653.0,652.0,654.5,658.1,666.2,673.2,655.8,651.9,649.8,656.7,652.5,654.8,658.5,0.610,0.078,0.337,-0.013,312.393,144.493,-39.019,-14.995,-10.132,17.380,-5.982,-6.764,5.421,2.617,3.974,5.698,-1.049,0.153,1.038,-1.564,-1.173,1.019,2.195,-2.066,-1.253,0.439,0.910,-0.507,-0.015,0.794,0.007,-0.737,0.338,0.135,0.021,0.007,0.044,-0.027,0.027,0.062,0.01,0.00,0.78,0.08,0.75,3.00,0.00,0.49,0.00,0.00,0.00,0.55,0.00,0.00,1.24,0.99,0.00,0.00,1.00,1.00,0.00,1.00,1.00,0.00,0.00,0.00,0.00,0.00,0.00,0.00,0.00,1.00,1.00,0.00,0.00
247,0,24.600,0.98,1,-0.166178,0.148459,-0.974856,-0.316499,0.156651,-0.935569,-0.247,0.158,290.4,291.5,294.2,296.8,297.8,296.8,294.0,291.4,287.5,288.7,290.7,293.5,296.5,298.9,300.5,298.6,295.9,293.1,290.7,288.8,293.0,294.2,295.3,295.8,295.4,294.2,293.1,292.6,324.9,325.9,328.7,331.7,333.0,332.0,329.1,326.0,322.2,323.8,326.1,329.3,332.5,335.1,336.9,335.2,332.7,329.9,327.0,324.3,327.7,329.0,330.2,330.7,330.1,328.8,327.6,327.1,118.2,115.4,114.2,115.3,118.0,120.9,121.9,120.9,119.9,117.9,116.6,115.9,116.5,117.9,120.0,121.0,121.3,121.6,121.5,121.0,119.4,119.9,119.4,118.2,117.0,116.5,117.0,118.2,117.2,114.3,113.0,114.0,116.9,119.8,121.1,120.3,119.4,117.2,115.5,114.8,115.3,116.5,118.5,119.7,120.3,120.5,120.5,120.3,118.5,119.0,118.4,117.1,115.9,115.4,116.0,117.2,-10.1,-8.4,-4.3,-0.4,1.2,-0.2,-4.6,-8.5,-14.6,-12.7,-9.6,-5.3,-0.8,2.8,5.4,2.4,-1.7,-5.8,-9.6,-12.6,-6.0,-4.3,-2.6,-1.8,-2.5,-4.2,-6.0,-6.7,39.9,41.5,45.6,49.8,51.7,50.1,46.0,41.5,36.3,38.4,41.7,46.2,50.9,54.8,57.6,54.9,51.2,47.1,42.9,39.1,44.1,45.9,47.7,48.4,47.6,45.7,44.0,43.3,-77.4,-81.7,-83.4,-81.7,-77.4,-72.9,-71.4,-73.2,-75.4,-78.1,-79.8,-80.6,-79.6,-77.4,-74.4,-72.8,-72.2,-71.9,-72.3,-73.4,-75.5,-74.7,-75.5,-77.3,-79.2,-80.0,-79.2,-77.3,-74.3,-78.6,-80.6,-79.0,-74.8,-70.5,-68.6,-69.8,-71.2,-74.3,-76.5,-77.6,-77.0,-75.5,-73.0,-71.0,-69.8,-69.3,-69.3,-69.8,-72.5,-71.8,-72.7,-74.5,-76.4,-77.1,-76.2,-74.3,621.9,622.3,621.7,620.3,619.0,618.8,619.3,620.7,627.0,624.2,621.2,619.1,618.5,618.9,619.6,618.6,618.0,618.7,620.7,623.8,621.3,620.7,620.4,620.6,621.2,621.8,622.0,621.9,585.0,586.1,586.7,586.5,585.6,584.6,584.0,584.3,586.3,585.1,584.1,583.9,585.1,587.4,589.7,586.9,584.4,583.1,583.3,584.7,585.6,585.5,585.8,586.2,586.6,586.7,586.4,586.0,23.5,-40.4,664.3,0.130,0.358,-0.020,279.8,279.7,281.1,283.4,285.8,289.7,294.7,301.4,310.7,322.0,333.3,343.8,351.7,356.4,358.6,359.6,360.0,280.7,284.3,290.1,296.3,302.2,316.2,323.7,331.8,339.4,345.1,308.8,307.6,306.5,305.2,300.5,303.8,307.5,312.0,316.3,287.4,290.9,296.1,300.5,296.0,290.9,322.1,326.5,332.1,337.0,332.6,327.1,296.6,299.4,304.2,307.8,312.1,319.5,326.8,320.5,313.6,308.9,304.8,299.9,298.8,304.5,308.1,312.5,324.1,313.1,308.7,304.9,123.5,134.7,145.8,156.5,167.0,176.5,184.5,191.1,193.4,192.4,187.3,179.8,170.4,159.1,146.9,134.4,121.9,111.0,105.5,103.7,104.4,107.0,106.4,103.0,102.1,103.9,108.9,116.8,124.0,131.0,138.3,145.7,147.1,148.2,147.0,145.8,120.0,116.3,116.4,120.1,121.4,121.6,119.5,115.3,115.3,118.5,120.4,120.6,164.6,159.6,157.2,158.4,157.3,159.7,164.0,171.2,173.9,174.3,173.8,171.1,164.6,161.8,162.0,161.8,164.3,167.8,168.2,167.6,-30.4,-30.5,-28.1,-24.2,-19.7,-12.8,-3.9,7.3,22.5,40.8,59.8,77.8,91.2,99.0,102.3,103.7,104.2,-27.7,-21.3,-11.5,-1.1,8.4,30.6,42.5,55.2,67.3,76.4,18.9,16.9,14.9,12.8,5.6,10.8,16.6,23.7,30.4,-16.2,-10.1,-1.5,5.8,-1.6,-10.2,40.4,47.1,56.0,63.7,56.7,48.1,-0.7,3.9,11.5,17.1,23.8,35.7,47.7,37.4,26.4,19.1,12.6,4.7,2.9,12.0,17.7,24.5,43.4,25.6,18.7,12.6,-80.3,-60.7,-41.1,-22.1,-3.5,13.0,26.6,37.0,40.1,38.3,30.1,17.9,2.3,-16.5,-36.6,-57.3,-78.0,-98.6,-106.7,-108.1,-105.5,-100.2,-99.9,-105.0,-106.2,-103.3,-95.4,-83.5,-71.4,-59.7,-47.7,-37.3,-34.8,-33.0,-34.7,-36.7,-82.4,-87.6,-86.9,-80.3,-78.6,-78.9,-79.5,-85.9,-85.6,-80.6,-77.4,-77.4,-7.3,-15.2,-18.7,-16.9,-18.5,-14.8,-7.9,3.4,7.8,8.4,7.8,3.3,-7.3,-11.6,-11.1,-11.5,-7.6,-1.9,-1.3,-2.2,720.5,721.2,722.3,723.6,720.3,712.1,699.9,682.5,670.3,667.8,672.7,678.2,680.2,679.9,677.8,675.8,675.4,693.7,685.5,675.8,665.9,659.2,651.0,648.7,648.2,647.6,648.2,653.0,646.9,641.0,635.0,654.7,649.6,645.5,644.5,644.2,685.5,679.0,674.0,670.4,674.1,679.0,655.6,652.6,650.2,650.5,649.5,651.9,674.5,659.0,649.7,646.2,644.0,646.3,652.9,649.2,648.3,650.9,654.6,663.1,670.4,652.2,648.2,646.0,653.0,648.9,651.3,655.1,0.613,0.079,0.357,-0.019,311.733,144.016,-39.258,-14.311,-8.773,15.791,-6.637,-7.986,5.420,2.963,4.632,5.978,-1.320,0.290,0.728,-1.850,-1.247,1.156,2.374,-2.063,-1.191,0.660,0.733,-0.337,0.224,0.677,0.023,-0.711,0.366,0.164,0.035,0.014,0.029,-0.019,0.046,0.061,0.01,0.00,0.98,0.08,0.72,3.14,0.00,0.53,0.00,0.00,0.00,0.59,0.00,0.00,1.46,1.17,0.00,0.00,1.00,1.00,0.00,1.00,1.00,0.00,0.00,0.00,0.00,0.00,0.00,0.00,0.00,1.00,1.00,0.00,0.00
248,0,24.700,0.98,1,-0.162093,0.126300,-0.978659,-0.310878,0.133565,-0.941018,-0.242,0.135,292.0,293.2,295.8,298.4,299.5,298.6,295.7,293.1,289.1,290.3,292.3,295.1,298.2,300.6,302.2,300.3,297.6,294.8,292.4,290.4,294.7,295.8,297.0,297.5,297.1,295.9,294.7,294.2,326.5,327.5,330.3,333.2,334.6,333.6,330.8,327.6,323.8,325.4,327.7,330.9,334.1,336.6,338.4,336.7,334.3,331.6,328.6,325.9,329.3,330.6,331.8,332.3,331.7,330.4,329.2,328.7,115.6,112.9,111.7,112.7,115.3,118.3,119.3,118.3,117.5,115.5,114.1,113.3,113.9,115.3,117.4,118.3,118.7,118.9,118.9,118.5,116.9,117.3,116.8,115.6,114.4,114.0,114.5,115.7,114.3,111.4,110.1,111.2,114.0,116.9,118.2,117.4,116.6,114.3,112.7,111.9,112.4,113.7,115.7,116.8,117.4,117.6,117.6,117.4,115.6,116.1,115.5,114.3,113.0,112.6,113.1,114.4,-7.6,-5.8,-1.8,2.2,3.8,2.4,-2.0,-6.0,-12.2,-10.2,-7.1,-2.8,1.8,5.4,8.0,4.9,0.9,-3.3,-7.0,-10.1,-3.5,-1.8,0.0,0.8,0.1,-1.7,-3.4,-4.2,42.3,43.8,47.9,52.1,54.0,52.4,48.3,43.9,38.6,40.7,44.0,48.5,53.2,57.1,59.9,57.2,53.5,49.4,45.2,41.4,46.4,48.2,50.0,50.7,49.9,48.0,46.3,45.6,-81.2,-85.5,-87.3,-85.6,-81.3,-76.8,-75.3,-77.0,-79.0,-81.8,-83.6,-84.4,-83.5,-81.4,-78.3,-76.8,-76.1,-75.8,-76.2,-77.1,-79.3,-78.5,-79.3,-81.2,-83.0,-83.8,-83.0,-81.1,-78.4,-82.8,-84.7,-83.1,-79.0,-74.6,-72.7,-73.9,-75.3,-78.4,-80.6,-81.8,-81.2,-79.6,-77.1,-75.1,-74.0,-73.5,-73.5,-73.9,-76.6,-75.9,-76.8,-78.7,-80.5,-81.2,-80.3,-78.4,621.3,621.9,621.3,620.0,618.6,618.1,618.5,619.9,626.2,623.5,620.7,618.7,618.1,618.5,619.2,618.0,617.3,617.9,619.9,623.0,620.7,620.1,619.8,620.1,620.7,621.3,621.5,621.3,585.2,586.3,587.0,586.9,586.0,584.8,584.1,584.4,586.4,585.3,584.4,584.2,585.5,587.8,590.1,587.2,584.7,583.3,583.4,584.8,585.8,585.7,586.0,586.5,586.9,587.0,586.7,586.2,25.8,-44.4,663.4,0.094,0.350,-0.009,281.1,280.9,282.2,284.4,286.8,290.6,295.6,302.2,311.5,322.7,334.1,344.6,352.6,357.5,359.8,360.9,361.4,282.3,285.9,291.8,298.1,304.0,317.8,325.4,333.4,341.2,346.8,310.4,309.2,307.9,306.6,301.8,305.1,308.8,313.4,317.8,289.0,292.6,297.8,302.2,297.7,292.5,323.7,328.1,333.7,338.5,334.2,328.7,297.7,300.8,305.7,309.3,313.7,321.2,328.5,322.0,315.1,310.3,306.1,301.1,299.9,305.9,309.6,314.0,325.8,314.6,310.1,306.2,121.8,133.1,144.4,155.3,165.7,175.1,182.9,189.1,191.2,190.4,185.6,178.3,169.1,157.9,145.6,132.8,120.1,109.0,103.4,101.5,102.0,104.4,103.8,100.3,99.5,101.4,106.4,113.8,120.9,127.9,135.2,142.9,144.2,145.2,144.1,142.9,117.5,113.8,113.8,117.5,118.8,119.0,116.7,112.5,112.4,115.6,117.5,117.6,162.0,157.0,154.6,155.6,154.5,156.9,161.1,168.2,170.9,171.4,171.0,168.3,161.9,159.0,159.2,158.9,161.4,164.9,165.3,164.8,-28.1,-28.4,-26.1,-22.3,-18.0,-11.1,-2.4,8.6,23.7,41.9,60.9,78.8,92.4,100.8,104.4,106.0,106.9,-25.1,-18.6,-8.6,1.9,11.3,33.2,45.2,58.1,70.3,79.4,21.5,19.3,17.2,15.0,7.7,12.9,18.6,25.9,32.7,-13.5,-7.3,1.4,8.6,1.1,-7.5,43.0,49.8,58.7,66.3,59.3,50.7,1.1,6.1,13.8,19.5,26.3,38.2,50.2,39.7,28.6,21.1,14.6,6.6,4.7,14.2,20.0,26.9,46.0,27.9,20.8,14.7,-83.3,-63.4,-43.5,-24.3,-5.8,10.5,23.7,33.5,36.3,34.8,27.2,15.5,0.1,-18.6,-39.0,-60.0,-81.1,-102.1,-110.5,-112.1,-109.6,-104.5,-104.3,-109.5,-110.7,-107.7,-99.7,-88.4,-76.3,-64.5,-52.5,-41.8,-39.3,-37.5,-39.3,-41.2,-86.5,-92.0,-91.3,-84.8,-83.1,-83.3,-84.2,-90.6,-90.4,-85.2,-82.2,-82.2,-11.6,-19.4,-22.9,-21.2,-22.8,-19.2,-12.6,-1.3,3.1,3.8,3.1,-1.1,-11.6,-16.0,-15.6,-16.0,-12.1,-6.5,-5.9,-6.7,720.6,720.6,721.0,721.7,717.4,708.6,695.8,678.2,666.4,664.4,670.2,676.4,679.1,679.7,678.4,677.0,677.3,694.9,686.8,677.3,667.4,660.5,652.7,650.7,650.5,649.9,650.4,653.9,647.3,640.7,634.0,653.7,648.3,644.1,643.5,643.5,685.9,679.8,674.9,671.2,674.6,679.3,656.7,654.0,651.6,651.7,650.6,652.9,673.0,657.7,648.6,645.0,642.9,645.1,651.5,647.3,646.0,648.5,652.2,660.9,668.9,650.7,646.7,644.6,651.5,647.0,649.3,653.1,0.614,0.037,0.346,-0.008,313.131,141.568,-39.424,-14.897,-6.953,16.517,-6.578,-4.813,6.358,3.311,5.295,5.593,-1.450,-0.191,0.404,-1.979,-1.700,1.148,2.053,-1.829,-1.092,0.412,1.307,-0.790,-0.067,0.932,0.245,-0.848,0.339,0.070,0.009,0.017,0.026,-0.012,0.045,0.046,0.00,0.00,1.06,0.05,0.73,3.30,0.00,0.52,0.00,0.00,0.00,0.55,0.00,0.00,1.71,1.30,0.01,0.00,0.00,1.00,0.00,1.00,1.00,0.00,0.00,0.00,0.00,0.00,0.00,0.00,0.00,1.00,1.00,0.00,0.00
249,0,24.800,0.98,1,-0.164547,0.131498,-0.977565,-0.314344,0.138988,-0.939079,-0.245,0.140,292.1,293.3,295.9,298.5,299.6,298.7,295.8,293.2,289.2,290.4,292.5,295.2,298.3,300.6,302.3,300.3,297.7,294.9,292.5,290.5,294.8,295.9,297.1,297.6,297.1,296.0,294.8,294.3,326.5,327.5,330.3,333.2,334.6,333.5,330.7,327.6,323.8,325.4,327.7,330.9,334.1,336.6,338.4,336.7,334.3,331.5,328.6,325.9,329.3,330.6,331.8,332.3,331.7,330.4,329.2,328.7,115.6,112.8,111.6,112.6,115.3,118.3,119.3,118.2,117.4,115.4,114.0,113.2,113.8,115.2,117.3,118.3,118.6,118.9,118.8,118.4,116.8,117.2,116.7,115.5,114.3,113.9,114.4,115.6,114.3,111.4,110.1,111.2,114.0,116.9,118.2,117.4,116.6,114.3,112.7,111.9,112.4,113.7,115.7,116.8,117.4,117.6,117.6,117.4,115.6,116.1,115.5,114.2,113.0,112.5,113.1,114.4,-7.4,-5.7,-1.6,2.3,3.9,2.5,-1.9,-5.8,-12.0,-10.1,-6.9,-2.7,1.9,5.5,8.1,5.1,1.0,-3.1,-6.9,-10.0,-3.3,-1.6,0.2,0.9,0.2,-1.5,-3.3,-4.0,42.3,43.9,48.0,52.2,54.1,52.5,48.4,43.9,38.6,40.8,44.1,48.6,53.3,57.2,60.0,57.3,53.6,49.5,45.3,41.4,46.5,48.3,50.1,50.8,50.0,48.1,46.3,45.6,-81.5,-85.7,-87.5,-85.8,-81.5,-77.0,-75.5,-77.2,-79.3,-82.1,-83.8,-84.7,-83.8,-81.6,-78.5,-77.0,-76.3,-76.0,-76.4,-77.4,-79.5,-78.8,-79.6,-81.4,-83.3,-84.0,-83.2,-81.4,-78.6,-82.9,-84.9,-83.3,-79.1,-74.8,-72.8,-74.1,-75.5,-78.6,-80.8,-81.9,-81.3,-79.8,-77.3,-75.3,-74.1,-73.6,-73.7,-74.1,-76.8,-76.1,-76.9,-78.8,-80.7,-81.4,-80.5,-78.6,622.2,622.8,622.2,620.9,619.5,619.1,619.5,620.9,627.2,624.5,621.6,619.6,619.1,619.4,620.1,619.0,618.3,618.9,620.9,624.0,621.6,621.1,620.8,621.1,621.7,622.2,622.5,622.2,586.3,587.4,588.1,587.9,587.0,585.9,585.2,585.5,587.5,586.4,585.4,585.2,586.5,588.8,591.1,588.2,585.7,584.4,584.5,585.9,586.9,586.8,587.1,587.6,588.0,588.0,587.7,587.3,25.8,-44.5,663.4,0.100,0.354,-0.011,281.2,281.0,282.3,284.4,286.8,290.6,295.6,302.3,311.7,322.9,334.2,344.7,352.7,357.6,359.9,361.0,361.5,282.4,286.1,291.9,298.2,304.0,317.8,325.4,333.4,341.1,346.8,310.4,309.2,307.9,306.6,301.9,305.2,308.8,313.4,317.7,289.1,292.7,297.9,302.3,297.8,292.6,323.7,328.1,333.7,338.5,334.2,328.7,297.7,300.8,305.7,309.3,313.7,321.1,328.4,322.0,315.1,310.3,306.2,301.1,299.9,306.0,309.6,314.0,325.8,314.6,310.1,306.2,121.7,132.9,144.1,155.0,165.5,174.9,182.8,189.1,191.2,190.3,185.4,178.1,168.8,157.6,145.2,132.5,119.8,108.7,103.1,101.3,101.8,104.3,103.7,100.2,99.4,101.2,106.3,113.8,120.8,127.7,135.0,142.8,144.1,145.1,144.0,142.8,117.5,113.7,113.7,117.4,118.7,118.9,116.7,112.5,112.4,115.6,117.5,117.6,161.9,156.9,154.5,155.6,154.5,156.8,161.1,168.3,171.1,171.5,171.1,168.4,161.9,158.9,159.1,158.8,161.4,165.0,165.4,164.9,-27.9,-28.3,-26.0,-22.2,-17.9,-11.1,-2.3,8.8,23.9,42.1,61.2,79.1,92.6,100.8,104.4,106.0,106.9,-24.9,-18.4,-8.5,1.9,11.3,33.2,45.2,58.0,70.2,79.3,21.5,19.3,17.2,14.9,7.8,13.0,18.7,25.9,32.7,-13.3,-7.2,1.5,8.7,1.3,-7.3,43.0,49.8,58.6,66.3,59.3,50.7,1.2,6.1,13.8,19.5,26.3,38.2,50.2,39.7,28.7,21.2,14.7,6.7,4.8,14.3,20.0,26.9,46.0,27.9,20.8,14.8,-83.5,-63.7,-43.9,-24.7,-6.2,10.2,23.5,33.4,36.3,34.7,27.0,15.1,-0.3,-19.0,-39.5,-60.4,-81.5,-102.6,-110.8,-112.3,-109.8,-104.6,-104.4,-109.6,-110.8,-107.8,-99.9,-88.4,-76.4,-64.8,-52.9,-41.9,-39.5,-37.7,-39.4,-41.4,-86.6,-92.0,-91.4,-84.8,-83.1,-83.4,-84.1,-90.5,-90.3,-85.1,-82.1,-82.1,-11.7,-19.5,-23.0,-21.2,-22.8,-19.2,-12.6,-1.1,3.3,3.9,3.3,-1.0,-11.7,-16.0,-15.6,-16.0,-12.1,-6.3,-5.7,-6.5,720.4,720.4,720.9,721.6,717.5,708.8,696.0,678.6,666.7,664.5,670.0,676.0,678.4,678.9,677.5,676.0,676.2,694.4,686.3,676.8,666.9,660.1,652.1,650.0,649.7,649.1,649.5,653.5,647.0,640.5,634.0,653.5,648.3,644.2,643.5,643.4,685.6,679.4,674.5,670.9,674.3,679.1,656.2,653.4,651.0,651.1,650.0,652.4,673.1,657.7,648.5,645.0,642.9,645.0,651.4,647.3,646.2,648.7,652.4,661.1,669.0,650.6,646.7,644.6,651.4,647.1,649.4,653.2,0.614,0.043,0.351,-0.010,313.171,141.481,-40.467,-14.733,-7.098,16.176,-6.676,-5.836,6.380,2.953,5.266,5.835,-1.407,-0.375,-0.098,-2.361,-1.787,1.126,2.125,-1.849,-1.248,0.375,1.289,-0.900,-0.261,0.871,0.264,-0.831,0.339,0.054,0.018,0.010,0.023,-0.014,0.047,0.046,0.00,0.00,1.15,0.00,0.75,3.21,0.00,0.52,0.00,0.00,0.00,0.44,0.00,0.00,1.88,1.43,0.01,0.00,0.00,1.00,0.00,1.00,1.00,0.00,0.00,0.00,0.00,0.00,0.00,0.00,0.00,1.00,1.00,0.00,0.00
250,0,24.900,0.98,1,-0.159998,0.126796,-0.978940,-0.309579,0.133458,-0.941462,-0.240,0.135,292.9,294.1,296.8,299.4,300.4,299.5,296.6,294.0,289.9,291.2,293.2,296.1,299.1,301.5,303.2,301.2,298.5,295.7,293.3,291.2,295.6,296.8,297.9,298.5,298.0,296.8,295.7,295.2,327.6,328.7,331.5,334.5,335.8,334.8,331.9,328.8,324.9,326.5,328.9,332.1,335.3,337.9,339.7,338.0,335.6,332.8,329.8,327.0,330.5,331.8,333.0,333.5,332.9,331.6,330.4,329.9,114.9,112.1,110.9,111.9,114.6,117.6,118.6,117.6,116.7,114.7,113.3,112.5,113.1,114.6,116.7,117.6,118.0,118.2,118.1,117.7,116.1,116.6,116.0,114.8,113.6,113.2,113.7,114.9,113.7,110.7,109.4,110.5,113.4,116.3,117.6,116.8,115.9,113.7,112.0,111.2,111.8,113.1,115.0,116.2,116.8,117.0,117.0,116.8,115.0,115.5,114.9,113.6,112.4,111.9,112.5,113.7,-6.2,-4.4,-0.4,3.6,5.2,3.8,-0.6,-4.6,-10.8,-8.8,-5.7,-1.4,3.2,6.8,9.4,6.3,2.3,-1.9,-5.6,-8.7,-2.1,-0.3,1.4,2.2,1.5,-0.2,-2.0,-2.8,43.5,45.0,49.1,53.4,55.2,53.6,49.5,45.1,39.8,41.9,45.2,49.8,54.4,58.3,61.1,58.4,54.7,50.6,46.4,42.5,47.6,49.4,51.2,51.9,51.1,49.3,47.5,46.8,-81.6,-85.9,-87.6,-85.9,-81.6,-77.1,-75.6,-77.4,-79.5,-82.2,-83.9,-84.8,-83.8,-81.7,-78.6,-77.1,-76.5,-76.2,-76.5,-77.5,-79.7,-78.9,-79.7,-81.5,-83.4,-84.1,-83.4,-81.5,-78.6,-82.9,-84.8,-83.3,-79.1,-74.7,-72.8,-74.0,-75.5,-78.5,-80.8,-81.9,-81.3,-79.7,-77.2,-75.2,-74.1,-73.6,-73.7,-74.1,-76.8,-76.1,-76.9,-78.8,-80.6,-81.3,-80.5,-78.6,615.1,615.7,615.1,613.8,612.4,612.0,612.4,613.8,620.1,617.4,614.5,612.5,612.0,612.3,613.0,611.9,611.2,611.8,613.8,616.9,614.5,613.9,613.7,614.0,614.6,615.1,615.4,615.1,579.3,580.4,581.1,581.0,580.1,579.0,578.3,578.6,580.5,579.4,578.5,578.3,579.6,581.9,584.3,581.3,578.8,577.4,577.5,578.9,579.9,579.8,580.2,580.7,581.0,581.1,580.8,580.3,27.3,-45.6,663.0,0.094,0.344,-0.007,281.8,281.6,282.8,285.0,287.4,291.2,296.3,303.0,312.4,323.6,334.9,345.4,353.4,358.3,360.6,361.8,362.4,283.1,286.9,292.9,299.2,305.0,318.9,326.5,334.5,342.2,348.0,311.5,310.3,309.0,307.7,302.8,306.1,309.8,314.4,318.8,289.8,293.5,298.8,303.2,298.6,293.4,324.8,329.3,335.0,339.8,335.4,329.9,298.5,301.7,306.7,310.3,314.7,322.2,329.5,323.0,316.0,311.2,307.1,302.0,300.7,306.9,310.6,315.0,326.8,315.6,311.0,307.1,120.9,132.2,143.6,154.5,165.0,174.3,182.1,188.2,190.3,189.5,184.8,177.6,168.3,157.1,144.8,132.1,119.4,107.9,102.4,100.6,101.1,103.6,103.0,99.6,98.8,100.6,105.5,113.1,120.1,127.0,134.2,142.1,143.4,144.4,143.2,142.0,116.8,113.0,113.0,116.7,118.0,118.2,116.0,111.8,111.8,115.0,116.9,117.0,161.2,156.2,153.8,154.9,153.8,156.2,160.4,167.5,170.2,170.6,170.3,167.6,161.2,158.2,158.4,158.1,160.7,164.2,164.6,164.1,-26.8,-27.2,-25.0,-21.3,-16.9,-10.0,-1.2,9.9,25.1,43.3,62.3,80.3,93.8,102.1,105.8,107.5,108.6,-23.7,-16.9,-6.8,3.6,13.0,35.0,47.0,59.8,72.0,81.2,23.2,21.0,18.8,16.6,9.2,14.5,20.2,27.5,34.3,-12.1,-5.8,2.9,10.2,2.7,-6.0,44.8,51.7,60.6,68.4,61.3,52.6,2.4,7.6,15.4,21.1,27.9,39.8,51.8,41.2,30.1,22.6,16.1,8.0,6.0,15.8,21.5,28.5,47.6,29.4,22.3,16.2,-84.9,-64.9,-44.9,-25.6,-7.0,9.3,22.3,31.9,34.7,33.3,25.9,14.3,-1.1,-19.8,-40.2,-61.2,-82.3,-103.9,-112.0,-113.4,-110.9,-105.7,-105.5,-110.6,-111.9,-109.0,-101.2,-89.6,-77.6,-66.0,-54.1,-43.1,-40.7,-38.9,-40.6,-42.5,-87.8,-93.2,-92.5,-85.9,-84.2,-84.5,-85.2,-91.7,-91.4,-86.2,-83.1,-83.2,-12.8,-20.6,-24.1,-22.3,-23.9,-20.3,-13.7,-2.4,1.9,2.6,2.0,-2.3,-12.8,-17.2,-16.8,-17.2,-13.2,-7.5,-7.0,-7.8,719.9,719.7,720.2,720.8,716.7,708.0,695.2,677.8,666.0,664.1,670.1,676.5,679.2,679.7,678.4,677.2,677.7,694.1,686.0,676.6,666.8,660.0,652.4,650.5,650.5,650.0,650.4,653.5,646.9,640.2,633.5,653.0,647.8,643.7,643.1,643.2,685.5,679.3,674.5,670.8,674.2,678.9,656.5,653.9,651.6,651.9,650.6,652.9,672.5,657.2,648.1,644.6,642.7,645.0,651.5,647.0,645.6,648.0,651.6,660.4,668.4,650.1,646.3,644.3,651.4,646.6,648.8,652.5,0.614,0.036,0.338,-0.006,314.082,140.793,-39.437,-14.626,-7.022,16.581,-6.337,-5.369,5.852,3.519,5.026,5.637,-1.006,0.036,-0.102,-2.295,-2.460,1.204,2.137,-1.917,-1.564,0.481,1.664,-0.663,-0.524,0.851,0.285,-0.841,0.355,0.064,0.002,0.012,0.024,0.003,0.046,0.060,0.00,0.00,1.17,0.00,0.71,3.13,0.00,0.49,0.00,0.00,0.00,0.45,0.00,0.00,2.00,1.42,0.01,0.00,0.00,1.00,0.00,1.00,1.00,0.00,0.00,0.00,0.00,0.00,0.00,0.00,0.00,1.00,1.00,0.00,0.00
251,0,25.000,0.98,1,-0.158144,0.122868,-0.979742,-0.306451,0.129742,-0.943003,-0.237,0.131,293.0,294.1,296.8,299.5,300.5,299.6,296.7,294.0,290.0,291.2,293.3,296.1,299.2,301.6,303.3,301.3,298.6,295.8,293.4,291.3,295.7,296.8,298.0,298.5,298.1,296.9,295.7,295.2,327.5,328.5,331.3,334.3,335.7,334.7,331.8,328.7,324.8,326.4,328.8,332.0,335.2,337.7,339.5,337.9,335.4,332.6,329.7,326.9,330.4,331.7,332.9,333.3,332.7,331.4,330.2,329.8,115.0,112.2,111.0,112.0,114.7,117.7,118.7,117.7,116.9,114.9,113.4,112.7,113.2,114.6,116.7,117.7,118.0,118.3,118.2,117.9,116.2,116.7,116.1,114.9,113.8,113.3,113.9,115.1,113.6,110.6,109.3,110.4,113.2,116.2,117.5,116.7,115.8,113.6,111.9,111.1,111.6,112.9,114.9,116.0,116.6,116.8,116.8,116.7,114.9,115.3,114.8,113.5,112.2,111.8,112.3,113.6,-6.1,-4.3,-0.3,3.7,5.3,3.9,-0.5,-4.5,-10.7,-8.7,-5.6,-1.3,3.3,6.9,9.5,6.5,2.4,-1.8,-5.5,-8.6,-2.0,-0.2,1.5,2.3,1.6,-0.2,-1.9,-2.7,43.4,44.9,49.0,53.2,55.1,53.6,49.5,45.0,39.7,41.8,45.1,49.6,54.3,58.2,61.0,58.3,54.6,50.5,46.3,42.5,47.5,49.4,51.1,51.8,51.0,49.2,47.4,46.7,-81.6,-85.9,-87.7,-86.0,-81.8,-77.2,-75.7,-77.4,-79.4,-82.2,-83.9,-84.8,-83.9,-81.8,-78.8,-77.2,-76.6,-76.3,-76.6,-77.5,-79.7,-78.9,-79.7,-81.6,-83.4,-84.2,-83.4,-81.5,-78.9,-83.2,-85.2,-83.6,-79.5,-75.1,-73.2,-74.4,-75.8,-78.8,-81.1,-82.2,-81.6,-80.1,-77.7,-75.7,-74.5,-74.0,-74.0,-74.4,-77.1,-76.4,-77.3,-79.2,-81.0,-81.7,-80.8,-78.9,616.9,617.5,617.0,615.7,614.3,613.8,614.2,615.5,621.8,619.2,616.3,614.3,613.8,614.2,614.9,613.7,613.0,613.6,615.5,618.6,616.3,615.7,615.5,615.8,616.4,617.0,617.2,616.9,580.5,581.6,582.4,582.3,581.4,580.2,579.4,579.7,581.6,580.6,579.7,579.5,580.9,583.2,585.5,582.6,580.0,578.6,578.7,580.0,581.1,581.1,581.4,581.9,582.3,582.3,582.0,581.5,27.4,-45.6,663.3,0.089,0.341,-0.008,281.9,281.6,282.8,285.0,287.4,291.3,296.4,303.1,312.5,323.7,335.0,345.5,353.5,358.5,360.8,361.9,362.4,283.2,286.9,292.8,299.2,305.0,318.8,326.5,334.6,342.4,348.1,311.4,310.2,308.9,307.6,302.8,306.1,309.8,314.4,318.8,289.9,293.6,298.8,303.3,298.7,293.5,324.7,329.1,334.8,339.6,335.3,329.8,298.6,301.8,306.7,310.4,314.8,322.2,329.6,323.1,316.1,311.3,307.2,302.1,300.8,307.0,310.7,315.1,326.9,315.6,311.1,307.2,121.0,132.3,143.6,154.5,165.0,174.4,182.1,188.3,190.4,189.6,184.9,177.8,168.5,157.2,144.8,132.0,119.2,108.6,102.9,101.1,101.6,103.9,103.2,99.7,99.0,100.8,105.9,113.1,120.1,127.0,134.2,142.1,143.4,144.3,143.2,142.0,116.9,113.2,113.1,116.8,118.1,118.3,116.0,111.7,111.6,114.9,116.7,116.9,161.2,156.2,153.8,154.8,153.7,156.0,160.2,167.2,170.0,170.4,170.0,167.4,161.1,158.2,158.3,158.0,160.5,164.0,164.4,163.9,-26.7,-27.2,-25.0,-21.3,-16.9,-9.9,-1.0,10.2,25.3,43.5,62.5,80.5,94.2,102.6,106.3,107.9,108.8,-23.5,-17.0,-6.9,3.6,13.0,34.9,47.0,60.0,72.4,81.7,23.1,20.9,18.7,16.5,9.3,14.4,20.2,27.5,34.4,-11.9,-5.7,3.0,10.4,2.8,-5.9,44.6,51.6,60.5,68.2,61.1,52.5,2.7,7.7,15.5,21.2,28.0,39.9,52.1,41.4,30.3,22.8,16.3,8.3,6.3,15.9,21.7,28.6,47.8,29.5,22.4,16.4,-84.8,-64.8,-44.8,-25.5,-6.9,9.3,22.4,32.1,34.9,33.5,26.2,14.5,-0.8,-19.6,-40.3,-61.5,-82.9,-103.0,-111.2,-112.7,-110.4,-105.4,-105.4,-110.6,-111.8,-108.8,-100.8,-89.7,-77.6,-66.0,-54.0,-43.1,-40.7,-38.9,-40.7,-42.6,-87.6,-93.1,-92.5,-85.9,-84.2,-84.4,-85.4,-92.0,-91.8,-86.6,-83.5,-83.5,-12.9,-20.6,-24.2,-22.4,-24.1,-20.5,-14.0,-2.8,1.5,2.2,1.6,-2.6,-12.9,-17.3,-16.9,-17.4,-13.5,-8.0,-7.4,-8.2,720.6,720.3,720.6,721.2,717.2,708.7,695.9,678.3,666.5,664.7,670.9,677.6,680.6,681.5,680.2,678.8,679.2,695.3,687.1,677.7,667.9,661.0,653.2,651.4,651.5,651.2,652.0,654.4,647.5,640.7,633.9,653.5,648.2,644.1,643.6,643.9,686.3,680.3,675.4,671.8,675.1,679.7,657.4,654.9,652.6,652.7,651.5,653.7,673.1,657.6,648.5,645.0,643.0,645.4,652.0,647.2,645.8,648.2,651.9,660.7,669.0,650.6,646.7,644.6,651.9,646.8,649.0,652.8,0.613,0.032,0.333,-0.007,314.122,140.814,-37.212,-15.850,-6.258,17.171,-7.340,-4.558,5.922,2.877,5.548,4.812,-1.382,-0.112,0.211,-2.494,-1.963,1.865,2.156,-1.615,-1.218,0.287,1.679,-0.684,-0.395,1.137,0.379,-0.886,0.313,0.055,0.010,-0.003,0.021,-0.020,0.040,0.074,0.00,0.00,1.26,0.00,0.72,3.10,0.00,0.54,0.00,0.00,0.00,0.42,0.08,0.00,2.04,1.55,0.08,0.00,0.00,1.00,0.00,1.00,1.00,0.00,0.00,0.00,0.00,0.00,0.00,0.00,0.00,1.00,1.00,0.00,0.00
252,0,25.100,0.98,1,-0.158570,0.119211,-0.980125,-0.311832,0.122771,-0.942172,-0.240,0.125,294.4,295.6,298.2,300.9,301.9,300.9,298.1,295.5,291.4,292.7,294.8,297.6,300.6,302.9,304.6,302.6,299.9,297.2,294.8,292.7,297.1,298.2,299.4,299.9,299.4,298.3,297.1,296.6,328.9,330.0,332.8,335.7,337.0,335.9,333.1,330.0,326.2,327.8,330.2,333.3,336.5,339.0,340.8,339.1,336.7,333.9,331.0,328.3,331.7,333.0,334.2,334.7,334.1,332.8,331.6,331.1,113.3,110.6,109.4,110.4,113.0,116.0,117.0,115.9,115.2,113.1,111.7,111.0,111.6,113.0,115.1,116.0,116.3,116.5,116.5,116.1,114.5,115.0,114.4,113.3,112.1,111.7,112.2,113.4,112.2,109.3,108.0,109.1,111.9,114.8,116.1,115.2,114.4,112.2,110.6,109.8,110.4,111.7,113.6,114.7,115.2,115.4,115.4,115.2,113.5,114.0,113.4,112.2,110.9,110.5,111.0,112.3,-3.9,-2.2,1.9,5.9,7.4,6.0,1.6,-2.4,-8.6,-6.6,-3.4,0.9,5.5,9.0,11.6,8.6,4.5,0.3,-3.4,-6.6,0.1,1.9,3.7,4.4,3.7,2.0,0.2,-0.6,46.0,47.6,51.7,55.9,57.7,56.1,52.0,47.5,42.3,44.4,47.8,52.3,57.0,60.9,63.7,60.9,57.2,53.1,48.9,45.0,50.1,51.9,53.7,54.5,53.7,51.8,50.0,49.3,-85.3,-89.6,-91.4,-89.6,-85.4,-80.8,-79.4,-81.1,-83.1,-85.9,-87.7,-88.5,-87.6,-85.4,-82.4,-80.8,-80.3,-80.0,-80.3,-81.3,-83.4,-82.6,-83.4,-85.3,-87.1,-87.9,-87.1,-85.2,-82.0,-86.3,-88.2,-86.6,-82.4,-78.1,-76.2,-77.4,-78.9,-81.9,-84.1,-85.2,-84.5,-83.0,-80.5,-78.5,-77.4,-77.0,-77.1,-77.5,-80.1,-79.4,-80.2,-82.1,-84.0,-84.7,-83.8,-81.9,625.2,625.9,625.5,624.2,622.7,622.1,622.4,623.8,630.0,627.4,624.7,622.7,622.3,622.6,623.3,622.1,621.3,621.8,623.8,626.8,624.6,624.1,623.9,624.2,624.8,625.4,625.6,625.3,588.3,589.5,590.3,590.1,589.1,587.9,587.2,587.5,589.5,588.5,587.6,587.3,588.6,590.9,593.2,590.3,587.7,586.4,586.5,587.9,588.9,588.8,589.1,589.7,590.1,590.2,589.9,589.3,29.2,-48.5,666.0,0.077,0.344,0.006,283.1,282.7,283.8,285.8,288.1,292.0,297.0,303.6,313.0,324.2,335.5,346.0,354.1,359.3,361.7,363.0,363.6,284.7,288.6,294.5,300.8,306.6,320.5,328.2,336.2,343.9,349.4,312.9,311.6,310.3,308.9,303.9,307.2,310.8,315.5,319.8,291.3,295.0,300.2,304.6,300.0,294.8,326.1,330.5,336.2,340.9,336.6,331.1,299.5,302.7,307.7,311.3,315.6,323.1,330.4,323.8,316.8,312.0,307.9,302.9,301.7,307.9,311.5,315.9,327.8,316.4,311.9,308.1,119.5,130.8,142.1,153.1,163.5,172.7,180.3,186.3,188.4,187.7,183.2,176.4,167.4,156.3,144.0,131.3,118.6,106.8,101.3,99.5,99.9,102.3,101.7,98.4,97.7,99.7,104.8,111.5,118.3,125.1,132.1,140.0,141.3,142.3,141.3,140.1,115.2,111.5,111.5,115.1,116.4,116.6,114.5,110.4,110.3,113.6,115.3,115.4,159.2,154.2,151.8,152.9,151.9,154.3,158.6,165.6,168.2,168.6,168.2,165.5,159.2,156.1,156.3,156.0,158.9,162.4,162.7,162.2,-24.6,-25.3,-23.4,-19.8,-15.6,-8.8,0.0,11.0,26.1,44.3,63.4,81.5,95.5,104.2,108.1,110.1,111.3,-21.0,-14.2,-4.1,6.3,15.6,37.8,50.0,62.9,75.1,84.2,25.6,23.2,20.9,18.5,11.1,16.2,21.9,29.2,36.1,-9.6,-3.3,5.4,12.6,5.0,-3.6,47.1,54.1,62.9,70.5,63.4,54.8,4.1,9.3,17.1,22.7,29.5,41.4,53.5,42.6,31.4,23.9,17.5,9.6,7.7,17.4,23.1,29.9,49.3,30.8,23.8,17.8,-87.8,-67.8,-47.7,-28.3,-9.7,6.4,19.3,28.8,31.7,30.4,23.5,12.3,-2.7,-21.2,-41.7,-62.9,-84.2,-106.3,-114.5,-116.0,-113.6,-108.5,-108.3,-113.3,-114.3,-111.2,-103.1,-92.7,-80.8,-69.3,-57.5,-46.5,-44.1,-42.2,-43.9,-45.7,-90.8,-96.2,-95.6,-89.0,-87.4,-87.7,-88.1,-94.5,-94.2,-89.0,-86.1,-86.2,-16.2,-23.9,-27.4,-25.6,-27.1,-23.4,-16.6,-5.4,-1.2,-0.6,-1.3,-5.6,-16.1,-20.6,-20.2,-20.5,-16.2,-10.5,-10.0,-10.9,723.9,723.4,723.5,723.8,719.2,710.2,697.0,679.3,667.6,665.8,672.1,678.8,681.9,682.9,681.9,680.9,681.7,697.9,690.0,680.9,671.1,664.1,656.4,654.8,654.8,654.3,654.9,657.1,650.2,643.3,636.4,655.7,650.5,646.3,645.8,646.0,688.8,682.9,678.2,674.5,677.7,682.2,660.1,657.7,655.4,655.5,654.2,656.5,675.3,660.0,650.8,647.3,645.4,647.8,654.4,649.6,648.1,650.5,654.1,663.0,671.3,652.7,648.9,646.9,654.3,649.2,651.4,655.1,0.611,0.015,0.336,0.007,315.189,139.184,-38.169,-14.629,-5.551,15.495,-6.238,-4.854,6.780,3.038,6.175,5.398,-1.120,0.014,0.631,-3.164,-2.289,2.069,2.297,-1.592,-1.740,0.452,1.569,-0.532,-0.134,1.096,0.434,-0.759,0.357,0.089,0.027,-0.003,0.015,-0.022,0.028,0.082,0.00,0.00,1.38,0.00,0.64,3.17,0.00,0.59,0.00,0.00,0.00,0.34,0.21,0.00,2.08,1.52,0.39,0.00,0.00,1.00,0.00,1.00,1.00,0.00,0.00,0.00,0.00,0.00,0.00,0.00,0.00,1.00,1.00,0.00,0.00
253,0,25.200,0.98,1,-0.161623,0.142266,-0.976544,-0.316595,0.145853,-0.937280,-0.245,0.149,295.4,296.5,299.0,301.5,302.6,301.7,298.9,296.4,292.4,293.7,295.7,298.4,301.3,303.5,305.1,303.3,300.7,298.1,295.7,293.8,298.0,299.1,300.2,300.6,300.2,299.1,298.0,297.5,328.8,329.9,332.6,335.4,336.6,335.6,332.9,329.9,326.2,327.8,330.1,333.1,336.2,338.6,340.3,338.7,336.3,333.6,330.8,328.2,331.5,332.8,334.0,334.4,333.9,332.6,331.4,331.0,114.5,111.9,110.8,111.7,114.3,117.1,118.0,117.0,116.3,114.5,113.2,112.5,113.0,114.3,116.1,117.0,117.3,117.5,117.4,117.1,115.7,116.1,115.6,114.5,113.4,112.9,113.5,114.6,113.5,110.7,109.5,110.6,113.3,116.1,117.3,116.4,115.5,113.5,112.1,111.4,112.0,113.1,114.9,115.9,116.4,116.6,116.5,116.3,114.8,115.2,114.7,113.5,112.3,111.8,112.3,113.6,-2.6,-0.8,3.3,7.3,8.9,7.5,3.1,-0.9,-7.4,-5.3,-2.1,2.3,6.9,10.5,13.1,10.1,6.0,1.8,-2.0,-5.2,1.5,3.3,5.1,5.9,5.1,3.4,1.6,0.8,47.7,49.4,53.5,57.7,59.5,57.8,53.7,49.2,44.0,46.2,49.6,54.1,58.8,62.7,65.5,62.7,58.9,54.8,50.5,46.7,51.8,53.7,55.5,56.2,55.5,53.6,51.8,51.1,-87.9,-92.2,-94.0,-92.3,-88.1,-83.5,-82.0,-83.7,-85.7,-88.3,-90.0,-90.8,-90.0,-88.0,-85.2,-83.7,-83.1,-82.7,-83.0,-83.9,-86.0,-85.2,-86.0,-87.9,-89.8,-90.5,-89.7,-87.8,-83.3,-87.6,-89.5,-87.9,-83.6,-79.3,-77.4,-78.7,-80.4,-83.2,-85.2,-86.2,-85.5,-84.1,-81.8,-79.9,-78.8,-78.4,-78.5,-79.0,-81.4,-80.7,-81.5,-83.4,-85.3,-86.0,-85.2,-83.3,658.6,659.3,658.9,657.8,656.4,655.8,656.0,657.2,663.3,660.7,658.0,656.2,655.8,656.4,657.2,655.9,655.0,655.4,657.2,660.1,658.1,657.6,657.5,657.8,658.4,658.9,659.0,658.7,612.1,613.2,613.8,613.6,612.7,611.6,611.0,611.4,613.4,612.2,611.2,610.9,612.1,614.4,616.8,613.9,611.4,610.1,610.3,611.7,612.7,612.6,612.8,613.3,613.7,613.8,613.5,613.1,30.1,-49.2,676.8,0.084,0.351,0.012,284.1,283.3,284.0,285.8,288.1,292.0,297.0,303.7,313.2,324.3,335.5,345.9,354.0,359.3,361.8,363.1,364.0,286.4,290.1,295.7,301.8,307.3,320.7,328.4,336.3,343.7,349.0,313.2,311.9,310.6,309.1,304.1,307.5,311.1,315.7,320.0,292.3,296.0,300.9,305.2,300.8,295.8,326.1,330.5,335.8,340.5,336.2,330.9,299.7,302.8,307.8,311.4,315.7,323.2,330.6,323.9,316.8,312.0,308.0,303.0,301.9,307.9,311.5,315.9,328.1,316.4,311.9,308.1,119.5,130.3,141.4,152.1,162.4,171.6,179.3,185.6,187.8,187.2,182.9,176.2,167.3,156.3,144.0,131.4,118.8,107.2,101.7,99.7,100.1,102.3,101.6,98.5,98.0,100.3,105.5,112.3,118.8,125.2,131.9,139.9,141.2,142.2,141.1,140.1,116.3,113.0,113.0,116.1,117.3,117.5,115.6,111.9,112.0,114.9,116.4,116.6,158.6,153.6,151.3,152.4,151.4,153.8,158.2,165.3,168.0,168.3,167.9,165.1,158.6,155.6,155.8,155.6,158.5,162.3,162.6,162.0,-23.1,-24.7,-23.4,-20.1,-15.9,-8.9,0.0,11.4,27.0,45.4,64.5,82.6,96.8,105.8,109.9,112.0,113.7,-18.4,-11.9,-2.3,8.0,17.0,38.8,51.1,64.0,76.0,84.7,26.5,24.1,21.8,19.3,11.7,17.0,22.7,30.1,37.1,-8.0,-1.7,6.6,13.7,6.3,-2.0,47.8,54.7,63.3,70.9,63.7,55.4,4.5,9.6,17.5,23.1,30.0,42.2,54.7,43.5,32.0,24.4,17.9,9.9,8.2,17.7,23.5,30.4,50.6,31.3,24.2,18.1,-89.0,-69.5,-49.7,-30.4,-11.9,4.6,17.9,28.0,31.4,30.2,23.3,12.2,-2.9,-21.6,-42.4,-63.8,-85.2,-107.3,-115.7,-117.4,-115.2,-110.3,-110.0,-114.8,-115.6,-111.8,-103.4,-92.8,-81.4,-70.3,-58.9,-47.6,-45.1,-43.3,-44.9,-46.5,-90.3,-95.2,-94.6,-88.8,-87.2,-87.4,-87.7,-93.4,-93.0,-88.2,-85.5,-85.6,-17.5,-25.2,-28.6,-26.8,-28.3,-24.5,-17.6,-5.9,-1.6,-1.1,-1.8,-6.4,-17.4,-21.8,-21.3,-21.6,-17.2,-10.8,-10.4,-11.4,733.9,733.3,733.8,734.5,730.4,721.8,708.6,691.2,680.0,678.2,683.8,689.7,692.2,693.2,692.2,691.4,692.4,708.4,701.1,692.0,682.3,675.4,666.3,664.6,664.7,664.2,664.4,668.0,661.4,654.8,648.1,666.9,662.0,657.9,657.3,657.4,699.6,693.5,688.9,685.1,688.4,692.8,669.9,667.3,665.0,664.9,663.8,666.1,686.7,670.8,661.5,657.8,655.8,658.1,665.2,660.3,658.7,661.1,664.8,674.0,682.8,663.4,659.5,657.2,665.2,659.9,662.2,666.1,0.601,0.021,0.341,0.013,315.428,139.223,-38.199,-18.101,-4.702,13.357,-8.107,-8.832,6.842,1.752,2.065,5.718,-4.197,-1.081,0.226,-4.627,-3.115,2.439,0.418,-1.823,-2.269,-0.238,1.964,-0.191,0.122,0.669,0.082,-0.659,0.285,0.084,0.011,0.001,0.009,-0.036,0.003,0.074,0.00,0.00,1.34,0.00,0.64,3.17,0.00,0.65,0.00,0.00,0.00,0.19,0.31,0.00,2.00,1.54,0.47,0.00,0.00,1.00,0.00,1.00,1.00,0.00,0.00,0.00,0.00,0.00,0.00,0.00,0.00,1.00,1.00,0.00,0.00
254,0,25.300,0.98,1,-0.161695,0.121832,-0.979291,-0.313028,0.125199,-0.941456,-0.242,0.128,294.7,295.8,298.5,301.0,302.1,301.1,298.3,295.7,291.7,293.0,295.0,297.8,300.8,303.1,304.7,302.8,300.1,297.4,295.0,293.0,297.3,298.4,299.6,300.1,299.6,298.5,297.4,296.9,328.8,329.8,332.6,335.5,336.8,335.8,333.0,329.9,326.1,327.7,330.0,333.2,336.3,338.8,340.6,338.9,336.5,333.8,330.9,328.1,331.6,332.8,334.1,334.5,333.9,332.7,331.5,331.0,112.7,110.0,108.8,109.8,112.4,115.3,116.3,115.3,114.5,112.5,111.1,110.4,110.9,112.4,114.4,115.3,115.7,115.9,115.8,115.5,113.9,114.3,113.8,112.6,111.5,111.0,111.6,112.7,111.6,108.7,107.5,108.5,111.3,114.2,115.4,114.6,113.8,111.6,110.0,109.2,109.8,111.1,113.0,114.1,114.6,114.8,114.8,114.6,112.9,113.4,112.8,111.6,110.3,109.9,110.4,111.7,-3.6,-1.8,2.3,6.2,7.8,6.3,1.9,-2.0,-8.2,-6.3,-3.1,1.2,5.8,9.4,11.9,8.9,4.8,0.7,-3.1,-6.2,0.5,2.2,4.0,4.8,4.1,2.4,0.6,-0.2,46.1,47.7,51.8,56.0,57.8,56.2,52.1,47.7,42.4,44.6,47.9,52.4,57.1,61.0,63.8,61.0,57.3,53.2,49.0,45.1,50.2,52.1,53.9,54.6,53.8,51.9,50.1,49.4,-87.0,-91.2,-93.0,-91.2,-87.0,-82.5,-81.0,-82.7,-84.8,-87.5,-89.3,-90.1,-89.2,-87.0,-84.0,-82.4,-81.9,-81.6,-81.9,-82.9,-85.0,-84.3,-85.0,-86.9,-88.7,-89.5,-88.7,-86.9,-83.3,-87.7,-89.6,-88.0,-83.8,-79.5,-77.6,-78.8,-80.3,-83.3,-85.5,-86.6,-86.0,-84.4,-81.9,-79.9,-78.9,-78.4,-78.5,-78.9,-81.5,-80.8,-81.6,-83.5,-85.4,-86.1,-85.2,-83.3,630.1,630.8,630.3,629.0,627.5,627.0,627.3,628.7,635.0,632.4,629.6,627.6,627.1,627.4,628.1,626.9,626.2,626.7,628.7,631.7,629.5,628.9,628.7,629.0,629.6,630.2,630.4,630.1,592.2,593.4,594.1,593.9,593.0,591.7,591.0,591.4,593.4,592.3,591.4,591.2,592.5,594.8,597.1,594.1,591.6,590.2,590.3,591.7,592.8,592.7,593.0,593.5,594.0,594.0,593.7,593.2,29.6,-50.5,670.4,0.081,0.343,0.008,283.6,283.0,283.9,285.9,288.2,292.0,297.1,303.7,313.1,324.2,335.5,346.0,354.3,359.5,362.0,363.1,363.8,285.2,289.0,294.8,301.0,306.7,320.5,328.1,336.1,343.7,349.2,312.9,311.6,310.3,309.0,304.0,307.3,311.0,315.6,319.9,291.6,295.3,300.4,304.7,300.2,295.1,326.0,330.4,336.0,340.7,336.4,331.0,299.7,303.0,307.9,311.5,315.8,323.3,330.7,323.9,316.9,312.1,308.1,303.1,301.8,308.0,311.7,316.0,328.1,316.5,312.0,308.2,118.5,129.6,140.7,151.5,161.8,171.0,178.5,184.6,186.7,186.1,181.9,175.4,166.5,155.6,143.3,130.6,117.9,106.0,100.4,98.5,98.9,101.3,100.7,97.4,96.9,99.0,104.2,110.8,117.6,124.3,131.3,139.1,140.4,141.4,140.3,139.2,114.6,110.9,110.9,114.5,115.7,115.9,113.9,109.8,109.8,113.0,114.7,114.8,157.9,153.1,150.8,151.8,150.8,153.2,157.3,164.0,166.5,166.9,166.5,163.9,157.9,155.0,155.1,154.9,157.6,161.0,161.3,160.8,-24.0,-24.9,-23.3,-19.9,-15.7,-8.8,0.1,11.3,26.5,44.7,63.8,82.1,96.4,105.4,109.4,111.2,112.5,-20.3,-13.7,-3.7,6.6,15.8,38.0,50.2,63.2,75.3,84.3,25.8,23.5,21.2,18.8,11.3,16.5,22.3,29.6,36.6,-9.1,-2.9,5.7,12.9,5.4,-3.2,47.2,54.2,63.0,70.7,63.5,55.0,4.4,9.7,17.5,23.1,29.9,42.0,54.4,43.1,31.7,24.2,17.8,10.0,8.0,17.8,23.5,30.4,50.2,31.2,24.1,18.1,-90.1,-70.3,-50.5,-31.2,-12.8,3.4,16.4,26.1,29.1,28.0,21.4,10.7,-4.1,-22.6,-43.2,-64.6,-86.1,-108.4,-116.7,-118.4,-116.0,-111.0,-110.6,-115.6,-116.5,-113.0,-104.6,-94.3,-82.5,-71.0,-59.2,-48.3,-45.9,-44.0,-45.7,-47.5,-92.5,-97.9,-97.2,-90.6,-89.0,-89.3,-89.7,-96.1,-95.8,-90.5,-87.6,-87.7,-18.4,-25.9,-29.2,-27.5,-28.9,-25.3,-18.8,-7.9,-4.0,-3.4,-4.1,-8.3,-18.4,-22.6,-22.2,-22.6,-18.4,-12.9,-12.4,-13.3,728.7,728.0,728.0,728.4,723.9,715.0,701.6,683.8,672.1,670.4,676.8,683.7,687.0,688.3,687.3,686.3,687.0,702.3,694.6,685.4,675.7,668.7,660.5,658.9,659.0,658.4,659.0,661.7,654.8,647.9,641.0,660.4,655.1,650.9,650.3,650.5,693.3,687.3,682.6,678.9,682.1,686.7,664.3,661.9,659.7,659.8,658.4,660.6,680.0,664.4,655.4,651.8,649.8,652.4,659.3,653.9,651.9,654.3,657.9,667.1,676.0,657.0,653.2,651.2,659.1,653.3,655.5,659.3,0.607,0.016,0.334,0.009,315.301,138.127,-35.478,-16.511,-5.913,14.083,-6.583,-4.057,6.916,3.996,4.735,6.104,-3.055,0.092,0.410,-3.831,-2.528,2.364,1.960,-2.047,-1.513,0.548,1.359,0.003,-0.410,0.805,0.356,-0.922,0.373,0.139,0.018,-0.010,0.034,-0.024,0.017,0.083,0.00,0.00,1.23,0.00,0.58,3.02,0.00,0.62,0.00,0.00,0.00,0.16,0.24,0.00,1.93,1.40,0.40,0.00,0.00,1.00,0.00,1.00,1.00,0.00,0.00,0.00,0.00,0.00,0.00,1.00,0.00,1.00,1.00,0.00,0.00
255,0,25.400,0.98,1,-0.157312,0.119854,-0.980249,-0.307436,0.123914,-0.943466,-0.237,0.126,294.6,295.8,298.4,301.0,302.0,301.1,298.2,295.6,291.6,292.9,294.9,297.7,300.7,303.1,304.7,302.8,300.1,297.4,294.9,292.9,297.3,298.4,299.6,300.1,299.6,298.5,297.3,296.8,328.8,329.8,332.6,335.5,336.9,335.8,333.0,329.9,326.1,327.7,330.0,333.2,336.3,338.9,340.6,339.0,336.6,333.8,330.9,328.1,331.6,332.9,334.1,334.5,334.0,332.7,331.5,331.0,112.6,109.9,108.7,109.7,112.3,115.3,116.2,115.2,114.4,112.4,111.0,110.3,110.8,112.3,114.4,115.3,115.6,115.8,115.8,115.4,113.8,114.3,113.7,112.5,111.4,110.9,111.5,112.7,111.4,108.5,107.3,108.4,111.2,114.1,115.3,114.5,113.7,111.5,109.8,109.0,109.6,110.9,112.9,114.0,114.5,114.7,114.7,114.5,112.7,113.2,112.7,111.4,110.2,109.7,110.3,111.5,-3.7,-1.9,2.2,6.1,7.7,6.2,1.9,-2.1,-8.3,-6.3,-3.2,1.1,5.7,9.3,11.8,8.8,4.7,0.6,-3.2,-6.2,0.4,2.1,3.9,4.7,4.0,2.3,0.5,-0.3,45.8,47.4,51.5,55.7,57.5,55.9,51.8,47.3,42.0,44.2,47.5,52.1,56.7,60.6,63.4,60.7,57.0,52.9,48.7,44.8,49.9,51.7,53.5,54.2,53.4,51.6,49.8,49.1,-86.5,-90.8,-92.5,-90.8,-86.5,-82.0,-80.5,-82.3,-84.3,-87.1,-88.8,-89.7,-88.8,-86.6,-83.5,-82.0,-81.4,-81.1,-81.4,-82.4,-84.5,-83.8,-84.6,-86.4,-88.3,-89.0,-88.3,-86.4,-83.0,-87.3,-89.3,-87.7,-83.5,-79.1,-77.2,-78.5,-79.9,-82.9,-85.2,-86.3,-85.7,-84.1,-81.6,-79.6,-78.5,-78.0,-78.1,-78.5,-81.2,-80.5,-81.3,-83.2,-85.0,-85.7,-84.9,-83.0,625.7,626.4,625.9,624.6,623.1,622.6,623.0,624.3,630.6,628.0,625.2,623.2,622.7,623.0,623.7,622.6,621.8,622.4,624.4,627.4,625.1,624.6,624.3,624.6,625.2,625.8,626.0,625.8,588.1,589.3,590.1,589.9,589.0,587.8,587.0,587.3,589.2,588.2,587.3,587.2,588.5,590.8,593.1,590.2,587.6,586.2,586.3,587.6,588.7,588.6,589.0,589.5,589.9,590.0,589.7,589.1,29.6,-51.1,673.0,0.083,0.333,0.009,283.5,282.9,283.8,285.7,287.9,291.6,296.7,303.4,312.8,323.9,335.1,345.7,354.0,359.3,361.8,363.1,363.7,285.1,288.8,294.6,300.9,306.6,320.3,328.0,336.1,343.7,349.3,312.8,311.6,310.3,309.0,304.0,307.3,311.0,315.6,319.9,291.5,295.2,300.4,304.7,300.2,295.0,326.0,330.4,336.0,340.8,336.4,331.0,299.7,303.0,307.9,311.5,315.8,323.2,330.5,323.8,316.8,312.1,308.1,303.2,301.9,308.1,311.7,316.0,327.9,316.4,312.0,308.2,118.4,129.3,140.3,150.9,161.1,170.3,177.8,183.9,186.1,185.5,181.5,175.0,166.2,155.3,143.0,130.3,117.6,106.2,100.6,98.7,99.1,101.4,100.8,97.5,96.9,99.0,104.2,110.8,117.6,124.3,131.3,139.0,140.3,141.3,140.2,139.1,114.5,110.8,110.8,114.4,115.7,115.9,113.8,109.6,109.6,112.8,114.6,114.7,157.7,153.0,150.7,151.7,150.7,153.1,157.1,163.6,165.9,166.3,165.9,163.5,157.7,154.9,155.0,154.8,157.4,160.4,160.7,160.2,-24.2,-25.2,-23.6,-20.3,-16.2,-9.4,-0.4,10.9,26.1,44.4,63.6,82.1,96.6,105.8,110.0,111.8,113.1,-20.6,-14.1,-4.0,6.4,15.8,37.9,50.3,63.4,75.7,84.9,25.8,23.5,21.3,18.9,11.4,16.6,22.4,29.8,36.7,-9.3,-3.0,5.7,12.9,5.4,-3.3,47.4,54.4,63.4,71.1,64.0,55.3,4.4,9.9,17.6,23.3,30.1,42.1,54.3,43.1,31.8,24.4,17.9,10.2,8.1,17.9,23.6,30.5,50.1,31.2,24.1,18.1,-90.6,-71.0,-51.4,-32.4,-14.0,2.2,15.3,25.2,28.3,27.3,20.8,10.1,-4.7,-23.3,-44.0,-65.5,-87.2,-108.6,-116.9,-118.5,-116.2,-111.2,-110.9,-115.9,-116.9,-113.5,-105.1,-94.8,-82.9,-71.3,-59.5,-48.7,-46.2,-44.4,-46.0,-47.9,-93.0,-98.5,-97.8,-91.2,-89.5,-89.8,-90.3,-96.8,-96.5,-91.3,-88.3,-88.3,-18.9,-26.1,-29.5,-27.7,-29.2,-25.6,-19.3,-8.8,-4.9,-4.4,-5.0,-9.1,-18.8,-22.9,-22.4,-22.8,-18.9,-13.8,-13.4,-14.3,730.7,729.9,729.9,730.5,726.5,718.0,705.0,687.2,675.3,673.7,680.4,687.7,691.4,692.9,692.1,690.9,691.5,705.4,697.4,688.2,678.3,671.3,663.4,661.8,662.0,661.7,662.5,664.5,657.5,650.6,643.6,663.2,657.9,653.7,653.3,653.5,696.2,690.2,685.4,681.8,685.0,689.6,667.4,665.1,662.9,663.1,661.7,663.9,682.5,667.0,658.2,654.7,652.7,655.4,662.3,656.8,654.7,657.1,660.7,669.7,678.4,659.9,656.1,654.1,662.0,656.0,658.2,662.0,0.604,0.018,0.322,0.010,315.227,137.917,-33.147,-18.748,-6.884,14.876,-6.702,-3.581,6.015,3.442,5.343,6.094,-2.872,0.336,0.513,-3.333,-2.256,2.227,2.111,-2.003,-1.510,0.552,1.442,-0.007,-0.543,0.843,0.476,-0.996,0.411,0.118,0.011,-0.011,0.047,-0.019,0.017,0.077,0.00,0.00,1.08,0.00,0.61,3.05,0.00,0.56,0.00,0.00,0.00,0.24,0.23,0.00,1.80,1.20,0.09,0.00,0.00,1.00,0.00,1.00,1.00,0.00,0.00,0.00,0.00,0.00,0.00,1.00,0.00,1.00,1.00,0.00,0.00
256,0,25.500,0.98,1,-0.153018,0.117793,-0.981178,-0.302835,0.122378,-0.945153,-0.232,0.124,294.2,295.3,298.0,300.6,301.6,300.7,297.8,295.2,291.2,292.5,294.5,297.3,300.4,302.7,304.4,302.4,299.7,297.0,294.5,292.5,296.8,298.0,299.2,299.7,299.2,298.1,296.9,296.4,328.5,329.6,332.4,335.3,336.7,335.6,332.8,329.7,325.9,327.4,329.8,333.0,336.1,338.7,340.5,338.8,336.4,333.6,330.7,327.9,331.4,332.6,333.9,334.3,333.7,332.5,331.2,330.8,112.6,109.9,108.7,109.7,112.3,115.3,116.3,115.3,114.5,112.5,111.0,110.3,110.9,112.3,114.4,115.3,115.6,115.9,115.8,115.5,113.9,114.3,113.8,112.6,111.4,111.0,111.5,112.7,111.4,108.5,107.3,108.3,111.2,114.0,115.3,114.5,113.7,111.5,109.8,109.0,109.6,110.9,112.9,114.0,114.5,114.7,114.7,114.5,112.7,113.2,112.7,111.4,110.2,109.7,110.3,111.5,-4.3,-2.6,1.5,5.5,7.0,5.6,1.3,-2.7,-8.9,-7.0,-3.8,0.5,5.1,8.7,11.2,8.2,4.1,-0.0,-3.8,-6.9,-0.2,1.5,3.3,4.0,3.4,1.6,-0.2,-0.9,45.1,46.7,50.8,55.1,56.9,55.3,51.2,46.7,41.4,43.6,46.9,51.4,56.1,60.0,62.8,60.1,56.4,52.3,48.1,44.2,49.3,51.1,52.9,53.6,52.8,51.0,49.2,48.5,-86.0,-90.3,-92.1,-90.3,-86.1,-81.5,-80.1,-81.8,-83.8,-86.6,-88.4,-89.2,-88.3,-86.1,-83.0,-81.5,-80.9,-80.6,-81.0,-81.9,-84.1,-83.3,-84.1,-85.9,-87.8,-88.6,-87.8,-85.9,-82.5,-86.8,-88.8,-87.2,-83.0,-78.7,-76.7,-78.0,-79.4,-82.4,-84.7,-85.8,-85.2,-83.6,-81.1,-79.1,-78.0,-77.5,-77.6,-78.0,-80.7,-80.0,-80.8,-82.7,-84.5,-85.2,-84.4,-82.5,622.6,623.2,622.8,621.4,620.0,619.5,619.9,621.2,627.5,624.9,622.0,620.1,619.6,619.9,620.6,619.4,618.7,619.2,621.2,624.2,622.0,621.4,621.2,621.5,622.1,622.7,622.9,622.6,584.6,585.8,586.6,586.4,585.4,584.2,583.4,583.8,585.7,584.7,583.8,583.7,585.0,587.2,589.5,586.6,584.0,582.6,582.7,584.1,585.2,585.1,585.4,586.0,586.4,586.5,586.1,585.6,29.4,-51.0,671.5,0.086,0.324,0.004,283.0,282.6,283.6,285.4,287.7,291.5,296.8,303.6,313.1,324.2,335.4,345.9,354.2,359.4,362.0,363.2,363.8,284.5,287.9,293.8,300.2,306.2,319.9,327.8,336.1,343.9,349.4,312.6,311.4,310.2,308.9,303.9,307.3,311.0,315.5,319.8,291.1,294.8,300.0,304.4,299.8,294.7,325.7,330.2,335.8,340.6,336.2,330.7,299.6,302.9,307.8,311.5,315.8,323.2,330.5,323.9,317.0,312.3,308.2,303.2,301.8,308.0,311.7,316.1,327.9,316.5,312.0,308.2,118.6,129.4,140.2,150.8,160.9,170.0,177.6,183.8,185.9,185.2,180.9,174.3,165.7,155.0,142.9,130.4,117.9,106.8,100.9,98.8,99.1,101.4,100.8,97.6,97.0,99.4,104.8,110.9,117.7,124.3,131.3,139.1,140.3,141.3,140.2,139.1,114.5,110.8,110.8,114.5,115.7,115.9,113.8,109.6,109.5,112.8,114.6,114.7,157.6,153.0,150.7,151.7,150.6,152.9,156.9,163.4,165.9,166.3,165.9,163.4,157.6,154.8,155.0,154.7,157.2,160.3,160.7,160.2,-25.0,-25.7,-24.0,-20.7,-16.6,-9.7,-0.3,11.1,26.6,44.8,63.9,82.3,96.8,106.0,110.3,112.2,113.4,-21.6,-15.5,-5.4,5.3,15.1,37.2,49.8,63.4,76.0,85.2,25.3,23.1,21.0,18.8,11.2,16.5,22.3,29.6,36.5,-10.0,-3.8,5.0,12.3,4.8,-4.0,46.9,54.0,63.0,70.8,63.6,54.8,4.3,9.7,17.4,23.2,30.0,42.0,54.3,43.3,32.1,24.5,18.1,10.1,7.9,17.8,23.6,30.6,50.0,31.4,24.2,18.2,-90.1,-70.8,-51.4,-32.6,-14.4,1.7,14.8,24.8,27.9,26.7,19.8,9.0,-5.6,-23.8,-44.2,-65.3,-86.6,-107.4,-116.2,-118.1,-115.9,-110.9,-110.6,-115.6,-116.6,-112.8,-104.3,-94.3,-82.5,-71.0,-59.3,-48.5,-46.1,-44.3,-46.0,-47.8,-92.7,-98.2,-97.6,-90.8,-89.3,-89.5,-90.1,-96.8,-96.5,-91.2,-88.2,-88.2,-19.0,-26.2,-29.5,-27.7,-29.3,-25.8,-19.6,-8.9,-4.9,-4.3,-5.0,-9.1,-18.9,-22.9,-22.5,-22.9,-19.2,-13.9,-13.4,-14.3,730.2,729.5,729.4,729.8,725.8,717.2,704.0,686.2,674.4,673.1,679.9,687.3,691.2,693.0,692.5,691.6,692.4,704.6,696.3,686.7,676.5,669.3,662.0,660.6,661.3,661.4,662.9,662.8,655.8,648.7,641.6,661.6,656.4,652.1,651.7,652.0,694.5,688.5,683.8,680.4,683.4,687.9,666.6,664.4,662.3,662.8,661.2,663.2,680.8,665.4,656.5,653.1,651.1,654.1,661.5,655.9,653.7,656.0,659.5,668.4,676.8,658.4,654.7,652.7,661.1,654.8,657.0,660.7,0.605,0.021,0.312,0.005,315.116,137.889,-28.603,-17.473,-5.590,14.834,-5.501,-4.702,6.058,3.816,6.620,7.256,-3.423,0.241,1.457,-2.788,-1.340,2.025,1.811,-2.094,-1.082,0.504,1.207,-0.288,-0.478,0.950,0.302,-1.059,0.503,0.107,-0.001,-0.010,0.050,-0.003,0.005,0.070,0.00,0.00,1.04,0.00,0.61,3.15,0.00,0.52,0.00,0.00,0.00,0.31,0.28,0.00,1.70,1.02,0.00,0.00,0.00,1.00,0.00,1.00,1.00,0.00,0.00,0.00,0.00,0.00,0.00,1.00,0.00,1.00,1.00,0.00,0.00
257,0,25.600,0.98,1,-0.153017,0.116623,-0.981318,-0.302939,0.121142,-0.945279,-0.232,0.123,294.2,295.3,298.0,300.6,301.6,300.7,297.8,295.2,291.2,292.4,294.5,297.3,300.3,302.7,304.4,302.4,299.7,297.0,294.5,292.5,296.8,298.0,299.1,299.6,299.2,298.0,296.9,296.4,328.5,329.6,332.4,335.3,336.7,335.6,332.8,329.7,325.9,327.4,329.8,333.0,336.2,338.7,340.5,338.8,336.4,333.6,330.7,327.9,331.4,332.7,333.9,334.3,333.8,332.5,331.2,330.8,112.7,109.9,108.7,109.7,112.4,115.3,116.3,115.3,114.5,112.5,111.1,110.3,110.9,112.3,114.4,115.3,115.7,115.9,115.8,115.5,113.9,114.3,113.8,112.6,111.4,111.0,111.5,112.7,111.4,108.5,107.3,108.3,111.2,114.1,115.3,114.5,113.7,111.5,109.8,109.0,109.6,110.9,112.9,114.0,114.5,114.7,114.7,114.5,112.8,113.2,112.7,111.4,110.2,109.7,110.3,111.5,-4.3,-2.6,1.5,5.5,7.0,5.6,1.2,-2.7,-8.9,-7.0,-3.8,0.5,5.1,8.7,11.2,8.2,4.1,-0.0,-3.8,-6.9,-0.3,1.5,3.3,4.0,3.3,1.6,-0.2,-0.9,45.2,46.7,50.8,55.1,56.9,55.3,51.2,46.7,41.4,43.6,46.9,51.4,56.1,60.0,62.8,60.1,56.4,52.3,48.1,44.2,49.3,51.1,52.9,53.6,52.8,51.0,49.2,48.5,-86.0,-90.2,-92.0,-90.3,-86.0,-81.5,-80.0,-81.7,-83.8,-86.5,-88.3,-89.2,-88.3,-86.1,-83.0,-81.5,-80.9,-80.6,-80.9,-81.9,-84.0,-83.3,-84.0,-85.9,-87.8,-88.5,-87.7,-85.9,-82.5,-86.8,-88.7,-87.1,-83.0,-78.6,-76.7,-77.9,-79.3,-82.4,-84.7,-85.8,-85.2,-83.6,-81.1,-79.1,-78.0,-77.5,-77.6,-78.0,-80.6,-79.9,-80.8,-82.7,-84.5,-85.2,-84.4,-82.5,622.6,623.2,622.7,621.4,620.0,619.4,619.8,621.1,627.4,624.8,622.0,620.0,619.5,619.9,620.6,619.4,618.7,619.2,621.2,624.2,622.0,621.4,621.2,621.5,622.1,622.7,622.9,622.6,584.5,585.8,586.5,586.3,585.3,584.1,583.4,583.7,585.6,584.6,583.8,583.6,584.9,587.2,589.4,586.5,583.9,582.5,582.6,584.0,585.1,585.0,585.3,585.9,586.3,586.4,586.1,585.5,29.4,-51.0,671.5,0.084,0.325,0.003,283.0,282.6,283.6,285.4,287.7,291.6,296.9,303.7,313.2,324.3,335.5,346.0,354.2,359.4,362.0,363.2,363.8,284.5,287.9,293.8,300.2,306.2,320.0,327.9,336.2,344.0,349.5,312.6,311.4,310.2,308.9,303.9,307.3,311.0,315.5,319.8,291.1,294.8,300.0,304.4,299.8,294.6,325.8,330.2,335.8,340.6,336.3,330.8,299.5,302.9,307.8,311.5,315.8,323.2,330.5,323.9,317.0,312.3,308.2,303.2,301.8,308.0,311.7,316.1,327.9,316.6,312.1,308.2,118.8,129.6,140.4,150.9,161.1,170.1,177.7,183.8,185.9,185.1,180.7,174.1,165.5,154.8,142.8,130.4,118.0,106.8,100.9,98.8,99.0,101.4,100.7,97.5,97.0,99.4,104.8,110.9,117.7,124.3,131.2,139.1,140.3,141.3,140.2,139.1,114.6,110.8,110.8,114.5,115.7,116.0,113.8,109.6,109.6,112.9,114.6,114.7,157.6,152.9,150.6,151.6,150.6,152.9,156.9,163.4,165.9,166.3,165.9,163.5,157.6,154.8,155.0,154.7,157.2,160.3,160.7,160.2,-25.0,-25.7,-23.9,-20.7,-16.5,-9.5,-0.2,11.3,26.7,45.0,64.1,82.4,96.8,105.9,110.2,112.1,113.3,-21.7,-15.5,-5.4,5.3,15.1,37.3,49.9,63.5,76.1,85.3,25.3,23.2,21.0,18.8,11.2,16.5,22.3,29.6,36.5,-10.1,-3.8,4.9,12.3,4.7,-4.0,47.0,54.0,63.0,70.8,63.6,54.8,4.2,9.6,17.4,23.1,30.0,42.0,54.3,43.3,32.1,24.5,18.0,10.1,7.9,17.8,23.6,30.6,50.0,31.4,24.2,18.2,-89.9,-70.5,-51.1,-32.3,-14.1,2.0,15.0,24.9,27.9,26.6,19.5,8.7,-5.9,-24.1,-44.4,-65.4,-86.5,-107.4,-116.1,-118.2,-116.0,-110.9,-110.7,-115.7,-116.7,-112.9,-104.3,-94.3,-82.5,-71.0,-59.4,-48.5,-46.1,-44.3,-46.0,-47.8,-92.6,-98.2,-97.5,-90.8,-89.2,-89.4,-90.1,-96.8,-96.5,-91.2,-88.2,-88.2,-18.9,-26.2,-29.5,-27.8,-29.3,-25.8,-19.6,-9.0,-4.9,-4.3,-5.0,-9.1,-18.9,-22.9,-22.5,-22.9,-19.2,-13.9,-13.4,-14.3,730.3,729.7,729.6,729.9,725.7,717.0,703.8,686.0,674.2,672.9,679.7,686.9,690.8,692.5,692.1,691.3,692.2,704.5,696.4,686.7,676.5,669.3,661.9,660.6,661.3,661.5,663.1,662.8,655.7,648.6,641.5,661.5,656.3,652.1,651.6,651.9,694.4,688.4,683.7,680.3,683.3,687.8,666.6,664.4,662.3,662.8,661.2,663.2,680.7,665.3,656.3,653.0,651.0,654.0,661.4,655.9,653.6,655.9,659.4,668.3,676.8,658.3,654.6,652.6,661.0,654.7,656.8,660.6,0.605,0.020,0.313,0.004,315.132,137.891,-28.686,-16.579,-5.564,14.663,-5.147,-4.918,5.825,3.536,6.447,7.469,-3.346,0.259,1.531,-2.820,-1.225,2.032,1.744,-2.066,-0.989,0.492,1.206,-0.325,-0.456,0.965,0.345,-1.055,0.528,0.104,-0.004,-0.012,0.050,-0.002,0.006,0.071,0.00,0.00,1.02,0.00,0.55,3.25,0.00,0.48,0.00,0.00,0.00,0.39,0.43,0.00,1.56,0.96,0.06,0.00,0.00,1.00,0.00,1.00,1.00,0.00,0.00,0.00,0.00,0.00,0.00,0.00,0.00,1.00,1.00,0.00,0.00
258,0,25.700,0.98,1,-0.160048,0.116388,-0.980224,-0.309600,0.120943,-0.943144,-0.239,0.123,294.0,295.1,297.8,300.4,301.4,300.5,297.6,295.0,291.0,292.3,294.3,297.1,300.1,302.5,304.2,302.2,299.5,296.8,294.3,292.3,296.6,297.8,298.9,299.4,299.0,297.9,296.7,296.2,328.2,329.3,332.1,335.1,336.4,335.3,332.5,329.4,325.6,327.2,329.5,332.7,335.9,338.4,340.2,338.5,336.1,333.3,330.4,327.6,331.1,332.4,333.6,334.1,333.5,332.2,331.0,330.5,112.1,109.4,108.2,109.2,111.9,114.8,115.8,114.8,114.0,111.9,110.5,109.8,110.3,111.8,113.9,114.9,115.2,115.4,115.4,115.0,113.4,113.8,113.3,112.1,110.9,110.5,111.0,112.2,111.0,108.1,106.9,108.0,110.8,113.7,115.0,114.1,113.3,111.0,109.4,108.6,109.2,110.5,112.5,113.6,114.1,114.4,114.3,114.1,112.4,112.8,112.3,111.0,109.8,109.3,109.9,111.1,-4.6,-2.8,1.2,5.2,6.7,5.3,0.9,-3.0,-9.2,-7.3,-4.1,0.2,4.8,8.3,10.9,7.9,3.8,-0.4,-4.1,-7.2,-0.5,1.2,3.0,3.7,3.0,1.3,-0.5,-1.2,44.7,46.3,50.4,54.6,56.4,54.8,50.7,46.2,41.0,43.1,46.4,51.0,55.7,59.6,62.3,59.6,55.9,51.8,47.6,43.7,48.8,50.6,52.4,53.1,52.3,50.5,48.7,48.0,-86.8,-91.0,-92.8,-91.0,-86.8,-82.2,-80.8,-82.5,-84.6,-87.4,-89.2,-90.0,-89.1,-86.9,-83.7,-82.2,-81.6,-81.3,-81.7,-82.7,-84.8,-84.0,-84.8,-86.7,-88.5,-89.3,-88.5,-86.7,-82.9,-87.2,-89.2,-87.6,-83.4,-79.1,-77.1,-78.4,-79.8,-82.9,-85.2,-86.2,-85.6,-84.0,-81.5,-79.5,-78.4,-77.9,-78.0,-78.4,-81.1,-80.4,-81.2,-83.1,-85.0,-85.7,-84.8,-82.9,622.6,623.2,622.7,621.3,619.9,619.4,619.8,621.2,627.5,624.9,622.0,620.0,619.5,619.8,620.5,619.4,618.7,619.2,621.2,624.3,622.0,621.4,621.2,621.4,622.1,622.7,622.9,622.6,583.7,584.9,585.7,585.5,584.5,583.3,582.6,582.9,584.9,583.9,583.0,582.8,584.0,586.3,588.6,585.7,583.2,581.8,581.9,583.3,584.3,584.2,584.6,585.1,585.5,585.6,585.3,584.7,28.6,-51.5,670.3,0.081,0.337,0.008,283.0,282.5,283.4,285.3,287.5,291.2,296.4,303.1,312.5,323.6,334.9,345.4,353.7,358.9,361.5,362.7,363.5,284.4,287.8,293.6,299.9,305.8,319.9,327.6,335.8,343.5,348.9,312.3,311.0,309.7,308.4,303.4,306.8,310.4,315.0,319.3,290.9,294.6,299.8,304.1,299.6,294.4,325.5,329.9,335.5,340.3,336.0,330.4,299.1,302.4,307.2,310.8,315.1,322.5,329.8,323.2,316.2,311.5,307.5,302.6,301.3,307.4,311.0,315.4,327.2,315.8,311.4,307.6,118.4,129.2,140.0,150.6,160.8,169.9,177.5,183.7,185.8,185.1,180.7,174.2,165.4,154.7,142.6,130.1,117.7,105.9,100.0,97.9,98.3,100.6,100.1,96.8,96.3,98.6,103.9,110.4,117.1,123.7,130.7,138.7,139.9,140.8,139.8,138.7,114.0,110.3,110.3,114.0,115.3,115.5,113.4,109.2,109.2,112.5,114.2,114.4,157.5,152.6,150.3,151.3,150.3,152.7,156.9,163.4,165.8,166.2,165.7,163.3,157.4,154.5,154.7,154.4,157.1,160.2,160.5,160.0,-25.1,-25.9,-24.2,-20.9,-16.8,-10.1,-1.0,10.3,25.6,43.8,62.9,81.2,95.5,104.5,108.8,110.8,112.2,-21.7,-15.6,-5.7,4.8,14.4,37.0,49.5,62.7,75.0,84.0,24.8,22.5,20.2,17.8,10.4,15.7,21.4,28.7,35.5,-10.3,-4.1,4.6,11.9,4.4,-4.3,46.4,53.4,62.4,70.1,62.9,54.2,3.5,8.7,16.4,22.1,28.8,40.8,53.0,42.0,30.7,23.3,16.9,9.1,7.1,16.8,22.5,29.3,48.7,30.1,23.1,17.1,-90.4,-71.0,-51.7,-32.9,-14.6,1.6,14.7,24.6,27.6,26.4,19.5,8.6,-6.0,-24.2,-44.5,-65.5,-86.7,-108.8,-117.5,-119.4,-117.1,-112.0,-111.6,-116.6,-117.4,-113.7,-105.2,-95.1,-83.3,-71.8,-60.2,-49.1,-46.7,-44.9,-46.5,-48.3,-93.4,-99.0,-98.3,-91.5,-89.8,-90.1,-90.5,-97.2,-96.8,-91.4,-88.4,-88.5,-19.2,-26.6,-30.1,-28.3,-29.8,-26.1,-19.6,-9.0,-5.1,-4.6,-5.2,-9.4,-19.2,-23.3,-22.9,-23.2,-19.2,-14.2,-13.7,-14.6,729.0,728.3,728.1,728.3,724.0,715.2,702.1,684.3,672.4,670.7,677.1,684.2,687.8,689.3,688.7,687.8,688.8,703.2,695.2,685.7,675.6,668.5,660.6,659.1,659.4,659.2,660.1,661.6,654.6,647.6,640.6,660.3,655.1,651.0,650.4,650.5,693.5,687.4,682.6,679.0,682.2,686.8,664.8,662.4,660.3,660.6,659.1,661.2,679.2,663.9,655.0,651.5,649.5,652.2,659.2,653.9,651.9,654.2,657.8,666.7,675.2,656.9,653.1,651.0,658.9,653.1,655.3,659.0,0.607,0.015,0.327,0.009,314.690,137.519,-31.896,-16.730,-6.994,15.098,-5.276,-5.424,5.699,3.832,5.678,7.273,-3.443,0.213,1.201,-3.263,-1.569,1.669,2.209,-1.785,-1.107,0.339,1.088,-0.446,-0.492,0.587,0.457,-1.039,0.501,0.121,0.005,-0.009,0.050,-0.006,0.009,0.061,0.00,0.00,1.02,0.00,0.53,3.20,0.00,0.46,0.00,0.00,0.00,0.41,0.45,0.00,1.46,1.08,0.10,0.00,0.00,1.00,0.00,1.00,1.00,0.00,0.00,0.00,0.00,0.00,0.00,0.00,0.00,1.00,1.00,0.00,0.00
259,0,25.800,0.98,1,-0.162306,0.116513,-0.979837,-0.311248,0.120054,-0.942715,-0.242,0.122,294.0,295.1,297.8,300.4,301.4,300.4,297.6,295.0,291.0,292.2,294.3,297.1,300.1,302.5,304.1,302.1,299.4,296.7,294.3,292.3,296.6,297.7,298.9,299.4,299.0,297.8,296.7,296.2,328.2,329.3,332.1,335.0,336.4,335.3,332.5,329.3,325.5,327.1,329.5,332.7,335.9,338.4,340.2,338.5,336.1,333.3,330.3,327.6,331.0,332.3,333.6,334.0,333.5,332.2,330.9,330.5,111.8,109.1,107.9,108.9,111.6,114.5,115.5,114.5,113.7,111.6,110.2,109.5,110.0,111.5,113.7,114.6,114.9,115.1,115.0,114.6,113.0,113.5,113.0,111.8,110.6,110.2,110.7,111.9,110.9,108.0,106.7,107.8,110.7,113.6,114.8,114.0,113.1,110.9,109.2,108.5,109.1,110.4,112.4,113.5,114.0,114.2,114.1,114.0,112.2,112.7,112.2,110.9,109.7,109.2,109.7,111.0,-4.6,-2.9,1.2,5.2,6.7,5.2,0.8,-3.1,-9.2,-7.3,-4.1,0.2,4.7,8.3,10.8,7.8,3.7,-0.4,-4.2,-7.2,-0.6,1.1,2.9,3.7,3.0,1.3,-0.5,-1.3,44.7,46.3,50.4,54.6,56.4,54.8,50.6,46.2,40.9,43.1,46.4,51.0,55.6,59.5,62.3,59.5,55.8,51.7,47.5,43.7,48.8,50.6,52.4,53.1,52.3,50.5,48.7,48.0,-87.3,-91.5,-93.2,-91.5,-87.2,-82.7,-81.3,-83.0,-85.1,-87.9,-89.6,-90.5,-89.5,-87.3,-84.1,-82.6,-82.0,-81.8,-82.2,-83.2,-85.3,-84.5,-85.3,-87.1,-89.0,-89.7,-89.0,-87.1,-83.2,-87.5,-89.4,-87.8,-83.6,-79.3,-77.4,-78.7,-80.1,-83.2,-85.4,-86.5,-85.8,-84.2,-81.6,-79.7,-78.6,-78.1,-78.2,-78.7,-81.3,-80.6,-81.5,-83.3,-85.2,-85.9,-85.1,-83.2,622.5,623.2,622.6,621.3,619.8,619.3,619.7,621.1,627.5,624.8,622.0,620.0,619.4,619.7,620.4,619.2,618.6,619.1,621.1,624.2,621.9,621.3,621.1,621.4,622.0,622.6,622.8,622.5,583.9,585.1,585.9,585.7,584.7,583.5,582.8,583.1,585.1,584.0,583.2,583.0,584.2,586.5,588.8,585.9,583.3,581.9,582.1,583.4,584.5,584.4,584.7,585.3,585.7,585.8,585.5,584.9,28.4,-51.7,668.7,0.080,0.341,0.011,283.0,282.5,283.4,285.3,287.5,291.2,296.4,303.0,312.4,323.5,334.8,345.4,353.6,358.8,361.4,362.7,363.4,284.4,287.9,293.7,300.0,305.8,320.0,327.7,335.9,343.6,348.9,312.3,311.0,309.7,308.3,303.3,306.6,310.3,314.9,319.2,290.9,294.6,299.8,304.1,299.6,294.4,325.4,329.9,335.5,340.3,335.9,330.4,298.8,302.1,307.0,310.6,315.0,322.5,329.9,323.1,316.0,311.3,307.2,302.3,301.0,307.2,310.9,315.3,327.2,315.7,311.2,307.3,117.9,128.9,139.8,150.5,160.7,169.9,177.6,183.7,185.8,185.1,180.7,174.1,165.4,154.7,142.6,130.1,117.6,105.5,99.6,97.5,97.8,100.2,99.7,96.5,96.1,98.5,103.9,110.1,116.9,123.5,130.4,138.4,139.7,140.6,139.6,138.5,113.7,109.9,110.0,113.8,115.0,115.1,113.2,109.0,109.0,112.4,114.1,114.2,157.2,152.4,150.0,151.1,150.1,152.5,156.7,163.3,165.8,166.1,165.7,163.1,157.1,154.3,154.5,154.2,156.9,160.1,160.4,159.9,-24.9,-25.8,-24.2,-20.9,-16.9,-10.1,-1.1,10.1,25.3,43.4,62.5,80.8,95.1,104.1,108.3,110.3,111.7,-21.6,-15.5,-5.6,4.9,14.4,37.1,49.5,62.7,75.0,83.8,24.7,22.4,20.0,17.6,10.2,15.4,21.1,28.4,35.3,-10.3,-4.1,4.6,11.8,4.3,-4.4,46.2,53.2,62.2,69.9,62.7,54.0,3.1,8.3,16.0,21.7,28.6,40.6,53.0,41.8,30.3,22.8,16.3,8.6,6.7,16.4,22.1,29.1,48.7,29.8,22.7,16.6,-91.1,-71.5,-52.0,-32.9,-14.6,1.6,14.7,24.5,27.6,26.3,19.4,8.6,-6.0,-24.2,-44.4,-65.4,-86.5,-109.1,-117.9,-119.9,-117.6,-112.4,-111.8,-116.7,-117.5,-113.6,-104.9,-95.2,-83.4,-72.0,-60.4,-49.4,-46.9,-45.1,-46.7,-48.5,-93.7,-99.2,-98.5,-91.7,-90.1,-90.4,-90.6,-97.1,-96.8,-91.3,-88.4,-88.5,-19.6,-27.0,-30.4,-28.6,-30.1,-26.4,-19.8,-9.1,-5.2,-4.6,-5.4,-9.6,-19.6,-23.7,-23.2,-23.5,-19.4,-14.2,-13.7,-14.7,727.8,727.1,726.9,727.1,722.5,713.5,700.2,682.4,670.5,668.8,675.2,682.1,685.5,686.8,686.2,685.4,686.4,701.4,693.6,684.1,674.0,666.9,658.9,657.3,657.6,657.3,658.3,659.9,652.9,645.9,638.8,658.6,653.4,649.2,648.6,648.7,691.6,685.6,680.8,677.2,680.4,685.0,662.9,660.6,658.4,658.7,657.2,659.4,677.9,662.4,653.3,649.8,647.7,650.5,657.7,652.2,650.1,652.5,656.1,665.2,674.0,655.2,651.4,649.3,657.3,651.4,653.6,657.4,0.608,0.014,0.333,0.012,314.618,137.340,-32.513,-15.337,-6.012,14.704,-5.316,-5.159,5.683,3.897,5.322,7.270,-3.850,0.221,1.323,-3.288,-1.772,1.952,2.155,-1.936,-1.026,0.363,0.907,-0.437,-0.432,0.686,0.438,-1.070,0.549,0.136,0.009,-0.004,0.036,-0.000,0.012,0.064,0.00,0.00,1.08,0.00,0.47,3.05,0.00,0.42,0.00,0.00,0.00,0.51,0.47,0.00,1.42,1.24,0.10,0.00,0.00,1.00,0.00,1.00,0.00,0.00,0.00,0.00,0.00,0.00,0.00,0.00,0.00,1.00,1.00,0.00,0.00
260,0,25.900,0.98,1,-0.167247,0.121592,-0.978388,-0.318457,0.124994,-0.939660,-0.248,0.128,294.2,295.3,298.0,300.6,301.6,300.6,297.7,295.2,291.2,292.5,294.5,297.3,300.3,302.6,304.3,302.3,299.6,296.9,294.5,292.5,296.8,297.9,299.1,299.6,299.2,298.0,296.9,296.4,328.3,329.4,332.2,335.1,336.4,335.3,332.5,329.4,325.7,327.2,329.6,332.8,335.9,338.5,340.2,338.5,336.1,333.3,330.4,327.7,331.1,332.4,333.6,334.1,333.6,332.3,331.0,330.6,110.9,108.2,107.0,108.1,110.7,113.6,114.6,113.6,112.7,110.7,109.3,108.5,109.2,110.7,112.8,113.7,114.0,114.2,114.1,113.7,112.2,112.6,112.1,110.9,109.8,109.3,109.8,111.0,110.1,107.3,106.0,107.2,110.0,112.9,114.1,113.2,112.4,110.1,108.5,107.8,108.4,109.7,111.8,112.9,113.4,113.6,113.5,113.3,111.5,112.0,111.5,110.2,109.0,108.5,109.0,110.3,-4.3,-2.5,1.5,5.5,7.0,5.5,1.1,-2.8,-8.9,-7.0,-3.8,0.5,5.1,8.6,11.1,8.0,4.0,-0.2,-3.9,-6.9,-0.3,1.4,3.2,4.0,3.3,1.6,-0.2,-1.0,45.0,46.7,50.8,55.0,56.8,55.1,51.0,46.5,41.3,43.5,46.8,51.3,56.0,59.9,62.7,59.9,56.2,52.1,47.9,44.1,49.1,51.0,52.8,53.5,52.7,50.9,49.1,48.4,-89.0,-93.3,-95.0,-93.2,-88.9,-84.4,-83.0,-84.8,-86.9,-89.7,-91.5,-92.3,-91.3,-89.0,-85.8,-84.3,-83.7,-83.5,-83.9,-84.9,-87.0,-86.3,-87.0,-88.8,-90.7,-91.5,-90.7,-88.9,-84.6,-88.9,-90.8,-89.2,-84.9,-80.7,-78.8,-80.1,-81.6,-84.7,-86.9,-87.9,-87.2,-85.6,-83.0,-81.0,-79.9,-79.5,-79.6,-80.1,-82.8,-82.0,-82.9,-84.7,-86.6,-87.3,-86.5,-84.6,625.3,626.0,625.4,624.1,622.7,622.2,622.6,623.9,630.3,627.7,624.8,622.8,622.2,622.6,623.2,622.1,621.4,622.0,624.0,627.0,624.7,624.1,623.9,624.2,624.8,625.4,625.6,625.3,586.8,588.0,588.7,588.5,587.5,586.4,585.7,586.0,588.0,587.0,586.1,585.8,587.1,589.3,591.6,588.7,586.2,584.8,585.0,586.4,587.4,587.3,587.6,588.1,588.5,588.6,588.3,587.8,28.4,-52.3,666.6,0.084,0.353,0.014,283.1,282.6,283.6,285.5,287.7,291.4,296.5,303.1,312.4,323.4,334.6,345.1,353.3,358.5,361.2,362.7,363.5,284.7,288.4,294.2,300.4,306.2,320.2,327.9,336.0,343.5,348.8,312.5,311.1,309.7,308.3,303.4,306.7,310.3,314.8,319.0,291.1,294.8,300.0,304.2,299.7,294.6,325.6,330.0,335.6,340.3,336.0,330.5,299.0,302.1,306.9,310.5,314.7,322.1,329.2,322.8,315.9,311.3,307.2,302.3,301.2,307.1,310.7,315.0,326.6,315.5,311.1,307.4,117.1,128.1,139.3,150.2,160.6,169.9,177.7,183.9,186.0,185.2,180.7,173.9,165.1,154.2,142.1,129.6,117.0,104.1,98.3,96.3,96.7,99.2,98.8,95.6,95.2,97.4,102.8,109.3,116.0,122.6,129.5,137.7,138.9,139.9,138.9,137.9,112.8,109.0,109.1,112.9,114.1,114.3,112.5,108.3,108.3,111.7,113.5,113.6,157.0,151.8,149.3,150.4,149.4,152.0,156.7,163.7,166.3,166.6,166.1,163.4,156.9,153.7,154.0,153.7,156.9,160.4,160.7,160.2,-24.6,-25.5,-23.8,-20.5,-16.5,-9.8,-0.9,10.2,25.2,43.1,61.8,79.9,93.9,102.8,107.2,109.5,110.9,-21.0,-14.6,-4.7,5.7,15.0,37.4,49.6,62.5,74.5,83.1,24.9,22.5,20.1,17.6,10.3,15.4,21.0,28.2,34.9,-9.9,-3.7,4.9,11.9,4.5,-4.1,46.2,53.1,62.0,69.6,62.5,53.8,3.3,8.2,15.9,21.4,28.0,39.8,51.7,41.1,30.1,22.8,16.4,8.6,6.9,16.2,21.8,28.5,47.5,29.5,22.6,16.7,-92.2,-72.5,-52.7,-33.4,-14.8,1.6,14.8,24.8,27.9,26.5,19.3,8.2,-6.6,-24.7,-44.9,-65.7,-86.7,-111.1,-119.6,-121.4,-118.9,-113.7,-112.9,-117.7,-118.4,-114.7,-106.2,-96.3,-84.5,-73.2,-61.7,-50.3,-48.0,-46.1,-47.6,-49.3,-94.9,-100.4,-99.6,-92.7,-91.1,-91.6,-91.4,-97.8,-97.4,-91.9,-89.0,-89.2,-19.8,-27.8,-31.4,-29.5,-30.9,-26.9,-19.8,-8.5,-4.4,-3.8,-4.6,-9.1,-19.8,-24.4,-23.9,-24.2,-19.5,-13.7,-13.3,-14.2,724.5,724.2,724.3,724.5,719.7,710.6,697.6,680.3,668.6,666.4,671.8,677.9,680.6,681.7,681.0,680.3,681.1,698.1,690.6,681.2,671.3,664.6,656.4,654.6,654.5,653.9,654.3,657.4,650.6,643.9,637.1,656.2,651.2,647.1,646.4,646.3,689.0,682.9,678.1,674.4,677.8,682.5,659.9,657.4,655.0,655.3,653.9,656.2,674.9,659.8,650.8,647.3,645.3,647.6,654.3,649.9,648.7,651.1,654.6,663.1,671.0,652.8,649.0,646.9,654.2,649.7,651.9,655.6,0.611,0.015,0.347,0.015,314.636,136.836,-39.292,-14.114,-6.860,16.372,-4.988,-7.911,7.981,3.566,5.252,6.659,-2.928,0.144,1.062,-3.422,-1.782,1.503,1.695,-1.859,-1.078,0.582,0.996,-0.563,-0.513,0.783,0.392,-1.017,0.558,0.131,-0.012,-0.012,0.030,-0.008,0.018,0.056,0.00,0.00,1.09,0.00,0.45,2.88,0.00,0.43,0.00,0.00,0.00,0.48,0.37,0.00,1.52,1.38,0.08,0.00,0.00,1.00,0.00,1.00,0.00,0.00,0.00,0.00,0.00,0.00,0.00,0.00,0.00,1.00,1.00,0.00,0.00
261,0,26.000,0.98,1,-0.165324,0.122141,-0.978647,-0.316245,0.124931,-0.940416,-0.246,0.128,294.2,295.4,298.1,300.7,301.7,300.7,297.8,295.2,291.3,292.5,294.6,297.4,300.4,302.7,304.4,302.4,299.7,297.0,294.5,292.6,296.9,298.0,299.2,299.7,299.3,298.1,297.0,296.5,328.4,329.5,332.3,335.2,336.5,335.4,332.5,329.4,325.7,327.3,329.6,332.8,336.0,338.6,340.3,338.6,336.2,333.4,330.4,327.7,331.2,332.4,333.7,334.2,333.6,332.3,331.1,330.6,110.7,108.0,106.8,107.9,110.6,113.5,114.4,113.4,112.5,110.5,109.1,108.3,109.0,110.5,112.7,113.6,113.9,114.1,114.0,113.6,112.0,112.4,111.9,110.7,109.6,109.1,109.6,110.8,110.1,107.2,106.0,107.2,110.0,112.9,114.1,113.2,112.4,110.1,108.5,107.7,108.4,109.8,111.8,112.9,113.4,113.6,113.5,113.3,111.5,112.0,111.5,110.2,109.0,108.5,109.0,110.3,-4.2,-2.4,1.7,5.6,7.1,5.6,1.2,-2.7,-8.8,-6.8,-3.7,0.6,5.2,8.7,11.2,8.2,4.1,-0.0,-3.7,-6.8,-0.2,1.5,3.3,4.1,3.4,1.7,-0.0,-0.8,44.8,46.5,50.6,54.8,56.5,54.9,50.7,46.3,41.1,43.3,46.6,51.1,55.8,59.7,62.4,59.7,55.9,51.8,47.6,43.8,48.9,50.7,52.5,53.3,52.5,50.7,48.9,48.1,-89.0,-93.2,-94.9,-93.1,-88.9,-84.3,-83.0,-84.7,-86.9,-89.7,-91.5,-92.2,-91.2,-88.9,-85.7,-84.2,-83.6,-83.4,-83.8,-84.9,-87.0,-86.2,-87.0,-88.8,-90.7,-91.5,-90.7,-88.9,-84.2,-88.5,-90.3,-88.7,-84.4,-80.2,-78.3,-79.6,-81.1,-84.2,-86.4,-87.5,-86.7,-85.1,-82.5,-80.5,-79.4,-79.0,-79.1,-79.6,-82.3,-81.6,-82.4,-84.3,-86.1,-86.8,-86.0,-84.1,623.2,623.8,623.2,621.9,620.5,620.1,620.5,621.8,628.1,625.5,622.6,620.6,620.1,620.4,621.1,620.0,619.3,619.9,621.9,624.9,622.6,622.0,621.8,622.0,622.6,623.2,623.5,623.2,583.6,584.7,585.4,585.2,584.3,583.1,582.4,582.8,584.7,583.7,582.8,582.6,583.8,586.1,588.4,585.5,583.0,581.6,581.7,583.1,584.1,584.1,584.4,584.9,585.3,585.4,585.1,584.5,28.4,-52.7,667.7,0.088,0.348,0.017,283.2,282.7,283.6,285.4,287.6,291.3,296.4,303.1,312.5,323.5,334.7,345.1,353.2,358.4,361.1,362.6,363.4,284.8,288.3,294.1,300.4,306.2,320.3,328.1,336.3,343.9,349.1,312.5,311.1,309.7,308.2,303.4,306.7,310.2,314.7,318.9,291.2,294.9,300.1,304.3,299.8,294.6,325.6,330.0,335.7,340.4,336.0,330.5,299.2,302.1,306.9,310.4,314.5,321.8,328.8,322.5,315.8,311.3,307.3,302.4,301.4,307.2,310.7,314.8,326.2,315.4,311.1,307.4,116.7,127.7,138.8,149.5,159.9,169.3,177.2,183.5,185.7,184.9,180.4,173.6,164.8,154.0,142.0,129.5,117.1,104.2,98.4,96.3,96.7,99.2,98.9,95.8,95.4,97.9,103.4,109.3,115.9,122.5,129.4,137.5,138.7,139.7,138.8,137.7,112.6,108.8,108.9,112.8,114.0,114.1,112.5,108.2,108.3,111.8,113.5,113.6,156.8,151.6,149.1,150.2,149.2,151.9,156.5,163.5,166.0,166.4,165.9,163.1,156.7,153.5,153.7,153.5,156.7,160.2,160.5,159.9,-24.6,-25.5,-23.9,-20.6,-16.7,-10.0,-1.0,10.2,25.4,43.5,62.2,80.2,94.1,103.0,107.4,109.7,111.2,-21.0,-14.7,-4.8,5.6,15.0,37.5,50.0,63.2,75.3,83.9,25.0,22.5,20.1,17.6,10.3,15.5,21.0,28.1,34.8,-9.8,-3.6,5.1,12.1,4.7,-3.9,46.3,53.3,62.2,69.9,62.7,54.0,3.6,8.3,15.9,21.3,27.8,39.5,51.1,40.8,30.0,22.8,16.5,8.7,7.2,16.3,21.8,28.3,46.9,29.4,22.6,16.8,-93.1,-73.5,-53.8,-34.6,-16.0,0.5,14.0,24.2,27.4,26.0,18.8,7.7,-7.1,-25.1,-45.2,-66.0,-87.0,-111.1,-119.7,-121.5,-119.0,-113.7,-112.9,-117.6,-118.2,-114.2,-105.5,-96.4,-84.7,-73.5,-62.0,-50.7,-48.4,-46.6,-48.0,-49.6,-95.4,-100.9,-100.1,-93.1,-91.5,-92.0,-91.6,-98.1,-97.6,-92.1,-89.1,-89.3,-20.2,-28.2,-31.8,-29.9,-31.3,-27.2,-20.0,-8.8,-4.7,-4.2,-5.0,-9.6,-20.3,-24.9,-24.4,-24.6,-19.8,-14.1,-13.7,-14.6,726.1,725.9,725.9,726.0,721.3,712.4,699.4,682.1,670.5,668.6,674.1,680.2,683.1,684.2,683.4,682.5,683.1,699.5,691.7,682.2,672.2,665.3,657.1,655.4,655.7,655.4,656.4,658.4,651.6,644.8,637.9,657.2,652.3,648.3,647.6,647.6,690.1,684.1,679.2,675.6,679.0,683.7,661.3,658.8,656.6,657.0,655.5,657.7,675.6,660.6,651.8,648.4,646.4,648.8,655.7,651.3,650.1,652.5,656.0,664.1,671.8,653.9,650.2,648.2,655.5,651.0,653.2,656.8,0.610,0.019,0.341,0.018,314.633,136.676,-36.079,-13.529,-7.113,17.222,-4.969,-9.021,8.083,3.338,6.346,5.965,-3.111,-0.638,1.403,-3.701,-0.889,1.605,1.902,-1.492,-0.939,0.752,1.019,-0.342,-0.664,0.898,0.390,-1.019,0.599,0.057,-0.010,-0.005,0.034,-0.000,0.020,0.048,0.00,0.00,1.12,0.00,0.45,2.71,0.00,0.41,0.00,0.00,0.00,0.51,0.23,0.00,1.60,1.52,0.04,0.00,0.00,1.00,0.00,1.00,0.00,0.00,0.00,0.00,0.00,0.00,0.00,0.00,0.00,1.00,1.00,0.00,0.00
262,0,26.100,0.98,1,-0.163005,0.123067,-0.978920,-0.311021,0.125639,-0.942062,-0.242,0.129,294.4,295.6,298.3,300.9,301.9,300.9,298.0,295.4,291.4,292.7,294.8,297.6,300.6,303.0,304.6,302.6,299.9,297.2,294.7,292.7,297.1,298.2,299.4,299.9,299.5,298.3,297.2,296.6,328.6,329.7,332.6,335.5,336.8,335.7,332.8,329.7,325.9,327.5,329.9,333.1,336.3,338.9,340.6,338.9,336.5,333.6,330.7,327.9,331.4,332.7,334.0,334.5,333.9,332.6,331.4,330.9,110.5,107.8,106.6,107.7,110.4,113.4,114.3,113.2,112.3,110.3,108.9,108.2,108.8,110.4,112.5,113.4,113.8,113.9,113.8,113.4,111.8,112.3,111.8,110.6,109.4,108.9,109.4,110.6,110.1,107.2,106.0,107.1,110.0,112.9,114.1,113.2,112.3,110.1,108.4,107.7,108.4,109.8,111.8,112.9,113.4,113.6,113.5,113.2,111.5,112.0,111.5,110.2,108.9,108.4,109.0,110.2,-3.9,-2.1,2.0,5.9,7.4,5.9,1.5,-2.4,-8.5,-6.5,-3.4,0.9,5.5,9.0,11.5,8.5,4.4,0.3,-3.5,-6.5,0.1,1.8,3.6,4.4,3.7,2.0,0.2,-0.5,44.9,46.6,50.7,54.9,56.6,54.9,50.8,46.4,41.1,43.4,46.7,51.3,55.9,59.8,62.5,59.7,56.0,51.9,47.7,43.9,49.0,50.8,52.6,53.4,52.6,50.8,49.0,48.2,-88.7,-92.9,-94.6,-92.8,-88.5,-84.0,-82.6,-84.4,-86.7,-89.4,-91.1,-91.9,-90.8,-88.6,-85.4,-83.8,-83.3,-83.1,-83.5,-84.6,-86.7,-85.9,-86.6,-88.5,-90.3,-91.1,-90.4,-88.5,-83.7,-88.0,-89.9,-88.2,-83.9,-79.6,-77.8,-79.2,-80.7,-83.8,-85.9,-86.9,-86.2,-84.6,-81.9,-80.0,-78.9,-78.5,-78.7,-79.2,-81.8,-81.1,-81.9,-83.8,-85.6,-86.3,-85.5,-83.7,619.0,619.6,619.1,617.7,616.3,615.9,616.3,617.7,624.0,621.3,618.4,616.4,615.9,616.2,616.9,615.8,615.1,615.7,617.7,620.8,618.4,617.8,617.6,617.9,618.5,619.0,619.3,619.0,579.9,581.0,581.8,581.6,580.7,579.5,578.8,579.1,581.0,580.0,579.1,578.9,580.2,582.5,584.8,581.9,579.4,578.0,578.1,579.4,580.5,580.4,580.7,581.2,581.6,581.7,581.4,580.9,28.7,-52.8,666.7,0.089,0.341,0.020,283.3,282.7,283.6,285.4,287.5,291.2,296.3,303.1,312.5,323.6,334.7,345.2,353.3,358.5,361.2,362.7,363.6,284.9,288.5,294.3,300.7,306.5,320.4,328.3,336.6,344.3,349.6,312.7,311.3,309.9,308.4,303.5,306.8,310.4,314.9,319.2,291.3,295.0,300.3,304.6,300.1,294.8,325.8,330.3,336.0,340.7,336.3,330.8,299.2,302.3,307.1,310.6,314.8,322.1,329.1,322.8,316.0,311.4,307.4,302.5,301.4,307.3,310.9,315.1,326.5,315.6,311.3,307.5,116.3,127.3,138.4,149.2,159.6,169.0,177.0,183.4,185.7,184.9,180.5,173.7,164.9,154.0,142.0,129.5,116.9,104.0,98.1,96.1,96.6,99.2,98.9,95.8,95.4,98.0,103.6,109.2,115.8,122.4,129.3,137.4,138.7,139.6,138.7,137.7,112.4,108.6,108.7,112.6,113.8,113.9,112.4,108.2,108.3,111.8,113.5,113.6,156.6,151.5,149.1,150.2,149.2,151.8,156.5,163.3,165.8,166.2,165.7,162.9,156.5,153.4,153.6,153.5,156.6,160.1,160.3,159.8,-24.4,-25.3,-23.8,-20.7,-16.8,-10.2,-1.2,10.1,25.4,43.6,62.3,80.3,94.3,103.2,107.6,109.9,111.5,-20.7,-14.4,-4.4,6.1,15.5,37.7,50.2,63.6,75.9,84.6,25.3,22.8,20.4,17.8,10.5,15.7,21.3,28.4,35.1,-9.5,-3.3,5.4,12.5,5.1,-3.6,46.6,53.7,62.7,70.3,63.2,54.4,3.7,8.5,16.1,21.6,28.2,39.9,51.5,41.1,30.2,23.0,16.7,8.9,7.3,16.5,22.0,28.7,47.3,29.7,22.8,16.9,-93.6,-74.0,-54.3,-35.2,-16.6,0.0,13.7,24.1,27.4,26.1,18.9,7.8,-6.9,-25.1,-45.3,-66.2,-87.2,-111.3,-119.9,-121.6,-119.0,-113.6,-112.8,-117.5,-118.1,-114.0,-105.2,-96.4,-84.7,-73.5,-62.0,-50.9,-48.4,-46.6,-48.0,-49.7,-95.6,-101.1,-100.2,-93.2,-91.7,-92.1,-91.6,-98.1,-97.6,-92.0,-89.1,-89.3,-20.5,-28.3,-31.8,-29.9,-31.3,-27.2,-20.1,-9.0,-5.0,-4.5,-5.3,-9.9,-20.5,-24.9,-24.4,-24.7,-19.9,-14.3,-13.9,-14.9,725.0,724.7,724.7,724.9,720.4,711.7,698.8,681.5,669.9,668.3,674.1,680.4,683.5,684.6,683.8,682.9,683.4,698.5,690.6,681.0,670.9,664.1,656.1,654.6,655.0,655.1,656.4,657.4,650.5,643.6,636.6,656.2,651.3,647.3,646.7,646.8,689.2,683.1,678.3,674.8,678.1,682.7,660.7,658.3,656.2,656.7,655.1,657.2,674.8,659.6,650.9,647.6,645.6,648.2,655.3,650.6,649.2,651.5,654.9,663.1,670.9,652.9,649.3,647.3,655.0,650.1,652.3,655.8,0.610,0.020,0.332,0.021,314.801,136.578,-34.373,-13.743,-6.606,18.158,-5.509,-8.466,7.657,3.354,6.285,5.827,-3.266,-0.860,0.844,-3.763,-0.982,1.580,1.836,-1.780,-0.946,0.705,1.033,-0.149,-0.850,0.821,0.431,-1.060,0.569,0.060,-0.000,-0.009,0.045,-0.005,0.017,0.049,0.00,0.00,1.10,0.00,0.45,2.75,0.00,0.31,0.00,0.00,0.00,0.42,0.08,0.00,1.48,1.69,0.04,0.00,0.00,1.00,0.00,1.00,0.00,0.00,0.00,0.00,0.00,0.00,0.00,0.00,0.00,1.00,1.00,0.00,0.00
263,0,26.200,0.98,1,-0.160647,0.119899,-0.979702,-0.303598,0.121139,-0.945068,-0.237,0.125,294.7,295.9,298.6,301.1,302.1,301.1,298.2,295.7,291.7,293.0,295.0,297.8,300.9,303.2,304.8,302.8,300.1,297.4,295.0,293.0,297.3,298.5,299.6,300.2,299.7,298.6,297.4,296.9,328.7,329.9,332.7,335.6,336.9,335.8,332.9,329.8,326.0,327.7,330.1,333.3,336.4,339.0,340.6,339.0,336.5,333.8,330.8,328.0,331.6,332.8,334.1,334.6,334.0,332.7,331.5,331.0,110.2,107.5,106.3,107.4,110.1,113.0,114.0,112.9,112.0,110.0,108.6,107.9,108.5,110.0,112.2,113.1,113.4,113.6,113.5,113.0,111.5,111.9,111.4,110.2,109.1,108.6,109.1,110.3,109.8,106.9,105.8,106.9,109.8,112.7,113.9,112.9,112.0,109.8,108.2,107.5,108.2,109.6,111.6,112.7,113.2,113.3,113.2,112.9,111.2,111.8,111.2,110.0,108.7,108.2,108.7,110.0,-3.5,-1.7,2.4,6.3,7.8,6.3,1.9,-2.0,-8.1,-6.1,-3.0,1.3,5.9,9.4,11.9,8.8,4.7,0.6,-3.1,-6.1,0.5,2.2,4.0,4.8,4.1,2.4,0.6,-0.1,45.4,47.1,51.2,55.4,57.1,55.4,51.2,46.8,41.5,43.8,47.2,51.8,56.4,60.2,62.9,60.2,56.5,52.4,48.2,44.3,49.4,51.2,53.1,53.8,53.1,51.2,49.4,48.7,-89.4,-93.7,-95.4,-93.5,-89.3,-84.7,-83.4,-85.2,-87.4,-90.1,-91.8,-92.6,-91.5,-89.3,-86.1,-84.6,-84.0,-83.8,-84.3,-85.4,-87.4,-86.6,-87.4,-89.2,-91.1,-91.9,-91.1,-89.3,-84.6,-88.8,-90.7,-89.0,-84.7,-80.4,-78.6,-80.0,-81.6,-84.6,-86.7,-87.7,-87.0,-85.3,-82.7,-80.8,-79.7,-79.3,-79.5,-80.1,-82.6,-81.9,-82.7,-84.6,-86.4,-87.2,-86.4,-84.5,620.8,621.3,620.7,619.4,618.0,617.6,618.0,619.4,625.8,623.1,620.2,618.1,617.6,617.9,618.6,617.5,616.8,617.5,619.5,622.5,620.2,619.6,619.3,619.5,620.1,620.7,621.0,620.8,583.1,584.3,585.0,584.9,584.0,582.8,582.1,582.3,584.2,583.2,582.3,582.2,583.5,585.8,588.2,585.2,582.7,581.3,581.3,582.6,583.7,583.7,584.0,584.5,584.9,585.0,584.6,584.1,29.0,-53.9,669.5,0.078,0.331,0.025,283.6,283.0,283.7,285.4,287.5,291.1,296.2,302.9,312.4,323.6,334.8,345.2,353.4,358.5,361.2,362.7,363.5,285.2,288.7,294.6,301.0,306.8,320.5,328.5,336.8,344.5,349.8,313.0,311.6,310.1,308.6,303.7,307.0,310.6,315.1,319.4,291.6,295.3,300.5,304.8,300.3,295.1,325.9,330.4,336.1,340.8,336.4,330.9,299.3,302.6,307.4,310.9,315.0,322.0,329.1,322.5,315.9,311.3,307.4,302.7,301.5,307.5,311.0,315.2,326.4,315.5,311.3,307.6,115.9,126.8,137.8,148.5,158.9,168.2,176.2,182.5,184.7,184.1,179.8,173.2,164.5,153.8,141.8,129.4,116.9,103.9,98.0,95.9,96.4,99.0,98.6,95.6,95.4,98.0,103.7,108.8,115.5,122.1,129.1,137.0,138.3,139.3,138.4,137.3,112.0,108.3,108.4,112.3,113.5,113.6,112.1,108.0,108.1,111.6,113.3,113.3,155.7,151.1,148.8,149.9,148.9,151.4,155.6,161.6,163.7,164.0,163.6,161.2,155.7,153.0,153.2,153.0,155.7,158.2,158.5,158.0,-24.0,-25.1,-23.7,-20.7,-16.9,-10.4,-1.4,9.9,25.4,43.8,62.8,81.0,95.1,104.0,108.5,110.7,112.3,-20.3,-14.1,-4.0,6.6,16.0,38.0,50.7,64.3,76.7,85.5,25.9,23.3,20.8,18.2,10.8,16.0,21.6,28.8,35.6,-9.1,-2.9,5.8,13.0,5.5,-3.3,47.1,54.3,63.3,70.9,63.7,54.9,3.9,9.1,16.7,22.1,28.6,40.0,51.8,40.8,30.1,22.9,16.8,9.2,7.5,17.0,22.4,29.1,47.4,29.6,22.8,17.1,-94.9,-75.4,-55.8,-36.6,-18.0,-1.3,12.3,22.6,25.9,24.8,17.9,7.0,-7.6,-25.8,-46.0,-66.9,-88.0,-112.1,-120.8,-122.6,-120.0,-114.6,-113.7,-118.4,-119.0,-114.8,-105.8,-97.5,-85.6,-74.2,-62.6,-51.7,-49.2,-47.3,-48.8,-50.5,-96.7,-102.1,-101.2,-94.3,-92.7,-93.1,-92.7,-99.1,-98.5,-93.0,-90.1,-90.3,-22.0,-29.1,-32.3,-30.5,-31.9,-28.1,-21.6,-11.8,-8.4,-7.9,-8.7,-12.7,-22.0,-25.8,-25.3,-25.5,-21.4,-17.2,-16.8,-17.8,729.7,729.2,728.9,728.7,723.8,714.8,701.5,683.8,672.3,671.1,677.8,684.8,688.5,690.0,689.5,688.4,689.0,702.4,694.4,684.7,674.6,667.6,659.6,658.4,659.2,659.6,661.3,661.1,653.9,646.6,639.3,659.2,654.2,650.0,649.6,650.0,692.6,686.7,681.9,678.4,681.5,686.1,664.8,662.6,660.6,661.2,659.5,661.4,677.1,662.0,653.8,650.7,648.8,651.6,658.8,652.9,651.0,653.1,656.3,664.5,673.1,655.7,652.2,650.4,658.1,652.3,654.1,657.6,0.607,0.008,0.321,0.026,314.919,136.008,-27.303,-13.072,-8.789,17.604,-6.533,-4.726,7.089,3.274,5.591,5.405,-4.419,-0.565,0.038,-4.088,-0.262,1.031,1.255,-1.621,-0.757,0.634,0.837,0.017,-0.710,0.726,0.318,-1.080,0.594,0.040,-0.008,-0.034,0.061,-0.019,0.001,0.039,0.00,0.00,1.07,0.00,0.34,2.69,0.00,0.15,0.00,0.00,0.00,0.29,0.03,0.13,1.06,1.47,0.01,0.00,0.00,1.00,0.00,1.00,0.00,0.00,0.00,0.00,0.00,0.00,0.00,0.00,0.00,1.00,1.00,0.00,0.00
264,0,26.300,0.98,1,-0.152206,0.115989,-0.981519,-0.293199,0.117664,-0.948783,-0.227,0.120,294.7,295.9,298.6,301.2,302.2,301.2,298.4,295.8,291.8,293.0,295.1,297.8,300.9,303.3,304.9,302.9,300.2,297.5,295.1,293.1,297.4,298.6,299.7,300.2,299.8,298.6,297.5,297.0,328.8,329.9,332.7,335.7,336.9,335.8,333.0,329.8,326.1,327.7,330.1,333.3,336.5,339.0,340.6,339.0,336.6,333.8,330.8,328.1,331.6,332.8,334.1,334.6,334.0,332.8,331.5,331.0,110.3,107.6,106.4,107.4,110.1,113.1,114.1,113.0,112.1,110.1,108.7,108.0,108.5,110.0,112.2,113.2,113.5,113.8,113.7,113.2,111.6,112.0,111.5,110.3,109.1,108.7,109.2,110.4,109.7,106.8,105.6,106.8,109.7,112.6,113.8,112.8,111.9,109.7,108.1,107.4,108.0,109.4,111.4,112.5,113.1,113.2,113.1,112.8,111.1,111.6,111.1,109.8,108.6,108.0,108.6,109.8,-3.4,-1.7,2.4,6.3,7.8,6.4,2.1,-1.9,-7.9,-6.0,-2.9,1.3,5.9,9.4,12.0,9.0,4.9,0.8,-2.9,-5.9,0.6,2.4,4.1,4.9,4.2,2.5,0.7,-0.0,45.4,47.1,51.2,55.4,57.1,55.4,51.3,46.9,41.6,43.9,47.2,51.8,56.4,60.3,62.9,60.2,56.5,52.4,48.2,44.4,49.5,51.3,53.1,53.8,53.1,51.3,49.4,48.7,-88.9,-93.2,-94.9,-93.1,-88.8,-84.3,-82.9,-84.7,-87.0,-89.7,-91.3,-92.1,-91.1,-88.9,-85.8,-84.2,-83.5,-83.3,-83.7,-84.9,-86.9,-86.2,-86.9,-88.8,-90.6,-91.4,-90.7,-88.8,-84.7,-89.0,-90.9,-89.2,-84.9,-80.6,-78.8,-80.2,-81.8,-84.8,-86.9,-87.9,-87.2,-85.6,-83.0,-81.0,-79.9,-79.5,-79.7,-80.2,-82.8,-82.1,-82.9,-84.8,-86.6,-87.4,-86.6,-84.7,618.4,618.8,618.1,616.8,615.5,615.2,615.7,617.1,623.5,620.7,617.7,615.6,615.0,615.4,616.1,615.1,614.5,615.2,617.2,620.3,617.8,617.2,616.9,617.1,617.6,618.2,618.5,618.3,583.1,584.2,585.0,584.9,584.1,583.0,582.3,582.5,584.3,583.2,582.3,582.2,583.6,586.0,588.4,585.5,582.9,581.4,581.5,582.8,583.8,583.8,584.1,584.6,585.0,585.0,584.7,584.2,29.5,-55.4,677.0,0.067,0.307,0.026,283.4,282.8,283.6,285.2,287.2,290.8,295.9,302.8,312.3,323.3,334.5,345.0,353.2,358.5,361.3,362.7,363.5,285.1,288.5,294.5,300.9,306.8,320.4,328.3,336.7,344.4,349.9,313.0,311.7,310.3,308.9,304.1,307.3,310.9,315.3,319.4,291.7,295.3,300.5,304.9,300.4,295.1,326.0,330.5,336.1,340.8,336.5,330.9,300.0,303.6,308.1,311.4,315.2,321.6,328.3,321.9,315.9,311.7,308.1,303.7,302.2,308.2,311.5,315.4,325.6,315.5,311.5,308.2,116.2,126.7,137.3,147.8,157.9,166.9,174.4,180.4,182.5,182.1,178.2,172.1,163.9,153.4,141.6,129.2,116.8,104.1,98.3,96.2,96.8,99.2,98.8,95.7,95.3,97.8,103.5,108.9,115.6,122.2,129.1,137.1,138.4,139.3,138.4,137.3,112.1,108.4,108.5,112.3,113.6,113.8,112.0,107.8,108.0,111.4,113.2,113.2,155.4,151.4,149.3,150.3,149.3,151.6,155.1,159.5,160.9,161.2,160.8,159.3,155.3,153.3,153.5,153.3,155.1,155.6,155.9,155.4,-24.6,-25.6,-24.2,-21.3,-17.6,-11.0,-1.9,9.8,25.4,43.9,63.2,81.8,96.6,105.9,110.8,112.8,114.4,-20.7,-14.6,-4.2,6.6,16.3,38.3,51.2,65.0,77.8,87.1,26.2,23.8,21.4,18.9,11.6,16.8,22.4,29.5,36.2,-9.0,-2.8,6.0,13.3,5.7,-3.2,47.9,55.1,64.2,72.0,64.8,55.8,5.1,10.9,18.0,23.2,29.3,39.8,51.1,40.3,30.5,23.8,18.1,11.0,8.6,18.2,23.5,29.7,46.6,29.9,23.6,18.2,-95.6,-76.4,-57.2,-38.2,-19.9,-3.7,9.4,19.4,22.5,21.8,15.5,5.4,-8.8,-26.8,-47.2,-68.4,-89.7,-113.1,-121.9,-123.7,-120.9,-115.6,-115.0,-119.8,-120.7,-116.7,-107.9,-98.8,-86.7,-75.1,-63.2,-52.2,-49.7,-47.9,-49.4,-51.1,-97.8,-103.3,-102.5,-95.6,-93.7,-94.0,-94.2,-100.8,-100.3,-94.8,-91.6,-91.8,-22.7,-28.8,-31.9,-30.2,-31.7,-28.2,-22.8,-15.4,-13.0,-12.6,-13.2,-16.0,-22.8,-25.5,-25.0,-25.4,-22.7,-21.6,-21.2,-22.1,737.9,737.4,737.0,736.9,732.0,722.6,708.8,691.0,679.9,679.5,687.4,695.7,700.8,703.1,703.1,701.4,701.6,711.9,703.4,693.5,683.3,676.0,668.3,667.3,668.7,669.5,671.8,670.2,662.6,654.9,647.3,667.2,662.4,658.5,658.3,659.0,701.6,695.6,690.7,687.5,690.4,695.0,674.4,672.3,670.6,671.6,669.5,671.2,682.6,668.6,661.8,659.1,657.3,660.1,666.8,660.2,658.0,659.8,662.7,670.0,678.3,663.5,660.4,658.9,665.5,659.3,660.9,664.0,0.600,-0.002,0.293,0.027,314.981,135.522,-16.905,-16.508,-17.577,17.954,-5.613,-0.024,6.146,3.215,5.537,5.397,-4.520,-0.375,-0.139,-4.603,0.672,0.442,0.061,-2.113,-0.627,0.527,1.254,-0.557,-0.908,0.760,0.438,-1.115,0.333,-0.066,-0.109,-0.060,0.027,-0.009,0.001,0.037,0.01,0.00,1.00,0.00,0.19,2.70,0.00,0.04,0.00,0.00,0.00,0.11,0.02,0.32,0.53,0.94,0.01,0.00,0.00,1.00,0.00,1.00,0.00,0.00,0.00,0.00,0.00,0.00,0.00,0.00,0.00,0.00,0.00,0.00,0.00
265,0,26.400,0.98,1,-0.150180,0.114851,-0.981965,-0.292557,0.115230,-0.949280,-0.225,0.119,294.6,295.8,298.4,301.0,302.0,301.1,298.2,295.6,291.7,292.9,294.9,297.7,300.7,303.0,304.7,302.7,300.0,297.3,294.9,293.0,297.3,298.4,299.5,300.0,299.6,298.5,297.3,296.8,328.6,329.7,332.5,335.4,336.6,335.5,332.7,329.6,325.9,327.5,329.9,333.0,336.2,338.7,340.3,338.7,336.3,333.5,330.6,327.9,331.3,332.6,333.8,334.3,333.8,332.5,331.3,330.8,110.1,107.4,106.2,107.2,109.9,112.8,113.8,112.8,111.8,109.8,108.5,107.8,108.4,109.8,111.9,112.9,113.3,113.5,113.4,112.9,111.3,111.8,111.3,110.1,108.9,108.4,109.0,110.2,109.5,106.6,105.4,106.6,109.4,112.3,113.5,112.6,111.6,109.4,107.9,107.2,107.8,109.2,111.2,112.3,112.8,113.0,112.8,112.5,110.8,111.4,110.8,109.6,108.3,107.8,108.3,109.6,-3.6,-1.9,2.1,6.1,7.6,6.2,1.8,-2.1,-8.1,-6.2,-3.2,1.0,5.6,9.2,11.7,8.7,4.6,0.5,-3.2,-6.2,0.4,2.1,3.9,4.6,4.0,2.3,0.5,-0.3,45.7,47.4,51.5,55.7,57.4,55.7,51.5,47.1,41.9,44.1,47.5,52.1,56.7,60.5,63.2,60.5,56.8,52.7,48.5,44.6,49.7,51.5,53.4,54.1,53.3,51.5,49.7,49.0,-90.1,-94.3,-96.1,-94.3,-90.0,-85.5,-84.1,-85.8,-88.1,-90.8,-92.5,-93.2,-92.3,-90.1,-87.0,-85.4,-84.7,-84.5,-84.9,-86.0,-88.1,-87.3,-88.1,-89.9,-91.8,-92.6,-91.8,-90.0,-86.1,-90.4,-92.3,-90.5,-86.3,-82.0,-80.2,-81.6,-83.2,-86.2,-88.3,-89.3,-88.5,-87.0,-84.4,-82.4,-81.3,-80.8,-81.1,-81.6,-84.2,-83.5,-84.3,-86.2,-88.0,-88.8,-88.0,-86.1,624.2,624.6,624.0,622.6,621.3,621.0,621.5,622.9,629.4,626.6,623.6,621.4,620.8,621.1,621.8,620.8,620.2,620.9,623.0,626.1,623.6,623.0,622.7,622.9,623.4,624.0,624.3,624.1,590.3,591.4,592.1,592.0,591.2,590.1,589.4,589.6,591.5,590.4,589.5,589.3,590.6,593.0,595.4,592.5,590.0,588.6,588.6,589.9,591.0,590.9,591.2,591.7,592.1,592.1,591.8,591.3,29.2,-56.7,681.1,0.059,0.304,0.029,283.2,282.5,283.2,284.7,286.7,290.3,295.4,302.3,311.8,323.0,334.3,344.9,353.2,358.4,361.2,362.5,363.5,285.0,288.5,294.4,300.8,306.6,320.3,328.2,336.5,344.2,349.7,312.8,311.5,310.1,308.6,303.8,307.0,310.6,315.0,319.2,291.6,295.2,300.4,304.7,300.2,295.0,325.8,330.2,335.8,340.4,336.2,330.7,299.7,303.6,307.9,311.1,314.9,321.1,327.8,321.3,315.4,311.3,307.8,303.5,301.8,308.0,311.2,315.1,325.1,315.1,311.1,307.9,116.1,126.5,137.1,147.5,157.4,166.3,173.4,179.1,181.0,180.6,176.9,171.1,163.1,152.8,141.2,129.0,116.8,103.9,98.2,96.2,96.8,99.2,98.6,95.7,95.3,97.7,103.2,108.7,115.4,122.1,129.0,136.8,138.1,139.0,138.1,137.1,111.9,108.2,108.3,112.0,113.3,113.6,111.7,107.6,107.8,111.1,112.9,112.9,154.6,151.0,149.1,150.1,149.1,151.1,154.2,157.7,158.7,159.0,158.7,157.5,154.4,153.0,153.2,152.9,154.2,153.7,154.0,153.6,-25.2,-26.3,-25.1,-22.3,-18.6,-11.9,-2.7,9.0,24.8,43.5,63.3,82.2,97.1,106.6,111.5,113.5,115.2,-21.0,-14.8,-4.4,6.4,16.0,38.4,51.4,65.2,78.0,87.5,26.1,23.7,21.1,18.6,11.2,16.4,22.0,29.2,36.0,-9.3,-3.0,5.7,13.0,5.4,-3.5,47.9,55.1,64.2,72.0,64.7,55.8,4.6,10.8,17.8,23.0,29.1,39.3,50.7,39.5,29.8,23.2,17.6,10.8,8.1,17.9,23.1,29.5,46.1,29.3,23.0,17.8,-96.4,-77.3,-58.1,-39.1,-20.9,-4.9,7.7,17.2,20.1,19.4,13.3,3.6,-10.3,-28.1,-48.3,-69.3,-90.5,-114.4,-122.9,-124.6,-121.8,-116.5,-116.0,-120.7,-121.7,-117.9,-109.1,-99.8,-87.6,-75.8,-63.8,-53.0,-50.5,-48.7,-50.2,-51.9,-98.9,-104.3,-103.5,-96.7,-94.8,-95.0,-95.4,-101.8,-101.3,-95.9,-92.7,-92.9,-24.2,-29.6,-32.5,-30.7,-32.2,-29.1,-24.3,-18.4,-16.6,-16.3,-16.8,-18.9,-24.3,-26.2,-25.8,-26.2,-24.2,-24.8,-24.4,-25.2,743.8,743.0,742.5,742.2,737.1,727.3,712.7,694.4,683.1,683.0,691.5,700.3,705.9,708.5,708.8,707.0,707.3,717.0,708.2,698.4,688.2,680.7,672.7,671.9,673.4,674.4,676.9,674.9,667.3,659.5,651.8,671.7,666.8,662.9,662.8,663.5,706.4,700.3,695.4,692.4,694.9,699.5,679.1,677.1,675.4,676.5,674.3,675.9,686.5,672.7,666.4,663.7,662.0,664.7,671.3,664.0,661.5,663.1,666.0,673.3,682.0,667.8,664.8,663.4,669.7,663.0,664.5,667.6,0.596,-0.011,0.290,0.029,314.716,134.945,-11.316,-16.332,-20.915,14.569,-5.128,3.520,4.851,2.273,4.478,6.103,-4.203,0.182,-0.530,-4.844,1.665,0.686,-0.594,-1.906,-0.555,0.324,1.471,-0.524,-1.029,0.446,0.702,-0.960,0.309,-0.103,-0.122,-0.076,0.018,0.019,0.006,0.028,0.06,0.00,1.00,0.00,0.08,2.71,0.00,0.00,0.00,0.00,0.02,0.02,0.00,0.52,0.15,0.35,0.01,0.00,0.00,1.00,0.00,1.00,0.00,0.00,0.00,0.00,0.00,0.00,0.00,0.00,0.00,0.00,0.00,0.00,0.00
266,0,26.500,0.98,1,-0.151391,0.109885,-0.982347,-0.294152,0.109847,-0.949425,-0.227,0.113,294.0,295.2,297.8,300.4,301.4,300.4,297.6,295.0,291.2,292.3,294.3,297.1,300.1,302.4,304.1,302.1,299.4,296.7,294.3,292.4,296.7,297.8,298.9,299.4,299.0,297.9,296.7,296.2,327.9,329.0,331.8,334.7,335.9,334.8,332.0,328.9,325.2,326.8,329.2,332.3,335.5,338.0,339.6,337.9,335.6,332.8,329.9,327.2,330.6,331.9,333.1,333.6,333.1,331.8,330.6,330.1,110.2,107.5,106.3,107.3,109.9,112.9,113.9,112.8,111.9,109.9,108.6,107.8,108.4,109.9,112.0,112.9,113.3,113.5,113.4,113.0,111.4,111.8,111.3,110.1,109.0,108.5,109.0,110.2,109.5,106.6,105.4,106.6,109.4,112.3,113.5,112.5,111.6,109.4,107.9,107.2,107.8,109.2,111.2,112.3,112.8,112.9,112.8,112.5,110.8,111.4,110.8,109.6,108.3,107.8,108.4,109.6,-4.6,-2.8,1.2,5.1,6.7,5.2,0.9,-3.0,-9.0,-7.2,-4.1,0.1,4.7,8.3,10.8,7.8,3.7,-0.4,-4.1,-7.1,-0.5,1.2,3.0,3.7,3.1,1.3,-0.4,-1.2,44.8,46.5,50.6,54.8,56.5,54.8,50.7,46.2,41.0,43.2,46.6,51.2,55.8,59.6,62.3,59.6,55.9,51.8,47.6,43.7,48.8,50.7,52.5,53.2,52.5,50.6,48.8,48.1,-90.3,-94.6,-96.3,-94.5,-90.2,-85.7,-84.3,-86.0,-88.3,-91.0,-92.7,-93.5,-92.5,-90.3,-87.2,-85.6,-84.9,-84.7,-85.1,-86.2,-88.3,-87.6,-88.3,-90.2,-92.0,-92.8,-92.1,-90.2,-86.3,-90.6,-92.5,-90.7,-86.5,-82.2,-80.4,-81.8,-83.4,-86.4,-88.5,-89.5,-88.7,-87.2,-84.6,-82.6,-81.5,-81.0,-81.2,-81.8,-84.4,-83.7,-84.5,-86.3,-88.2,-89.0,-88.2,-86.3,626.4,626.9,626.2,624.8,623.5,623.2,623.7,625.1,631.6,628.8,625.8,623.7,623.0,623.3,624.0,623.0,622.4,623.1,625.2,628.3,625.8,625.2,624.9,625.1,625.7,626.3,626.6,626.4,591.6,592.7,593.4,593.3,592.5,591.4,590.7,591.0,592.8,591.7,590.8,590.6,592.0,594.3,596.7,593.8,591.3,589.9,589.9,591.3,592.3,592.3,592.6,593.0,593.4,593.4,593.1,592.7,28.1,-56.9,681.2,0.050,0.308,0.030,282.6,282.0,282.6,284.1,286.0,289.6,294.7,301.6,311.1,322.4,333.8,344.5,352.7,357.9,360.6,361.9,362.9,284.4,287.8,293.8,300.1,306.0,319.6,327.5,335.8,343.5,349.1,312.2,310.8,309.4,308.0,303.2,306.4,309.9,314.3,318.5,291.1,294.6,299.7,304.0,299.5,294.4,325.1,329.5,335.1,339.7,335.5,330.0,299.0,302.8,307.2,310.4,314.2,320.4,327.2,320.5,314.5,310.4,306.9,302.7,301.1,307.2,310.4,314.4,324.4,314.3,310.3,307.1,116.2,126.6,137.2,147.6,157.5,166.2,173.3,178.9,180.8,180.4,176.7,171.0,163.1,152.8,141.2,129.0,116.8,104.1,98.2,96.2,96.7,99.0,98.5,95.5,95.1,97.6,103.2,108.6,115.3,121.9,128.8,136.7,138.0,138.9,138.0,136.9,112.0,108.3,108.3,112.0,113.4,113.6,111.7,107.6,107.8,111.1,112.9,112.9,154.4,150.9,149.0,150.0,149.0,151.0,154.1,157.4,158.4,158.6,158.3,157.2,154.3,152.8,153.0,152.7,154.1,153.5,153.7,153.3,-26.2,-27.3,-26.1,-23.5,-19.8,-13.2,-4.0,7.7,23.6,42.5,62.4,81.4,96.3,105.6,110.4,112.4,114.1,-22.1,-15.9,-5.5,5.3,14.9,37.3,50.3,64.1,76.9,86.4,25.1,22.6,20.1,17.5,10.1,15.3,21.0,28.1,34.9,-10.3,-4.1,4.7,11.9,4.3,-4.5,46.8,54.0,63.1,70.9,63.6,54.7,3.3,9.6,16.6,21.7,27.9,38.1,49.6,38.2,28.4,21.8,16.2,9.4,6.8,16.6,21.9,28.2,45.0,28.0,21.7,16.5,-96.4,-77.2,-58.0,-39.0,-20.8,-4.9,7.6,16.9,19.7,19.0,13.1,3.5,-10.3,-28.0,-48.2,-69.2,-90.4,-114.2,-123.0,-124.8,-122.1,-116.8,-116.3,-121.0,-122.0,-118.1,-109.2,-99.9,-87.8,-76.1,-64.2,-53.2,-50.7,-48.9,-50.4,-52.2,-98.8,-104.2,-103.5,-96.7,-94.8,-95.0,-95.4,-101.9,-101.4,-95.9,-92.8,-93.0,-24.5,-29.9,-32.7,-31.0,-32.5,-29.3,-24.5,-18.9,-17.2,-16.9,-17.4,-19.4,-24.6,-26.5,-26.0,-26.5,-24.5,-25.2,-24.9,-25.6,744.9,743.9,743.1,742.5,737.2,727.2,712.4,693.7,682.3,682.1,690.7,699.6,705.3,708.0,708.3,706.6,707.1,717.8,709.1,699.2,688.9,681.3,673.1,672.3,673.7,674.6,677.1,675.3,667.7,659.8,652.1,672.0,667.1,663.1,662.9,663.5,706.7,700.7,695.8,692.8,695.3,699.9,679.4,677.4,675.6,676.6,674.5,676.1,686.5,672.8,666.4,663.7,662.0,664.6,671.1,663.6,661.0,662.6,665.6,673.1,682.1,667.7,664.7,663.2,669.5,662.7,664.2,667.3,0.596,-0.019,0.296,0.030,314.041,134.855,-10.638,-15.919,-21.324,13.331,-5.383,3.651,4.484,2.211,4.354,6.554,-4.987,-0.015,-0.686,-4.729,1.496,0.962,-0.314,-1.747,-0.839,0.456,1.263,-0.506,-0.868,0.428,0.674,-0.989,0.251,-0.059,-0.129,-0.067,0.023,0.019,-0.001,0.035,0.06,0.00,1.04,0.00,0.08,2.91,0.00,0.00,0.00,0.00,0.02,0.00,0.00,0.58,0.00,0.04,0.00,0.00,0.00,1.00,0.00,1.00,1.00,0.00,0.00,0.00,0.00,0.00,0.00,0.00,0.00,0.00,0.00,0.00,0.00
267,0,26.600,0.98,1,-0.148950,0.109305,-0.982785,-0.292721,0.109430,-0.949915,-0.225,0.113,293.6,294.7,297.4,300.0,301.0,300.1,297.2,294.6,290.7,291.9,293.9,296.7,299.7,302.0,303.7,301.7,299.0,296.3,293.9,292.0,296.3,297.4,298.5,299.0,298.6,297.5,296.3,295.8,327.7,328.8,331.6,334.5,335.7,334.6,331.8,328.7,325.0,326.6,329.0,332.1,335.3,337.8,339.4,337.7,335.4,332.6,329.7,327.0,330.4,331.7,332.9,333.4,332.9,331.6,330.4,329.9,110.2,107.4,106.2,107.3,109.9,112.9,113.9,112.8,111.9,109.9,108.6,107.8,108.4,109.9,111.9,112.9,113.3,113.5,113.4,113.0,111.4,111.8,111.3,110.1,109.0,108.5,109.0,110.2,109.4,106.6,105.4,106.6,109.4,112.3,113.4,112.5,111.6,109.4,107.8,107.2,107.8,109.1,111.1,112.2,112.7,112.9,112.8,112.5,110.8,111.3,110.8,109.6,108.3,107.8,108.3,109.6,-5.2,-3.5,0.6,4.5,6.1,4.7,0.3,-3.6,-9.7,-7.8,-4.7,-0.5,4.1,7.6,10.2,7.2,3.1,-1.0,-4.7,-7.7,-1.1,0.6,2.3,3.1,2.4,0.7,-1.1,-1.8,44.4,46.1,50.2,54.4,56.1,54.4,50.2,45.8,40.6,42.8,46.2,50.8,55.4,59.2,61.9,59.2,55.5,51.4,47.2,43.3,48.4,50.2,52.1,52.8,52.1,50.2,48.4,47.7,-90.1,-94.4,-96.1,-94.3,-90.1,-85.5,-84.1,-85.9,-88.1,-90.8,-92.5,-93.3,-92.3,-90.2,-87.1,-85.5,-84.8,-84.5,-84.9,-86.0,-88.2,-87.4,-88.2,-90.0,-91.9,-92.6,-91.9,-90.0,-86.2,-90.5,-92.4,-90.6,-86.4,-82.1,-80.3,-81.7,-83.3,-86.3,-88.4,-89.3,-88.6,-87.0,-84.5,-82.5,-81.4,-80.9,-81.2,-81.7,-84.3,-83.6,-84.4,-86.2,-88.1,-88.9,-88.1,-86.2,625.1,625.5,624.9,623.5,622.2,621.8,622.4,623.7,630.2,627.4,624.4,622.3,621.7,622.0,622.7,621.7,621.1,621.8,623.9,626.9,624.4,623.8,623.5,623.7,624.3,624.9,625.2,625.0,590.7,591.7,592.4,592.3,591.4,590.4,589.7,590.0,591.9,590.8,589.8,589.6,590.9,593.3,595.6,592.7,590.2,588.8,588.9,590.3,591.3,591.2,591.5,592.0,592.4,592.4,592.1,591.7,27.7,-56.8,679.9,0.050,0.304,0.028,282.2,281.7,282.4,283.9,285.8,289.4,294.6,301.5,311.0,322.3,333.7,344.3,352.6,357.7,360.4,361.7,362.6,283.9,287.3,293.3,299.7,305.5,319.4,327.3,335.7,343.4,348.9,311.9,310.6,309.2,307.8,302.9,306.2,309.7,314.1,318.2,290.6,294.2,299.3,303.6,299.1,294.0,324.9,329.3,334.9,339.6,335.2,329.8,298.8,302.5,306.9,310.2,314.0,320.2,327.0,320.4,314.4,310.3,306.8,302.5,300.9,307.0,310.3,314.2,324.2,314.1,310.2,306.9,116.2,126.6,137.2,147.6,157.6,166.3,173.4,179.0,180.9,180.4,176.7,170.9,162.9,152.7,141.1,129.0,116.8,104.2,98.4,96.2,96.7,99.1,98.6,95.6,95.2,97.7,103.3,108.6,115.2,121.7,128.5,136.6,137.8,138.7,137.8,136.7,112.0,108.3,108.3,112.0,113.3,113.6,111.7,107.6,107.8,111.1,112.8,112.9,154.5,150.8,148.9,149.8,148.9,150.9,154.2,157.6,158.7,158.9,158.6,157.5,154.3,152.7,152.9,152.6,154.1,153.6,153.9,153.5,-26.9,-27.9,-26.6,-23.9,-20.1,-13.5,-4.2,7.6,23.4,42.2,62.1,81.1,95.9,105.1,109.9,111.8,113.5,-22.9,-16.8,-6.4,4.5,14.2,36.9,49.9,63.8,76.6,86.0,24.6,22.1,19.7,17.1,9.8,15.0,20.6,27.7,34.5,-11.0,-4.8,4.0,11.3,3.7,-5.2,46.3,53.6,62.7,70.5,63.1,54.2,3.0,9.1,16.2,21.4,27.5,37.7,49.2,37.9,28.2,21.5,15.9,9.1,6.5,16.3,21.5,27.9,44.6,27.7,21.4,16.2,-96.3,-77.1,-57.8,-38.8,-20.7,-4.7,7.7,17.0,19.8,19.1,13.0,3.3,-10.5,-28.2,-48.3,-69.2,-90.4,-113.8,-122.5,-124.5,-121.8,-116.6,-116.0,-120.7,-121.7,-117.8,-108.9,-99.8,-87.8,-76.2,-64.5,-53.3,-50.9,-49.1,-50.6,-52.3,-98.6,-104.0,-103.3,-96.6,-94.7,-94.9,-95.3,-101.8,-101.3,-95.9,-92.7,-92.9,-24.3,-29.9,-32.8,-31.1,-32.6,-29.4,-24.4,-18.5,-16.7,-16.4,-16.9,-19.0,-24.5,-26.5,-26.1,-26.5,-24.3,-24.9,-24.6,-25.3,743.8,742.9,742.2,741.6,736.1,726.1,711.2,692.7,681.3,681.2,689.8,698.7,704.3,707.0,707.3,705.7,706.3,716.6,707.9,698.1,687.8,680.2,672.3,671.6,673.1,674.0,676.5,674.1,666.4,658.5,650.7,670.6,665.8,661.8,661.6,662.2,705.5,699.5,694.7,691.6,694.1,698.7,678.6,676.6,674.9,675.9,673.7,675.3,685.1,671.4,664.9,662.2,660.6,663.3,670.0,662.6,660.0,661.6,664.5,672.0,680.7,666.3,663.3,661.9,668.4,661.5,663.0,666.1,0.597,-0.020,0.293,0.028,313.806,134.864,-10.149,-14.917,-20.615,13.867,-5.466,2.381,4.454,2.487,5.377,6.237,-4.850,0.290,-0.146,-4.850,1.326,0.935,-0.340,-1.931,-0.919,0.183,1.237,-0.613,-0.833,0.496,0.675,-1.069,0.282,-0.025,-0.129,-0.061,0.018,0.019,-0.004,0.038,0.05,0.00,1.08,0.00,0.10,2.94,0.00,0.00,0.00,0.00,0.02,0.00,0.00,0.55,0.06,0.07,0.03,0.00,0.00,1.00,0.00,1.00,1.00,0.00,0.00,0.00,0.00,0.00,0.00,0.00,0.00,0.00,0.00,0.00,0.00
268,0,26.700,0.98,1,-0.147425,0.109269,-0.983019,-0.289400,0.111146,-0.950734,-0.222,0.113,293.1,294.2,296.9,299.5,300.5,299.6,296.8,294.2,290.2,291.4,293.4,296.2,299.2,301.6,303.3,301.3,298.6,295.9,293.5,291.5,295.8,296.9,298.1,298.6,298.1,297.0,295.8,295.3,327.3,328.4,331.3,334.2,335.5,334.4,331.5,328.4,324.6,326.3,328.6,331.8,335.0,337.5,339.2,337.5,335.1,332.3,329.4,326.7,330.1,331.4,332.7,333.1,332.6,331.3,330.1,329.6,110.1,107.3,106.1,107.1,109.8,112.7,113.8,112.7,111.9,109.9,108.5,107.7,108.2,109.7,111.8,112.8,113.2,113.4,113.4,112.9,111.3,111.7,111.2,110.0,108.8,108.4,108.9,110.1,109.1,106.2,104.9,106.1,109.0,111.8,113.1,112.2,111.2,109.0,107.4,106.7,107.4,108.7,110.7,111.8,112.3,112.5,112.4,112.1,110.4,110.9,110.4,109.1,107.9,107.4,107.9,109.2,-5.9,-4.2,-0.2,3.7,5.3,4.0,-0.4,-4.3,-10.4,-8.6,-5.5,-1.3,3.3,6.9,9.5,6.5,2.4,-1.7,-5.4,-8.4,-1.9,-0.1,1.6,2.4,1.7,-0.1,-1.8,-2.6,43.5,45.2,49.3,53.5,55.3,53.6,49.5,45.0,39.8,42.0,45.4,49.9,54.6,58.4,61.1,58.4,54.7,50.6,46.4,42.5,47.6,49.4,51.3,52.0,51.2,49.4,47.6,46.8,-89.7,-94.0,-95.8,-94.1,-89.8,-85.3,-83.8,-85.5,-87.7,-90.4,-92.1,-92.9,-92.0,-89.9,-86.9,-85.2,-84.5,-84.2,-84.6,-85.6,-87.8,-87.1,-87.8,-89.7,-91.6,-92.3,-91.5,-89.7,-86.0,-90.4,-92.2,-90.5,-86.3,-82.0,-80.1,-81.5,-83.1,-86.1,-88.2,-89.2,-88.5,-87.0,-84.4,-82.4,-81.3,-80.8,-81.0,-81.6,-84.2,-83.4,-84.2,-86.1,-88.0,-88.7,-87.9,-86.0,621.5,622.0,621.4,620.0,618.7,618.3,618.8,620.2,626.6,623.9,620.9,618.8,618.2,618.6,619.2,618.2,617.6,618.2,620.3,623.4,620.9,620.3,620.0,620.2,620.8,621.4,621.7,621.5,585.7,586.9,587.6,587.5,586.6,585.5,584.8,585.1,586.9,585.8,584.9,584.7,586.1,588.4,590.8,587.9,585.3,583.9,584.0,585.3,586.4,586.3,586.6,587.1,587.5,587.6,587.3,586.8,27.2,-56.4,676.2,0.055,0.302,0.019,281.8,281.4,282.2,283.8,285.9,289.5,294.8,301.7,311.3,322.5,333.8,344.3,352.5,357.6,360.3,361.5,362.3,283.4,286.6,292.6,299.1,305.1,318.8,326.8,335.2,343.0,348.5,311.4,310.2,308.9,307.5,302.7,306.0,309.6,314.0,318.2,290.1,293.7,298.9,303.2,298.7,293.5,324.5,329.0,334.6,339.3,335.0,329.5,298.7,302.3,306.8,310.1,314.0,320.4,327.2,320.7,314.7,310.4,306.8,302.5,300.8,306.9,310.2,314.2,324.4,314.3,310.3,306.9,116.2,126.7,137.3,147.7,157.7,166.5,173.8,179.5,181.4,180.8,176.9,171.0,162.8,152.5,140.8,128.6,116.4,104.5,98.4,96.2,96.5,98.9,98.3,95.3,94.8,97.3,103.0,108.4,115.0,121.5,128.3,136.5,137.7,138.5,137.6,136.5,111.9,108.2,108.2,111.9,113.2,113.5,111.3,107.2,107.3,110.7,112.4,112.5,154.9,150.9,148.7,149.7,148.7,150.9,154.3,158.2,159.6,159.9,159.6,158.2,154.6,152.7,152.9,152.6,154.3,154.4,154.7,154.3,-27.5,-28.3,-26.7,-23.8,-19.9,-13.2,-3.8,7.9,23.7,42.4,61.9,80.6,95.4,104.5,109.1,111.0,112.5,-23.8,-17.9,-7.5,3.5,13.5,35.7,48.7,62.7,75.6,85.0,23.7,21.4,19.1,16.7,9.3,14.6,20.2,27.3,34.1,-11.8,-5.6,3.1,10.5,2.9,-5.9,45.5,52.8,61.9,69.7,62.4,53.5,2.9,8.7,15.8,21.1,27.3,37.8,49.3,38.3,28.4,21.7,15.9,8.9,6.4,16.1,21.4,27.8,44.7,27.8,21.4,16.1,-95.7,-76.5,-57.4,-38.5,-20.3,-4.4,8.3,17.7,20.6,19.7,13.3,3.3,-10.6,-28.4,-48.6,-69.5,-90.7,-112.7,-121.7,-123.9,-121.4,-116.2,-115.8,-120.7,-121.7,-117.8,-108.9,-99.6,-87.7,-76.2,-64.5,-53.1,-50.8,-49.1,-50.6,-52.4,-98.1,-103.6,-103.0,-96.3,-94.4,-94.5,-95.3,-101.9,-101.4,-96.1,-92.9,-93.0,-23.6,-29.7,-32.8,-31.1,-32.7,-29.3,-24.0,-17.4,-15.1,-14.7,-15.3,-17.6,-23.8,-26.4,-26.0,-26.4,-24.0,-23.6,-23.2,-23.9,739.1,738.3,737.7,737.3,732.0,722.2,707.8,689.5,678.1,677.9,686.2,695.1,700.7,703.3,703.6,702.2,702.8,712.7,704.1,694.1,683.7,676.2,668.9,668.1,669.6,670.5,673.0,670.2,662.4,654.4,646.6,666.7,661.8,657.8,657.6,658.2,701.6,695.6,690.8,687.7,690.3,694.8,674.8,672.9,671.2,672.2,670.0,671.6,681.5,667.6,660.8,658.1,656.5,659.3,666.2,659.1,656.7,658.4,661.3,668.8,677.1,662.5,659.4,658.0,664.8,658.0,659.6,662.7,0.600,-0.014,0.290,0.019,313.644,134.883,-11.763,-15.360,-18.252,16.340,-5.729,0.403,5.117,3.147,6.533,6.515,-4.705,0.264,0.499,-4.340,0.604,0.938,-0.109,-1.998,-0.722,0.160,1.211,-0.649,-0.667,0.535,0.555,-1.175,0.305,-0.011,-0.118,-0.052,0.013,0.004,0.000,0.054,0.00,0.00,1.05,0.00,0.19,2.84,0.00,0.00,0.00,0.00,0.03,0.00,0.00,0.46,0.11,0.32,0.14,0.00,0.00,1.00,0.00,1.00,1.00,0.00,0.00,0.00,0.00,0.00,0.00,0.00,0.00,0.00,0.00,0.00,0.00
269,0,26.800,0.98,1,-0.141635,0.060165,-0.988089,-0.282307,0.070802,-0.956708,-0.215,0.067,293.0,293.9,296.5,299.1,300.4,299.7,296.9,294.2,290.1,291.2,293.1,295.9,298.9,301.4,303.2,301.3,298.7,295.9,293.5,291.5,295.7,296.9,298.0,298.4,297.9,296.7,295.6,295.2,326.8,327.7,330.4,333.4,334.9,334.1,331.3,328.1,324.2,325.7,328.0,331.2,334.3,336.9,338.7,337.2,334.8,332.1,329.1,326.3,329.7,331.0,332.2,332.6,332.0,330.6,329.4,329.1,108.6,105.8,104.4,105.2,107.7,110.7,111.9,111.1,110.8,108.7,107.0,106.0,106.3,107.6,109.5,110.6,111.1,111.5,111.7,111.6,109.6,110.0,109.3,108.1,107.0,106.7,107.3,108.5,104.8,101.9,100.5,101.4,104.2,107.1,108.5,107.8,107.2,104.9,103.2,102.3,102.7,103.9,105.7,106.8,107.4,107.8,107.9,107.9,106.0,106.4,105.8,104.5,103.3,102.9,103.5,104.8,-6.2,-4.7,-0.8,3.3,5.1,4.0,-0.2,-4.3,-10.6,-8.9,-5.9,-1.7,2.9,6.7,9.5,6.5,2.5,-1.6,-5.3,-8.5,-2.0,-0.2,1.5,2.2,1.3,-0.4,-2.2,-2.8,42.8,44.1,48.1,52.4,54.5,53.1,49.1,44.6,39.1,41.2,44.4,48.9,53.6,57.5,60.4,57.8,54.2,50.1,45.9,42.0,47.0,48.9,50.6,51.2,50.3,48.4,46.7,46.1,-92.3,-96.6,-98.7,-97.3,-93.2,-88.6,-86.8,-88.2,-89.6,-92.5,-94.6,-95.9,-95.3,-93.4,-90.6,-88.8,-87.9,-87.3,-87.3,-87.9,-90.6,-90.0,-90.9,-92.8,-94.6,-95.2,-94.3,-92.4,-92.0,-96.4,-98.6,-97.2,-93.1,-88.7,-86.6,-87.6,-88.7,-91.9,-94.2,-95.6,-95.2,-93.9,-91.6,-89.5,-88.2,-87.5,-87.4,-87.5,-90.4,-89.8,-90.8,-92.7,-94.5,-95.1,-94.1,-92.2,623.4,624.3,623.9,622.5,620.9,620.2,620.5,621.9,628.3,625.8,623.0,621.1,620.6,620.8,621.4,620.1,619.4,619.9,621.9,624.9,622.8,622.2,622.0,622.4,623.1,623.7,623.9,623.5,585.1,586.5,587.4,587.3,586.3,585.0,584.1,584.3,586.1,585.2,584.4,584.4,585.8,588.2,590.5,587.5,584.8,583.3,583.3,584.5,585.8,585.8,586.2,586.7,587.2,587.2,586.8,586.2,28.8,-62.2,679.5,-0.006,0.294,-0.019,281.9,281.6,283.0,285.3,288.0,292.0,297.6,304.7,314.2,325.0,335.7,345.7,353.7,358.6,360.9,361.7,361.8,283.4,287.0,292.8,299.1,304.8,317.8,325.3,333.4,341.1,347.0,311.1,310.2,309.4,308.4,303.7,307.0,310.7,315.1,319.3,290.0,293.5,298.6,303.2,298.7,293.5,324.1,328.5,334.0,338.9,334.7,329.2,300.6,303.6,308.1,311.6,315.5,322.3,329.2,323.2,317.1,312.8,309.0,304.3,302.8,308.5,311.9,315.9,326.5,316.4,312.3,308.7,116.3,126.6,137.2,147.5,157.4,165.9,172.7,177.5,178.7,178.0,174.4,168.6,160.5,150.0,137.9,125.2,112.6,103.4,97.4,95.1,94.8,96.5,94.8,91.3,90.4,92.2,97.3,104.8,111.2,117.5,124.0,132.7,133.6,134.1,132.8,131.6,110.9,106.8,106.3,109.5,111.1,111.9,107.4,102.9,102.7,105.7,107.5,107.9,152.0,146.2,143.2,143.9,142.6,145.0,149.2,154.1,156.1,156.7,156.7,155.6,151.4,147.6,147.4,146.9,149.3,150.7,151.3,151.2,-27.5,-27.9,-25.3,-21.1,-16.2,-8.8,1.0,13.0,28.6,46.4,65.0,83.0,97.5,106.6,110.8,112.3,112.9,-23.9,-17.5,-7.2,3.6,13.1,34.6,47.0,60.5,73.5,83.4,23.4,21.7,20.0,18.3,11.0,16.4,22.2,29.4,36.3,-12.2,-6.1,2.8,10.6,2.9,-6.0,45.3,52.5,61.6,69.7,62.5,53.5,6.0,10.9,18.1,23.5,29.9,41.0,52.7,42.4,32.4,25.5,19.5,12.1,9.7,18.7,24.1,30.6,48.2,31.4,24.8,19.1,-95.9,-76.9,-57.6,-38.8,-20.9,-5.5,6.3,14.4,16.1,14.9,9.1,-0.6,-14.7,-32.9,-53.9,-76.1,-98.2,-115.4,-124.7,-127.2,-125.9,-121.8,-123.4,-129.1,-130.9,-127.9,-119.6,-106.7,-94.9,-83.6,-72.0,-59.6,-57.8,-56.7,-58.6,-60.7,-101.0,-107.3,-107.4,-101.2,-98.9,-98.3,-103.0,-110.2,-110.4,-105.4,-102.1,-101.6,-28.6,-37.4,-41.9,-40.6,-42.5,-39.0,-32.4,-24.1,-20.8,-19.8,-19.9,-22.1,-29.2,-34.9,-35.0,-35.8,-32.2,-29.6,-28.8,-29.1,742.6,740.2,738.6,737.5,732.4,722.5,708.2,689.3,677.7,677.2,685.8,695.8,702.5,706.6,708.1,708.4,710.4,718.2,711.2,702.4,693.0,686.0,678.4,678.0,679.4,680.0,681.0,678.5,670.0,661.5,652.9,671.4,666.0,661.7,661.8,662.8,709.1,703.5,698.8,694.7,697.6,702.0,682.1,680.9,679.2,679.5,677.1,678.7,684.0,669.8,663.0,659.9,658.4,661.0,667.7,660.4,657.7,659.7,662.8,670.7,679.6,664.3,660.9,659.4,666.7,660.0,661.8,665.2,0.596,-0.078,0.279,-0.021,314.486,131.621,-16.647,-21.067,-12.567,19.117,-10.354,-2.605,9.929,7.678,3.868,2.375,-3.060,1.152,0.072,-3.000,0.157,1.469,0.475,-0.954,-0.318,0.287,1.263,0.867,0.206,0.762,0.407,-1.131,0.496,0.020,-0.061,-0.087,0.081,-0.028,-0.028,0.028,0.14,0.00,0.86,0.00,0.24,2.65,0.00,0.00,0.00,0.00,0.03,0.00,0.17,0.43,0.11,0.32,0.25,0.00,0.00,1.00,0.00,1.00,1.00,0.00,0.00,0.00,0.00,0.00,0.00,0.00,0.00,0.00,0.00,0.00,0.00
270,0,26.900,0.98,1,-0.102392,0.060058,-0.992930,-0.238392,0.088114,-0.967164,-0.172,0.075,293.0,293.6,296.1,298.9,300.5,300.1,297.4,294.5,290.2,291.2,293.1,295.8,298.9,301.5,303.6,301.8,299.2,296.4,293.9,291.7,295.9,297.1,298.2,298.5,297.8,296.6,295.5,295.2,326.9,327.4,330.0,333.1,335.0,334.4,331.8,328.5,324.5,325.8,328.0,331.1,334.3,336.9,338.8,337.4,335.2,332.5,329.6,326.7,329.9,331.3,332.4,332.6,331.8,330.5,329.4,329.1,112.5,109.6,107.9,108.4,110.9,114.0,115.5,115.0,115.0,112.8,111.0,109.7,109.7,110.7,112.4,113.6,114.4,115.1,115.6,115.6,113.3,113.5,112.8,111.5,110.4,110.2,110.9,112.2,105.5,102.4,100.7,101.4,104.0,107.0,108.7,108.4,108.1,105.7,103.7,102.5,102.6,103.5,105.2,106.4,107.2,107.8,108.2,108.5,106.4,106.7,105.9,104.6,103.4,103.2,103.9,105.2,-6.0,-5.1,-1.4,2.9,5.2,4.6,0.5,-3.7,-10.3,-8.8,-5.9,-1.8,2.9,6.8,9.8,7.1,3.2,-0.8,-4.6,-7.9,-1.7,0.2,1.8,2.2,1.2,-0.6,-2.2,-2.7,42.3,43.2,47.0,51.4,53.9,53.0,49.3,44.6,39.0,40.8,43.9,48.2,52.9,56.9,59.9,57.6,54.2,50.2,46.0,42.0,46.7,48.6,50.3,50.7,49.6,47.6,46.0,45.6,-84.6,-89.1,-91.6,-90.6,-86.7,-82.0,-79.7,-80.7,-81.5,-84.5,-86.8,-88.5,-88.4,-87.0,-84.6,-82.6,-81.3,-80.2,-79.8,-80.1,-83.4,-83.0,-84.1,-86.0,-87.7,-88.2,-87.1,-85.1,-90.0,-94.5,-97.1,-96.2,-92.3,-87.8,-85.3,-85.8,-86.4,-89.7,-92.4,-94.1,-94.2,-93.4,-91.4,-89.1,-87.5,-86.4,-85.8,-85.5,-88.8,-88.4,-89.6,-91.5,-93.2,-93.6,-92.5,-90.5,611.2,612.0,611.7,610.5,609.1,608.4,608.5,609.7,615.9,613.3,610.7,608.9,608.5,609.0,609.7,608.4,607.5,607.9,609.7,612.6,610.7,610.2,610.1,610.4,611.0,611.6,611.7,611.3,578.0,579.4,580.4,580.5,579.6,578.3,577.2,577.3,578.8,578.0,577.3,577.5,579.1,581.6,584.1,581.0,578.2,576.5,576.3,577.4,578.8,578.9,579.3,579.9,580.3,580.3,579.8,579.2,33.4,-61.7,687.9,0.011,0.220,-0.112,281.8,282.1,283.9,286.7,289.9,294.6,301.2,309.8,320.0,330.8,340.9,350.2,357.4,361.5,362.6,362.2,361.1,282.7,285.6,291.5,298.2,304.3,316.5,323.8,331.9,339.9,346.3,311.3,311.5,311.6,311.7,306.9,310.7,314.6,318.9,323.0,290.1,293.3,298.5,303.7,299.2,294.0,324.4,328.4,333.9,339.0,335.1,329.7,304.8,308.4,313.0,316.6,320.6,327.4,334.6,329.1,323.2,318.8,314.9,309.8,307.2,313.6,317.1,321.3,332.1,321.8,317.6,313.9,121.1,130.5,140.0,149.4,158.6,166.5,172.6,177.1,177.7,176.3,172.2,166.1,157.7,147.0,134.9,122.3,109.9,107.6,101.3,98.3,97.4,98.6,95.6,91.1,89.5,90.9,95.7,107.0,113.1,119.2,125.5,134.8,135.4,135.5,133.9,132.4,115.1,110.7,109.7,112.5,114.4,115.7,108.2,103.4,102.7,105.1,107.3,108.3,153.6,148.2,145.0,145.3,143.7,145.1,148.1,153.1,155.3,156.4,156.7,156.3,153.0,149.2,148.6,147.7,148.4,150.4,151.3,151.5,-27.8,-27.0,-23.8,-18.8,-12.9,-4.3,7.4,21.9,38.8,57.2,75.2,92.8,106.8,114.8,117.3,116.6,115.0,-25.4,-20.1,-9.6,2.0,12.4,32.9,45.2,59.1,73.0,84.1,24.1,24.1,24.0,23.8,16.5,22.6,29.0,36.1,43.0,-12.2,-6.5,2.6,11.5,3.9,-5.2,46.5,53.3,62.6,71.4,64.5,55.3,13.2,19.0,26.3,32.2,38.6,50.2,62.8,52.9,42.9,35.7,29.4,21.3,17.2,27.3,33.1,39.8,58.4,40.7,33.9,27.9,-87.4,-70.1,-52.8,-35.6,-18.8,-4.5,6.4,13.9,14.6,12.3,5.5,-5.1,-20.0,-39.2,-61.0,-83.5,-106.0,-109.2,-119.3,-123.1,-123.1,-119.8,-123.8,-131.5,-134.8,-132.8,-125.1,-104.6,-93.1,-81.9,-70.6,-57.0,-55.6,-55.1,-57.8,-60.5,-94.8,-101.7,-102.7,-97.6,-94.5,-92.8,-103.3,-111.4,-112.6,-108.6,-104.4,-102.8,-26.1,-34.6,-39.5,-38.8,-41.5,-39.4,-34.9,-26.3,-22.3,-20.7,-20.2,-21.2,-27.1,-32.8,-33.5,-34.9,-34.3,-30.5,-29.1,-28.8,745.2,742.4,741.1,741.8,739.1,731.0,717.9,699.6,688.5,689.5,699.8,712.3,721.1,726.8,729.2,729.6,731.6,726.0,719.0,710.2,700.8,694.6,688.2,688.8,692.0,694.2,696.5,688.3,679.6,670.8,661.9,680.3,675.5,671.8,672.7,674.5,717.3,711.7,707.5,704.2,706.6,710.3,693.5,693.1,692.3,693.5,690.4,691.1,693.1,678.7,672.4,669.7,668.5,672.6,681.1,672.0,667.6,669.1,671.7,679.7,688.8,673.8,670.7,669.6,679.6,669.8,671.2,674.2,0.587,-0.056,0.185,-0.113,316.947,132.392,-10.164,-32.256,-13.943,19.543,-10.572,-2.183,5.260,8.474,1.719,8.132,-4.332,0.684,-1.365,-3.404,-0.337,1.643,-0.532,-3.244,-0.584,0.436,1.644,0.865,-0.170,0.788,0.441,-1.139,0.355,-0.033,-0.048,-0.078,0.045,-0.017,-0.009,0.054,0.38,0.08,0.81,0.00,0.23,2.39,0.00,0.00,0.00,0.00,0.03,0.00,0.19,0.26,0.15,0.39,0.34,0.00,1.00,1.00,0.00,1.00,0.00,0.00,0.00,0.00,0.00,0.00,0.00,0.00,0.00,0.00,0.00,0.00,0.00
271,0,27.000,0.98,1,-0.061527,0.080204,-0.994878,-0.198490,0.116986,-0.973096,-0.131,0.100,293.5,294.0,296.4,299.4,301.1,300.9,298.2,295.3,290.7,291.7,293.6,296.3,299.5,302.2,304.3,302.6,300.0,297.3,294.7,292.4,296.5,297.8,298.9,299.1,298.3,297.1,296.0,295.8,327.7,328.0,330.5,333.6,335.6,335.2,332.8,329.5,325.4,326.6,328.7,331.7,334.9,337.5,339.4,338.2,336.1,333.5,330.6,327.7,330.7,332.1,333.2,333.3,332.4,331.1,330.0,329.8,116.8,113.8,111.9,112.3,114.8,118.0,119.6,119.2,119.3,117.1,115.2,113.8,113.7,114.5,116.1,117.5,118.4,119.3,119.8,119.9,117.4,117.6,116.8,115.5,114.4,114.2,115.0,116.3,108.0,104.9,103.1,103.6,106.1,109.2,111.1,110.9,110.8,108.3,106.2,104.9,104.8,105.5,107.0,108.4,109.4,110.2,110.7,111.1,108.8,109.0,108.2,106.8,105.7,105.5,106.3,107.7,-5.1,-4.4,-0.8,3.5,6.1,5.7,1.8,-2.6,-9.3,-7.9,-5.1,-1.0,3.6,7.6,10.8,8.2,4.4,0.4,-3.4,-6.8,-0.7,1.2,2.8,3.1,2.0,0.1,-1.5,-1.8,43.4,44.0,47.6,52.1,54.8,54.2,50.6,45.9,40.2,41.9,44.8,49.1,53.7,57.6,60.7,58.6,55.4,51.5,47.3,43.4,47.8,49.7,51.3,51.6,50.4,48.4,46.8,46.6,-77.1,-81.6,-84.3,-83.6,-79.8,-75.0,-72.6,-73.3,-73.9,-76.9,-79.3,-81.1,-81.3,-80.2,-78.0,-75.8,-74.2,-73.0,-72.4,-72.6,-76.1,-75.8,-77.0,-79.0,-80.6,-80.9,-79.8,-77.8,-86.2,-90.8,-93.6,-93.0,-89.2,-84.7,-81.9,-82.1,-82.5,-85.8,-88.7,-90.7,-91.1,-90.5,-88.7,-86.2,-84.4,-83.1,-82.2,-81.8,-85.3,-85.1,-86.3,-88.3,-89.9,-90.2,-89.0,-87.0,602.3,603.0,602.8,601.7,600.5,600.0,600.0,601.1,607.0,604.4,601.7,600.0,599.8,600.5,601.4,600.1,599.0,599.3,601.0,603.9,602.0,601.6,601.5,601.8,602.3,602.8,602.9,602.6,577.2,578.5,579.6,579.9,579.2,577.9,576.8,576.7,578.0,577.1,576.6,576.8,578.6,581.3,584.0,580.8,577.9,576.1,575.7,576.7,578.3,578.4,578.9,579.4,579.7,579.6,579.1,578.6,37.4,-57.1,690.2,0.043,0.170,-0.184,281.5,282.7,285.1,288.5,292.4,298.0,305.5,315.1,325.8,336.5,345.6,353.8,359.8,362.5,362.7,361.4,359.5,282.4,285.1,291.0,297.9,304.5,317.2,323.9,331.5,339.2,345.5,312.7,313.6,314.5,315.4,310.4,314.3,318.4,322.4,326.2,290.6,293.8,299.1,304.4,300.1,294.8,325.3,329.0,334.5,339.6,336.0,330.7,308.5,312.3,316.8,320.7,324.5,331.2,338.0,333.4,327.9,323.5,319.5,314.0,311.0,317.7,321.4,325.4,335.6,326.2,322.0,318.2,125.6,135.1,144.5,153.8,162.9,170.6,176.6,180.7,180.6,178.2,172.8,165.4,156.2,145.2,133.2,120.9,108.9,111.8,105.3,101.8,100.6,101.6,98.0,93.1,91.1,92.0,96.2,110.3,116.4,122.5,128.9,138.4,138.8,138.8,137.0,135.2,119.4,114.9,113.7,116.1,118.5,119.9,110.8,106.0,104.8,107.0,109.5,110.8,157.5,151.7,148.3,148.4,146.6,147.7,150.5,156.2,159.0,160.2,160.7,160.3,156.7,152.6,151.9,150.8,151.0,153.9,155.0,155.4,-28.2,-26.0,-21.5,-15.5,-8.4,1.8,15.0,31.3,49.0,67.3,84.1,100.1,111.8,117.6,118.1,115.8,112.5,-25.8,-20.9,-10.5,1.6,12.7,34.1,45.6,58.8,72.2,83.2,26.5,27.8,28.9,29.9,22.4,28.8,35.4,42.2,48.6,-11.2,-5.6,3.6,12.8,5.3,-3.8,48.3,54.6,63.9,72.7,66.4,57.2,19.6,25.5,32.8,39.0,45.3,56.8,69.0,60.5,50.9,43.7,37.2,28.5,23.8,34.3,40.3,47.0,64.7,48.2,41.4,35.1,-78.9,-61.5,-44.5,-27.6,-11.1,2.9,13.4,20.2,19.8,15.7,6.6,-6.3,-22.8,-42.7,-64.4,-86.5,-108.3,-101.2,-111.7,-116.5,-117.3,-114.7,-120.0,-128.5,-132.6,-131.7,-124.8,-99.2,-87.7,-76.7,-65.4,-51.1,-50.2,-50.1,-53.1,-56.2,-86.9,-94.0,-95.6,-91.1,-87.4,-85.2,-99.2,-107.4,-109.3,-106.0,-101.2,-99.0,-19.6,-28.8,-34.3,-33.9,-37.0,-35.4,-31.1,-21.2,-16.5,-14.6,-13.7,-14.6,-20.8,-27.3,-28.3,-30.1,-30.2,-24.9,-23.1,-22.5,742.3,740.5,740.2,741.6,739.3,731.9,720.2,703.6,693.9,695.8,706.3,718.7,727.0,731.9,733.7,733.7,735.0,722.0,715.9,707.9,699.6,694.6,690.0,691.1,694.7,697.5,700.0,689.4,681.2,673.1,664.8,682.4,678.5,675.3,676.4,678.1,714.7,709.4,705.9,703.3,705.4,708.5,695.8,695.6,695.4,697.2,693.9,694.1,694.6,681.1,675.2,673.0,672.3,676.9,686.2,677.3,672.8,673.6,675.7,682.6,690.8,676.9,674.3,673.6,684.4,674.5,675.3,677.8,0.585,-0.016,0.125,-0.184,319.238,135.219,-18.315,-26.856,-16.331,19.896,-10.549,-6.225,3.834,6.825,0.019,9.056,-5.009,0.990,-0.727,-2.892,-0.506,0.900,-0.545,-3.207,-1.327,0.426,0.094,0.603,0.181,0.501,-0.066,-1.181,0.368,0.002,-0.114,-0.030,0.057,0.018,-0.007,0.038,0.63,0.11,0.81,0.00,0.18,2.33,0.00,0.00,0.00,0.00,0.00,0.00,0.21,0.16,0.22,0.14,0.51,0.00,1.00,1.00,0.00,1.00,0.00,0.00,0.00,0.00,0.00,0.00,0.00,0.00,0.00,0.00,0.00,0.00,0.00
272,0,27.100,0.98,1,-0.070965,0.070200,-0.995005,-0.213017,0.107953,-0.971066,-0.143,0.090,293.4,293.9,296.2,299.1,300.9,300.7,298.1,295.2,290.7,291.6,293.4,296.1,299.2,301.9,304.0,302.4,299.8,297.1,294.6,292.3,296.4,297.7,298.7,298.9,298.1,296.9,295.8,295.6,327.5,327.8,330.2,333.4,335.3,335.0,332.6,329.3,325.3,326.4,328.5,331.4,334.6,337.2,339.2,337.9,335.9,333.2,330.3,327.5,330.5,331.9,332.9,333.1,332.2,330.9,329.8,329.6,117.4,114.4,112.5,112.8,115.2,118.4,120.1,119.7,120.0,117.7,115.8,114.4,114.1,114.9,116.5,117.9,118.9,119.8,120.4,120.5,117.9,118.1,117.3,115.9,114.9,114.8,115.6,116.9,108.0,104.9,103.1,103.5,106.0,109.1,110.9,110.8,110.7,108.3,106.2,104.8,104.7,105.4,106.9,108.3,109.2,110.0,110.6,111.1,108.7,108.9,108.1,106.7,105.7,105.5,106.3,107.6,-5.3,-4.7,-1.1,3.2,5.8,5.5,1.6,-2.7,-9.5,-8.1,-5.4,-1.4,3.3,7.3,10.5,8.0,4.2,0.2,-3.6,-6.9,-0.9,1.0,2.6,2.8,1.7,-0.2,-1.7,-2.0,43.5,44.1,47.6,52.1,54.9,54.3,50.7,46.0,40.4,42.0,44.9,49.1,53.8,57.8,60.9,58.8,55.5,51.6,47.5,43.5,47.9,49.9,51.4,51.7,50.5,48.5,46.9,46.7,-77.0,-81.6,-84.3,-83.6,-79.9,-75.1,-72.6,-73.3,-73.6,-76.7,-79.2,-81.1,-81.4,-80.3,-78.2,-75.9,-74.3,-73.0,-72.4,-72.4,-76.1,-75.8,-77.0,-79.0,-80.6,-80.9,-79.7,-77.7,-87.1,-91.6,-94.5,-93.9,-90.2,-85.6,-82.8,-83.0,-83.3,-86.6,-89.5,-91.5,-92.0,-91.4,-89.6,-87.2,-85.4,-84.0,-83.1,-82.6,-86.2,-85.9,-87.2,-89.2,-90.8,-91.0,-89.8,-87.8,608.3,609.1,608.9,607.8,606.5,605.9,606.0,607.0,612.9,610.4,607.8,606.1,605.9,606.5,607.4,606.0,605.0,605.3,607.0,609.8,608.0,607.6,607.5,607.8,608.4,608.8,608.9,608.6,582.4,583.7,584.8,585.0,584.2,583.0,581.9,581.8,583.3,582.4,581.7,581.9,583.6,586.3,588.9,585.7,582.9,581.2,580.9,581.9,583.4,583.5,583.9,584.5,584.8,584.7,584.3,583.7,37.9,-56.7,688.2,0.030,0.207,-0.224,281.2,283.3,286.5,290.5,295.2,301.5,309.0,318.1,328.5,339.2,348.4,356.2,361.2,363.0,362.5,360.8,358.4,281.9,284.6,290.5,297.4,304.2,317.2,323.8,331.4,339.1,345.1,312.9,313.7,314.6,315.4,310.7,314.6,318.6,322.6,326.3,290.6,293.6,298.9,304.1,299.8,294.7,325.2,328.8,334.2,339.3,335.8,330.4,309.0,312.5,317.0,320.9,324.7,331.4,338.3,333.7,328.1,323.7,319.6,314.3,311.3,318.0,321.7,325.8,335.8,326.5,322.4,318.5,127.6,138.0,148.2,158.1,166.9,173.9,178.6,181.4,180.4,177.1,170.9,162.8,153.2,142.2,130.6,118.8,107.4,113.4,106.6,102.7,101.2,102.0,98.2,93.5,91.4,92.0,96.4,110.2,116.3,122.4,128.8,138.6,138.8,138.7,136.9,135.0,120.0,115.5,114.2,116.5,118.9,120.5,110.8,106.0,104.7,106.8,109.3,110.7,157.9,151.9,148.3,148.4,146.5,147.5,150.3,156.0,158.8,160.1,160.8,160.5,157.0,152.6,151.8,150.6,150.8,153.7,154.9,155.5,-28.8,-25.0,-19.1,-11.9,-3.3,8.0,21.1,36.1,53.2,71.5,88.3,103.4,113.2,117.1,116.3,113.4,109.6,-26.7,-21.7,-11.3,0.7,12.2,34.1,45.4,58.5,71.7,82.3,26.8,27.9,28.9,29.9,22.9,29.2,35.6,42.3,48.5,-11.2,-5.8,3.3,12.2,4.9,-4.1,47.9,54.0,63.3,72.1,65.7,56.7,20.4,25.8,33.0,39.2,45.5,56.9,69.2,60.6,51.1,43.9,37.3,28.8,24.1,34.7,40.7,47.4,64.8,48.6,41.8,35.6,-75.7,-56.6,-37.8,-19.9,-3.7,8.8,16.9,21.1,19.2,13.7,3.3,-10.8,-27.9,-47.6,-68.3,-89.2,-109.8,-98.2,-109.4,-115.1,-116.3,-114.0,-119.6,-127.8,-132.0,-131.2,-124.3,-99.2,-87.7,-76.7,-65.4,-50.6,-50.0,-50.0,-53.1,-56.3,-85.5,-92.7,-94.6,-90.2,-86.3,-84.0,-99.0,-107.2,-109.2,-105.9,-101.2,-98.9,-18.8,-28.4,-34.1,-33.9,-37.0,-35.6,-31.3,-21.5,-16.7,-14.6,-13.5,-14.1,-20.2,-27.1,-28.3,-30.2,-30.3,-25.2,-23.2,-22.3,746.4,744.8,744.0,743.4,738.5,728.9,715.0,698.0,688.8,691.2,701.8,712.8,719.7,723.5,724.9,725.4,727.6,721.5,715.6,707.8,699.3,693.6,689.5,690.7,693.7,695.9,698.1,688.1,679.8,671.4,663.1,680.1,676.1,672.9,673.7,675.1,712.4,707.5,704.1,701.3,703.1,706.3,694.3,693.8,693.3,694.9,691.8,692.2,692.2,679.5,673.2,670.9,670.5,674.7,683.0,674.3,670.2,670.7,672.9,680.0,688.7,674.5,672.1,671.7,681.3,672.2,672.6,675.1,0.587,-0.026,0.170,-0.225,319.660,135.399,-21.571,-10.343,-16.661,15.134,-7.920,-4.999,2.207,1.433,-0.354,7.706,-3.136,-0.503,1.129,-2.506,-1.144,1.461,0.289,-3.181,-1.650,0.481,-0.016,0.291,-0.097,0.681,-0.039,-1.253,0.160,0.027,-0.097,0.009,0.049,-0.000,-0.001,0.042,0.89,0.32,0.80,0.00,0.17,2.20,0.00,0.00,0.00,0.00,0.00,0.00,0.04,0.00,0.41,0.14,0.43,0.00,1.00,1.00,0.00,1.00,0.00,0.00,0.00,0.00,0.00,0.00,0.00,1.00,0.00,0.00,0.00,0.00,0.00
273,0,27.200,0.98,1,-0.092675,0.139849,-0.985826,-0.235670,0.178122,-0.955370,-0.168,0.162,291.5,291.9,294.2,297.1,298.8,298.7,296.1,293.2,288.9,289.7,291.4,294.0,297.2,299.8,302.0,300.3,297.8,295.1,292.7,290.5,294.4,295.7,296.7,296.9,296.1,294.9,293.9,293.7,325.3,325.6,328.1,331.3,333.3,332.9,330.4,327.1,323.1,324.2,326.3,329.3,332.5,335.2,337.2,335.9,333.8,331.1,328.2,325.3,328.4,329.7,330.8,331.0,330.1,328.7,327.6,327.5,122.6,119.5,117.7,118.1,120.5,123.6,125.3,124.9,124.9,122.7,121.0,119.6,119.4,120.2,121.7,123.2,124.2,125.2,125.6,125.7,123.1,123.3,122.4,121.1,120.1,119.9,120.7,122.0,113.2,110.1,108.2,108.6,111.1,114.3,116.2,116.1,115.9,113.5,111.4,110.0,109.8,110.4,111.8,113.3,114.5,115.4,116.0,116.4,113.9,114.1,113.2,111.9,110.8,110.6,111.4,112.8,-8.3,-7.7,-4.2,0.1,2.7,2.5,-1.4,-5.7,-12.3,-11.1,-8.4,-4.4,0.2,4.2,7.5,5.0,1.2,-2.8,-6.5,-9.8,-3.8,-2.0,-0.4,-0.2,-1.3,-3.2,-4.7,-5.0,39.8,40.4,44.0,48.5,51.2,50.6,47.1,42.4,36.8,38.4,41.2,45.4,50.1,54.1,57.3,55.2,51.9,48.0,43.8,39.9,44.3,46.2,47.8,48.0,46.8,44.9,43.3,43.1,-69.8,-74.4,-77.1,-76.4,-72.7,-67.9,-65.4,-66.1,-66.8,-69.8,-72.1,-73.9,-74.2,-73.1,-70.9,-68.6,-66.9,-65.6,-65.1,-65.4,-69.0,-68.7,-69.9,-71.9,-73.5,-73.8,-72.6,-70.6,-78.6,-83.2,-86.0,-85.4,-81.7,-77.1,-74.3,-74.6,-74.9,-78.3,-81.0,-83.1,-83.6,-83.1,-81.5,-78.8,-76.8,-75.4,-74.5,-74.1,-77.8,-77.5,-78.8,-80.8,-82.4,-82.6,-81.4,-79.4,613.5,613.8,613.3,612.2,611.2,610.9,611.3,612.4,618.5,615.6,612.7,610.8,610.5,611.1,612.1,610.9,610.1,610.6,612.5,615.4,613.1,612.6,612.4,612.6,613.1,613.5,613.8,613.6,575.2,576.1,576.9,577.0,576.5,575.5,574.7,574.8,576.4,575.2,574.3,574.2,575.8,578.4,581.0,578.1,575.4,573.9,573.8,574.9,576.1,576.1,576.5,576.9,577.1,577.1,576.7,576.3,34.5,-47.6,681.4,0.121,0.252,-0.256,280.1,282.4,285.8,290.1,294.9,301.3,308.7,317.6,328.1,339.1,348.6,356.6,361.3,362.7,361.8,360.1,357.8,279.8,282.1,287.6,294.5,301.4,314.1,320.9,328.8,336.8,343.3,310.3,310.9,311.6,312.2,308.5,312.4,316.2,320.2,323.8,288.8,291.6,296.8,302.0,297.9,292.8,323.0,326.5,332.1,337.4,333.7,328.3,307.8,311.0,315.1,318.7,322.2,328.8,336.1,330.8,325.3,321.3,317.5,312.7,309.9,316.2,319.6,323.4,333.4,323.8,319.9,316.4,131.2,141.7,151.9,161.7,170.6,177.8,182.7,185.7,184.7,180.7,173.6,164.7,154.6,143.5,132.2,120.8,109.5,117.9,111.1,107.2,106.0,107.1,103.3,98.2,95.7,96.1,100.3,115.8,122.4,128.8,135.6,144.9,145.2,145.2,143.3,141.3,124.9,120.7,119.4,121.8,124.3,125.8,116.0,111.2,109.8,111.7,114.6,116.1,163.6,158.6,155.4,155.6,153.7,154.3,156.1,161.7,164.4,165.6,166.3,166.0,162.8,159.5,158.9,157.7,156.8,159.4,160.5,161.1,-30.7,-26.5,-20.3,-12.6,-3.8,7.6,20.5,35.2,52.2,70.8,88.1,103.0,111.9,114.5,113.1,109.9,106.1,-30.1,-25.9,-16.0,-4.2,7.3,28.2,39.4,52.6,66.2,77.2,22.0,22.8,23.6,24.4,19.0,25.2,31.3,37.8,43.8,-14.2,-9.2,-0.3,8.5,1.5,-7.3,43.3,49.2,58.3,67.3,61.0,52.1,18.2,23.1,29.6,35.3,41.0,52.0,64.6,55.3,46.1,39.5,33.6,25.9,21.6,31.4,36.9,43.1,60.0,43.6,37.4,31.8,-68.8,-49.6,-31.1,-13.3,2.9,15.6,23.9,28.5,26.4,19.8,7.8,-7.4,-25.0,-44.5,-64.2,-84.0,-103.8,-89.4,-100.2,-105.5,-106.0,-103.1,-108.5,-116.8,-121.5,-121.3,-114.8,-88.1,-76.4,-65.1,-53.5,-39.6,-39.0,-38.8,-41.9,-45.2,-76.0,-82.6,-84.3,-80.0,-76.0,-73.9,-88.5,-96.3,-98.4,-95.5,-90.3,-88.0,-9.1,-17.2,-22.3,-21.9,-24.9,-24.0,-21.2,-11.9,-7.4,-5.5,-4.5,-4.9,-10.3,-15.6,-16.5,-18.4,-20.1,-15.7,-13.8,-13.0,742.8,742.2,742.1,741.9,737.4,727.9,713.4,695.9,686.2,687.5,696.5,705.0,709.8,711.6,711.6,710.7,711.8,713.8,706.2,696.6,686.7,679.9,673.7,673.8,676.3,678.5,681.4,675.6,668.4,661.0,653.7,672.3,668.6,665.4,665.5,666.2,704.2,698.2,693.9,691.2,693.6,697.6,681.1,679.4,678.4,680.3,677.6,678.6,686.9,673.6,666.8,664.6,663.6,666.9,674.7,666.9,664.0,664.9,667.3,674.5,683.0,668.5,666.0,665.2,673.0,665.3,666.0,668.6,0.594,0.073,0.226,-0.254,317.843,140.400,-14.463,-7.079,-22.559,12.359,-4.084,-5.483,0.222,-1.702,-1.796,9.529,-3.573,-2.333,-0.357,-3.844,-1.212,1.323,0.316,-2.137,-2.420,0.910,0.544,-0.422,-0.314,0.195,0.132,-0.741,-0.107,-0.023,-0.075,0.042,0.013,0.013,0.029,0.078,0.87,0.25,0.87,0.00,0.19,2.35,0.00,0.00,0.00,0.00,0.07,0.01,0.02,0.00,0.30,0.02,0.48,0.00,1.00,1.00,0.00,1.00,0.00,0.00,0.00,0.00,0.00,0.00,0.00,1.00,0.00,0.00,0.00,0.00,0.00
274,0,27.300,0.98,1,-0.113549,0.096658,-0.988819,-0.254141,0.123426,-0.959259,-0.187,0.112,291.5,292.1,294.5,297.2,298.8,298.5,295.9,293.1,288.9,289.8,291.5,294.1,297.2,299.8,301.9,300.1,297.6,294.9,292.5,290.4,294.4,295.6,296.7,296.9,296.2,295.0,294.0,293.7,325.1,325.7,328.2,331.3,333.1,332.6,330.0,326.8,322.8,324.1,326.2,329.2,332.4,335.0,337.0,335.6,333.4,330.7,327.8,325.0,328.1,329.5,330.6,330.8,330.0,328.7,327.6,327.3,119.8,116.8,115.1,115.6,118.0,121.1,122.6,122.2,122.1,120.0,118.2,116.9,116.9,117.8,119.4,120.7,121.6,122.4,122.8,122.8,120.4,120.6,119.9,118.6,117.5,117.3,118.1,119.4,112.1,109.0,107.3,107.9,110.5,113.5,115.3,115.0,114.7,112.3,110.4,109.1,109.1,109.9,111.4,112.8,113.7,114.4,114.9,115.2,112.9,113.2,112.4,111.1,110.0,109.7,110.5,111.8,-8.3,-7.5,-3.9,0.4,2.8,2.3,-1.7,-5.9,-12.5,-11.1,-8.3,-4.4,0.3,4.3,7.4,4.7,0.9,-3.1,-6.9,-10.1,-4.0,-2.1,-0.5,-0.1,-1.2,-3.1,-4.6,-5.0,40.4,41.2,44.9,49.4,51.9,51.1,47.3,42.7,37.2,38.9,41.8,46.1,50.8,54.9,58.0,55.7,52.2,48.2,44.1,40.2,44.7,46.7,48.3,48.7,47.6,45.6,44.0,43.6,-75.0,-79.6,-82.1,-81.2,-77.4,-72.6,-70.3,-71.2,-72.0,-75.0,-77.3,-79.0,-79.1,-77.8,-75.4,-73.2,-71.8,-70.7,-70.2,-70.5,-74.0,-73.6,-74.7,-76.7,-78.3,-78.7,-77.6,-75.6,-81.7,-86.2,-88.8,-88.0,-84.2,-79.6,-77.0,-77.5,-78.1,-81.4,-84.0,-85.8,-86.1,-85.3,-83.4,-81.0,-79.3,-78.1,-77.5,-77.2,-80.6,-80.2,-81.4,-83.3,-85.0,-85.4,-84.3,-82.3,621.7,622.3,621.9,620.6,619.3,618.9,619.2,620.4,626.7,624.0,621.2,619.2,618.8,619.2,620.0,618.8,618.0,618.6,620.5,623.5,621.2,620.7,620.5,620.8,621.3,621.9,622.1,621.8,585.7,586.8,587.6,587.6,586.8,585.7,584.9,585.0,586.8,585.7,584.8,584.8,586.2,588.7,591.2,588.2,585.6,584.0,584.0,585.2,586.4,586.4,586.8,587.3,587.6,587.6,587.3,586.8,32.4,-50.1,681.8,0.053,0.276,-0.196,280.4,282.4,285.4,289.0,293.4,299.3,306.2,314.3,324.5,335.6,345.8,354.3,359.7,361.7,361.6,360.4,358.8,280.3,282.7,288.6,295.5,302.3,314.3,321.4,329.6,337.9,344.4,310.1,310.3,310.4,310.6,306.6,310.3,314.1,318.2,322.0,288.8,291.8,296.9,301.9,297.6,292.5,322.7,326.5,332.0,337.2,333.3,327.9,305.4,308.8,313.0,316.4,319.9,326.2,333.6,327.6,322.0,318.0,314.6,310.0,307.5,313.9,317.1,320.9,330.8,320.9,317.1,313.8,128.7,139.5,150.1,160.3,169.5,176.8,181.7,184.7,183.9,180.7,174.5,166.5,157.0,146.1,134.8,123.4,112.1,116.7,109.6,105.7,104.6,105.9,103.0,98.5,96.4,97.3,102.0,113.9,120.3,126.7,133.4,142.6,143.0,143.1,141.3,139.4,122.2,118.0,116.8,119.4,121.6,123.0,114.8,110.1,109.1,111.4,113.8,114.9,160.7,156.0,153.0,153.3,151.6,152.5,154.5,159.0,161.1,162.1,162.6,162.6,160.0,156.8,156.3,155.3,154.9,156.2,157.2,157.7,-30.6,-26.9,-21.2,-14.5,-6.5,4.1,16.0,29.4,46.0,64.7,83.0,99.0,109.2,113.1,113.1,111.0,108.5,-29.4,-24.9,-14.5,-2.5,8.9,28.8,40.7,54.5,68.6,79.7,21.8,21.8,21.7,21.7,15.9,21.8,27.8,34.5,40.8,-14.2,-8.9,-0.2,8.3,1.1,-7.7,43.2,49.5,58.6,67.4,60.6,51.7,14.2,19.5,26.1,31.6,37.2,47.8,60.5,49.9,40.6,34.2,28.6,21.4,17.5,27.6,32.8,38.9,55.6,38.9,32.7,27.5,-74.2,-54.2,-34.6,-15.9,0.9,13.9,22.2,26.7,25.0,19.7,9.3,-4.3,-20.9,-40.0,-59.8,-79.8,-99.9,-92.3,-103.6,-109.0,-109.1,-105.8,-109.8,-117.3,-121.2,-120.2,-112.7,-91.8,-80.0,-68.7,-57.1,-43.6,-42.6,-42.2,-45.1,-48.3,-81.3,-87.9,-89.2,-84.5,-80.9,-79.1,-91.0,-98.8,-100.2,-96.6,-92.1,-90.4,-14.0,-21.5,-26.2,-25.6,-28.3,-27.0,-24.0,-16.4,-12.9,-11.2,-10.4,-10.5,-15.0,-19.9,-20.6,-22.3,-23.2,-20.8,-19.1,-18.5,751.2,749.5,747.8,745.5,739.1,728.2,712.3,693.3,683.5,684.8,694.9,704.4,710.4,713.4,714.5,714.4,716.4,720.2,712.2,702.3,692.0,684.2,678.8,679.2,681.6,683.7,686.6,679.4,671.0,662.4,654.0,673.3,668.7,664.7,665.0,666.2,708.2,702.5,698.2,695.2,697.3,701.3,685.5,684.1,683.0,684.3,681.6,682.7,686.8,673.4,666.8,664.7,663.8,667.0,674.7,665.6,662.0,662.8,665.3,672.8,682.9,668.0,665.6,665.0,672.7,664.2,664.7,667.4,0.593,0.003,0.254,-0.197,316.602,139.004,-2.020,-3.297,-19.315,12.039,-6.805,0.791,3.637,-0.952,1.196,5.893,-4.406,-0.565,-0.913,-3.006,-0.122,0.046,0.080,-1.900,-1.419,1.666,1.327,-0.621,-0.382,0.536,0.110,-0.645,0.041,-0.068,-0.170,-0.042,0.025,0.014,-0.015,0.072,0.79,0.21,0.82,0.00,0.20,2.31,0.03,0.00,0.00,0.00,0.24,0.30,0.00,0.15,0.18,0.00,0.68,1.00,1.00,1.00,0.00,1.00,0.00,0.00,0.00,0.00,0.00,0.00,0.00,1.00,0.00,0.00,0.00,0.00,0.00
275,0,27.400,0.98,1,-0.127171,0.047879,-0.990725,-0.263653,0.064253,-0.962475,-0.197,0.057,292.2,292.9,295.3,298.0,299.4,299.0,296.3,293.6,289.4,290.4,292.2,294.8,297.9,300.4,302.3,300.5,297.9,295.3,292.9,290.8,295.0,296.1,297.2,297.5,296.9,295.7,294.7,294.3,326.2,326.9,329.5,332.5,334.2,333.5,330.9,327.7,323.8,325.2,327.4,330.4,333.5,336.1,338.0,336.5,334.2,331.5,328.6,325.9,329.1,330.4,331.6,331.9,331.2,329.9,328.7,328.4,113.7,110.9,109.3,109.9,112.3,115.3,116.7,116.1,116.1,114.0,112.3,111.2,111.2,112.1,113.7,114.9,115.5,116.2,116.6,116.7,114.5,114.8,114.1,112.8,111.8,111.6,112.2,113.5,107.6,104.7,103.1,103.9,106.5,109.5,111.0,110.5,110.0,107.8,106.1,105.1,105.3,106.2,107.8,108.9,109.5,110.0,110.3,110.5,108.6,109.0,108.3,107.0,105.8,105.5,106.2,107.5,-7.5,-6.4,-2.6,1.6,3.8,3.0,-1.1,-5.3,-11.8,-10.3,-7.4,-3.3,1.3,5.2,8.2,5.4,1.4,-2.7,-6.4,-9.6,-3.2,-1.3,0.3,0.8,-0.1,-2.0,-3.6,-4.1,42.6,43.7,47.6,52.1,54.4,53.3,49.4,44.7,39.1,41.2,44.3,48.8,53.4,57.4,60.4,57.9,54.3,50.3,46.0,42.1,47.0,48.9,50.6,51.1,50.1,48.1,46.4,45.9,-85.7,-90.2,-92.6,-91.5,-87.6,-82.9,-80.7,-81.8,-82.6,-85.5,-87.8,-89.3,-89.2,-87.8,-85.4,-83.5,-82.4,-81.4,-81.0,-81.3,-84.4,-83.9,-85.0,-86.9,-88.7,-89.1,-88.1,-86.1,-89.6,-94.2,-96.6,-95.4,-91.4,-86.9,-84.5,-85.3,-86.3,-89.3,-91.7,-93.2,-93.2,-92.2,-90.3,-88.2,-86.8,-85.9,-85.5,-85.3,-88.3,-87.8,-88.8,-90.8,-92.5,-93.0,-92.0,-90.0,632.7,633.7,633.4,632.0,630.4,629.6,629.7,631.1,637.5,635.0,632.3,630.4,629.9,630.2,630.8,629.5,628.7,629.2,631.1,634.2,632.1,631.5,631.4,631.8,632.5,633.1,633.2,632.8,595.8,597.2,598.1,598.1,597.1,595.8,594.9,595.0,596.8,595.9,595.1,595.1,596.5,599.0,601.4,598.3,595.6,594.1,594.0,595.3,596.6,596.5,596.9,597.5,597.9,598.0,597.6,597.0,30.9,-57.9,675.3,-0.043,0.301,-0.125,281.0,282.3,284.8,287.8,291.8,297.4,303.9,311.3,321.4,332.8,343.6,352.5,358.3,360.9,361.3,360.9,360.0,281.5,284.5,290.6,297.3,303.8,316.3,323.5,331.6,339.7,345.8,311.1,310.6,310.1,309.7,305.1,308.7,312.5,316.9,321.0,289.3,292.6,297.6,302.3,297.9,292.8,323.6,327.9,333.2,338.1,334.0,328.7,302.5,306.2,310.6,314.2,318.2,324.6,332.1,325.3,319.3,314.9,311.2,306.6,304.5,311.2,314.7,318.9,329.2,318.8,314.5,311.1,124.2,135.4,146.7,157.4,166.9,174.1,178.7,181.0,180.3,177.7,172.4,165.3,156.2,145.5,134.2,122.7,111.5,111.3,104.1,100.1,99.1,100.4,97.9,94.2,92.9,94.1,99.2,107.9,114.2,120.3,126.8,136.2,136.6,136.8,135.2,133.5,116.2,112.1,111.2,113.7,115.6,116.8,110.2,105.9,105.3,107.7,109.6,110.3,154.0,149.0,146.2,146.6,145.1,146.3,148.9,152.5,154.1,155.0,155.5,155.6,153.4,149.9,149.6,148.6,149.2,149.5,150.4,150.8,-29.6,-27.0,-22.3,-16.7,-9.3,0.7,11.8,23.9,40.1,59.0,78.0,94.3,105.2,110.2,111.4,110.8,109.9,-27.3,-21.8,-11.1,0.5,11.3,32.1,44.2,57.8,71.5,81.9,23.4,22.2,21.1,20.2,13.3,19.0,25.0,32.1,38.8,-13.3,-7.5,1.1,9.1,1.5,-7.1,44.5,51.6,60.4,68.7,61.5,52.8,9.1,15.0,22.0,27.6,34.1,44.6,57.3,45.5,35.7,28.6,22.8,15.6,12.4,23.0,28.5,35.3,52.4,35.0,28.2,22.7,-82.6,-61.5,-40.7,-21.0,-3.8,9.0,16.6,20.0,18.6,14.4,5.8,-6.4,-22.0,-40.5,-60.3,-80.3,-100.4,-101.6,-113.3,-118.6,-118.6,-115.1,-118.2,-124.5,-127.2,-125.3,-117.1,-101.4,-89.8,-78.6,-67.1,-53.7,-52.6,-51.9,-54.6,-57.4,-91.3,-97.6,-98.7,-93.9,-90.9,-89.4,-98.5,-105.5,-106.3,-102.3,-98.8,-97.7,-24.9,-32.6,-36.8,-36.1,-38.5,-36.7,-32.8,-26.5,-23.8,-22.3,-21.8,-21.8,-25.8,-30.8,-31.3,-32.8,-32.3,-31.4,-29.9,-29.4,751.6,748.3,744.8,740.1,731.2,718.0,700.3,680.1,670.7,672.4,683.3,693.4,700.0,704.0,706.3,707.9,711.8,718.9,711.8,702.8,692.7,684.4,678.6,679.3,681.6,683.0,684.7,677.8,668.1,658.2,648.6,667.6,662.1,657.4,657.9,659.5,705.5,700.5,696.4,692.7,694.5,698.3,683.3,682.2,680.8,681.3,678.7,679.9,679.8,666.2,659.6,657.1,656.5,659.3,666.7,656.6,652.4,653.0,655.6,663.8,675.9,660.0,657.4,657.1,664.6,655.8,656.2,659.0,0.598,-0.105,0.285,-0.129,315.863,134.054,1.399,3.121,-14.448,8.965,-10.545,5.057,4.648,-1.269,-1.020,1.566,-4.537,0.373,-0.566,-2.538,0.127,-1.125,-1.474,-0.051,-1.328,1.067,1.010,-0.196,-0.259,0.318,0.266,-0.528,0.092,0.013,-0.159,-0.018,-0.005,-0.010,-0.025,0.039,0.49,0.00,0.93,0.00,0.43,2.72,0.04,0.19,0.00,0.00,0.42,0.39,0.26,0.15,0.36,0.53,0.85,0.00,0.00,1.00,0.00,1.00,1.00,0.00,0.00,0.00,0.00,0.00,0.00,1.00,0.00,0.00,0.00,0.00,0.00
276,0,27.500,0.98,1,-0.130883,0.069922,-0.988929,-0.272896,0.085146,-0.958268,-0.204,0.079,293.4,294.2,296.7,299.4,300.8,300.2,297.4,294.7,290.5,291.6,293.5,296.2,299.3,301.8,303.7,301.8,299.2,296.5,294.0,292.0,296.2,297.4,298.5,298.8,298.2,297.0,295.9,295.6,327.7,328.5,331.1,334.1,335.7,334.9,332.3,329.1,325.3,326.7,328.9,331.9,335.1,337.6,339.5,338.0,335.7,333.0,330.1,327.3,330.6,331.9,333.1,333.4,332.7,331.4,330.3,329.9,110.6,107.8,106.3,107.0,109.4,112.4,113.7,113.1,113.0,110.8,109.1,107.9,108.1,109.3,111.1,112.2,112.8,113.3,113.6,113.6,111.5,111.8,111.2,109.9,108.9,108.6,109.2,110.4,105.6,102.7,101.2,102.0,104.7,107.6,109.1,108.5,108.1,105.8,104.0,102.9,103.2,104.3,106.1,107.2,107.8,108.3,108.5,108.6,106.7,107.0,106.4,105.1,104.0,103.6,104.3,105.5,-5.6,-4.3,-0.4,3.7,5.8,4.9,0.7,-3.5,-10.0,-8.3,-5.3,-1.2,3.5,7.3,10.2,7.4,3.4,-0.7,-4.5,-7.7,-1.3,0.5,2.2,2.8,1.9,0.1,-1.6,-2.2,44.7,45.9,49.8,54.2,56.4,55.1,51.2,46.6,41.2,43.1,46.3,50.7,55.4,59.4,62.3,59.8,56.3,52.2,48.0,44.1,48.9,50.8,52.6,53.1,52.1,50.2,48.5,48.0,-89.5,-93.9,-96.2,-95.0,-91.0,-86.3,-84.3,-85.5,-86.5,-89.6,-91.8,-93.3,-92.9,-91.2,-88.5,-86.7,-85.7,-84.9,-84.7,-85.1,-88.1,-87.5,-88.5,-90.5,-92.2,-92.7,-91.7,-89.8,-92.2,-96.6,-99.0,-97.7,-93.7,-89.3,-87.0,-87.8,-88.7,-92.0,-94.5,-96.0,-95.7,-94.5,-92.3,-90.2,-88.9,-88.0,-87.7,-87.7,-90.7,-90.2,-91.2,-93.1,-94.9,-95.4,-94.4,-92.5,625.6,626.6,626.4,625.1,623.5,622.7,622.8,624.0,630.3,627.8,625.2,623.5,623.1,623.4,624.0,622.7,621.8,622.2,624.0,627.0,625.1,624.5,624.4,624.9,625.6,626.1,626.2,625.8,593.4,594.8,595.7,595.6,594.6,593.2,592.2,592.5,594.3,593.4,592.7,592.7,594.1,596.5,598.8,595.7,593.0,591.5,591.5,592.7,594.0,594.0,594.4,595.0,595.5,595.5,595.1,594.5,31.7,-58.1,666.9,0.008,0.299,-0.090,281.8,282.6,284.7,287.6,291.1,296.0,302.2,309.8,319.9,331.3,341.9,351.2,357.6,360.9,361.9,361.8,361.1,283.1,286.3,292.3,298.9,305.2,318.5,325.8,333.7,341.4,346.9,312.4,311.7,311.1,310.5,305.9,309.4,313.2,317.7,321.8,290.4,293.8,299.0,303.7,299.3,294.1,325.1,329.3,334.8,339.6,335.5,330.2,302.8,305.9,310.8,314.6,318.8,326.1,333.4,327.6,321.2,316.5,312.3,307.0,305.0,311.4,315.1,319.5,330.7,320.4,315.9,312.0,119.8,131.2,142.6,153.6,163.6,171.8,177.9,181.8,182.1,180.0,174.7,167.2,157.8,146.7,134.7,122.6,110.6,106.3,99.6,96.2,95.5,97.2,95.3,91.5,90.4,92.0,97.0,105.7,112.1,118.4,125.0,134.7,135.3,135.7,134.2,132.7,113.0,108.8,108.1,111.1,112.9,113.7,108.2,103.7,103.2,106.1,107.9,108.5,154.9,148.9,145.7,146.2,144.8,146.7,150.7,157.1,159.9,160.8,161.0,159.6,154.4,149.9,149.6,148.8,151.1,154.6,155.4,155.5,-27.1,-25.7,-21.9,-16.6,-10.4,-1.7,8.8,21.1,37.2,55.7,73.9,90.3,101.7,107.8,109.6,109.6,109.0,-24.0,-18.2,-8.0,3.2,13.5,35.2,47.0,60.1,72.6,81.7,25.0,23.7,22.4,21.2,14.3,19.8,25.7,32.8,39.5,-11.2,-5.4,3.3,11.1,3.8,-4.9,46.1,52.8,61.6,69.6,62.7,54.1,9.5,14.4,22.0,27.9,34.6,46.3,58.6,48.7,38.2,30.9,24.4,16.1,13.0,23.0,28.7,35.6,54.2,37.1,30.1,24.1,-88.1,-67.5,-47.0,-27.4,-9.6,4.8,15.0,21.2,21.3,17.9,9.4,-2.9,-18.9,-37.7,-57.9,-78.6,-99.3,-108.0,-118.5,-122.8,-122.3,-118.3,-120.5,-126.6,-128.7,-126.0,-117.9,-103.1,-91.5,-80.4,-69.0,-55.3,-53.9,-52.9,-55.2,-57.8,-94.9,-101.4,-102.0,-96.4,-93.9,-92.9,-99.7,-106.8,-107.4,-102.7,-99.4,-98.7,-23.2,-32.4,-37.1,-36.1,-38.3,-35.6,-29.5,-18.9,-14.3,-13.0,-12.7,-15.2,-23.9,-30.5,-30.9,-32.0,-28.8,-22.9,-21.6,-21.6,730.7,728.7,727.1,725.1,718.1,706.9,691.9,673.5,662.9,663.0,671.5,680.3,685.5,688.6,689.5,690.6,693.7,703.1,696.8,688.5,679.1,672.4,666.9,666.6,667.8,667.9,668.5,665.0,656.4,647.8,639.2,657.5,652.4,648.1,648.3,649.3,692.4,687.5,683.5,679.9,682.3,686.1,669.2,667.8,666.2,666.6,664.4,666.0,672.1,658.1,650.4,647.5,646.5,649.4,656.5,649.2,646.2,647.4,650.4,658.6,668.5,651.5,648.4,647.4,655.7,648.4,649.6,652.7,0.608,-0.057,0.285,-0.092,316.628,133.448,-30.234,-4.617,-7.768,17.452,-9.315,-4.291,8.221,2.925,4.110,6.718,-3.376,-0.210,0.991,-3.808,-2.610,1.309,0.992,-1.601,-1.428,0.809,1.737,0.194,-0.652,0.606,0.477,-1.128,0.241,0.101,-0.089,-0.005,0.029,-0.027,-0.014,0.058,0.65,0.26,0.84,0.00,0.56,2.98,0.04,0.39,0.00,0.00,0.51,0.65,0.33,0.15,0.51,0.60,0.68,0.00,0.00,1.00,0.00,1.00,1.00,0.00,0.00,0.00,0.00,0.00,1.00,0.00,0.00,0.00,0.00,0.00,0.00
277,0,27.600,0.98,1,-0.126498,0.110202,-0.985826,-0.267517,0.128563,-0.954938,-0.200,0.122,293.6,294.5,297.0,299.7,301.0,300.5,297.7,295.0,290.8,291.9,293.8,296.5,299.6,302.1,304.0,302.1,299.5,296.8,294.3,292.3,296.4,297.6,298.7,299.1,298.5,297.3,296.2,295.8,327.8,328.5,331.2,334.2,335.8,335.1,332.5,329.3,325.4,326.8,329.0,332.0,335.2,337.8,339.7,338.2,335.9,333.2,330.3,327.5,330.8,332.1,333.2,333.5,332.8,331.5,330.4,330.0,115.6,112.8,111.3,112.0,114.6,117.6,118.9,118.2,117.8,115.7,114.1,113.0,113.3,114.4,116.3,117.4,118.1,118.6,118.8,118.6,116.6,116.9,116.2,115.0,113.9,113.6,114.2,115.5,110.9,107.9,106.3,107.2,109.8,112.8,114.4,113.8,113.3,111.0,109.2,108.1,108.4,109.4,111.1,112.4,113.1,113.6,113.8,114.0,111.9,112.3,111.6,110.3,109.1,108.8,109.4,110.7,-5.1,-3.9,-0.0,4.1,6.1,5.2,1.0,-3.1,-9.5,-7.8,-4.9,-0.7,3.9,7.7,10.6,7.8,3.8,-0.3,-4.1,-7.2,-0.9,0.9,2.6,3.2,2.3,0.5,-1.2,-1.8,44.4,45.5,49.4,53.8,56.0,54.9,51.0,46.4,40.9,42.8,46.0,50.4,55.1,59.0,62.0,59.6,56.0,52.0,47.8,43.9,48.6,50.6,52.3,52.8,51.8,49.9,48.1,47.6,-81.3,-85.7,-87.9,-86.6,-82.6,-77.9,-76.0,-77.3,-78.7,-81.6,-83.6,-84.9,-84.5,-82.8,-80.1,-78.2,-77.2,-76.4,-76.4,-77.0,-79.8,-79.3,-80.2,-82.2,-83.9,-84.5,-83.5,-81.6,-83.7,-88.1,-90.5,-89.3,-85.4,-80.9,-78.6,-79.3,-80.3,-83.5,-86.0,-87.5,-87.4,-86.3,-84.1,-81.9,-80.4,-79.5,-79.2,-79.2,-82.3,-81.8,-82.8,-84.8,-86.5,-87.0,-86.0,-84.0,621.8,622.4,622.0,620.7,619.4,618.9,619.2,620.5,626.7,624.1,621.3,619.3,618.9,619.3,620.0,618.9,618.1,618.6,620.5,623.5,621.3,620.8,620.6,620.8,621.4,622.0,622.2,621.9,587.4,588.6,589.5,589.5,588.7,587.5,586.6,586.7,588.4,587.4,586.6,586.6,588.1,590.6,593.1,590.0,587.4,585.8,585.7,586.9,588.2,588.2,588.6,589.1,589.4,589.4,589.1,588.5,32.9,-52.0,677.9,0.072,0.285,-0.103,282.1,282.7,284.6,287.4,290.8,295.8,302.2,310.2,320.3,331.7,342.2,351.7,358.2,361.7,362.6,362.3,361.5,283.3,286.3,292.1,298.8,305.1,318.4,325.6,333.5,341.3,347.0,312.5,312.1,311.7,311.3,306.6,310.2,314.1,318.5,322.6,290.7,294.0,299.2,304.0,299.6,294.4,325.3,329.3,334.9,339.8,335.8,330.4,303.4,306.9,311.6,315.4,319.6,326.7,334.1,328.0,321.7,317.0,312.9,307.8,305.6,312.1,315.9,320.2,331.4,320.8,316.3,312.5,123.2,133.9,144.5,154.9,164.7,173.0,179.5,184.1,184.7,182.6,177.1,169.6,160.3,149.3,137.5,125.5,113.6,109.9,103.6,100.6,100.3,102.2,100.1,96.0,94.6,96.2,101.2,111.6,118.2,124.7,131.5,140.3,141.1,141.6,140.1,138.6,117.8,113.8,113.2,116.3,118.1,118.9,113.4,109.0,108.4,111.1,113.2,113.9,158.9,153.9,151.2,151.7,150.3,151.7,154.9,160.7,163.1,164.0,164.1,162.9,158.5,155.3,155.1,154.3,155.3,158.0,158.8,158.8,-26.9,-25.8,-22.4,-17.3,-11.1,-2.1,9.0,22.3,38.9,57.7,76.3,93.3,105.3,111.5,113.1,112.5,111.4,-24.0,-18.4,-8.3,3.0,13.4,35.2,47.0,60.3,73.1,82.8,25.5,24.6,23.7,22.8,15.7,21.6,27.7,34.8,41.4,-10.8,-5.1,3.8,11.8,4.4,-4.4,46.9,53.5,62.5,70.8,64.0,55.1,10.7,16.2,23.7,29.8,36.5,48.2,60.8,50.4,39.8,32.3,25.8,17.8,14.3,24.6,30.6,37.6,56.3,38.5,31.4,25.2,-82.8,-63.4,-44.2,-25.5,-7.8,7.1,18.2,25.6,26.1,22.6,13.6,1.0,-15.0,-34.0,-54.4,-75.1,-95.7,-102.9,-112.9,-116.5,-115.4,-111.1,-113.5,-120.1,-122.6,-120.3,-112.3,-94.7,-82.9,-71.5,-59.8,-47.1,-45.5,-44.4,-46.8,-49.3,-88.0,-94.2,-94.5,-88.9,-86.2,-85.4,-92.2,-99.4,-100.1,-95.8,-92.0,-91.0,-16.9,-24.8,-29.0,-27.9,-30.2,-28.0,-23.1,-13.6,-9.5,-8.2,-8.0,-10.1,-17.5,-22.3,-22.5,-23.7,-22.4,-17.8,-16.6,-16.6,738.4,737.4,737.0,736.9,732.2,722.6,708.4,690.3,679.4,679.5,687.7,696.5,701.5,703.8,703.9,703.4,704.8,711.0,703.9,694.9,685.4,679.1,672.2,671.6,673.1,674.0,675.6,672.9,665.3,657.7,650.1,669.1,664.4,660.6,660.5,661.3,701.6,695.9,691.6,688.6,691.1,695.1,677.1,675.3,673.9,674.9,672.7,674.0,684.9,670.3,662.8,659.9,658.7,661.9,669.8,662.3,658.9,660.3,663.2,671.4,681.0,664.2,661.1,659.9,668.6,660.8,662.0,665.2,0.598,0.015,0.265,-0.103,316.999,137.629,-23.711,-11.654,-13.578,12.985,-8.293,-3.428,3.743,2.851,0.316,8.815,-4.385,-0.359,-0.528,-3.408,-1.160,1.455,0.195,-2.269,-0.997,0.715,0.620,-0.005,-0.716,0.012,0.749,-1.188,0.241,0.070,-0.065,-0.042,0.069,-0.024,-0.020,0.058,0.47,0.40,0.93,0.00,0.64,3.31,0.09,0.50,0.00,0.00,0.34,0.78,0.33,0.00,0.80,0.77,0.20,0.00,0.00,1.00,0.00,1.00,1.00,0.00,0.00,0.00,0.00,0.00,1.00,0.00,0.00,0.00,0.00,0.00,0.00
278,0,27.700,0.98,1,-0.074528,0.124937,-0.989362,-0.226779,0.154591,-0.961599,-0.153,0.142,293.8,294.5,297.0,300.0,301.5,301.1,298.2,295.3,290.8,291.9,293.9,296.7,300.0,302.6,304.7,302.8,300.1,297.3,294.7,292.4,296.7,298.0,299.2,299.5,298.8,297.5,296.4,296.1,329.1,329.6,332.3,335.5,337.3,336.8,334.1,330.8,326.6,328.0,330.2,333.4,336.6,339.3,341.3,339.9,337.6,334.9,331.9,328.9,332.2,333.6,334.7,335.0,334.2,332.8,331.6,331.4,129.3,126.2,124.5,125.2,127.8,131.0,132.5,131.9,131.5,129.3,127.7,126.5,126.6,127.6,129.4,130.7,131.5,132.2,132.5,132.4,130.1,130.4,129.6,128.3,127.2,126.9,127.6,129.0,122.6,119.4,117.6,118.3,121.0,124.2,126.0,125.6,125.2,122.8,120.8,119.5,119.6,120.4,122.0,123.5,124.5,125.2,125.6,125.8,123.5,123.8,123.0,121.6,120.4,120.1,120.9,122.3,-4.7,-3.7,0.1,4.3,6.6,5.9,1.8,-2.4,-9.1,-7.5,-4.6,-0.4,4.3,8.1,11.1,8.4,4.5,0.5,-3.4,-6.7,-0.4,1.5,3.1,3.6,2.6,0.7,-0.9,-1.4,44.3,45.1,48.9,53.3,55.8,54.9,51.2,46.5,41.0,42.8,45.8,50.1,54.8,58.8,61.8,59.5,56.1,52.2,48.0,44.0,48.6,50.5,52.2,52.6,51.5,49.5,47.9,47.5,-57.8,-62.3,-64.7,-63.7,-59.7,-55.0,-52.9,-53.9,-55.0,-57.9,-60.1,-61.6,-61.5,-60.0,-57.5,-55.5,-54.2,-53.3,-53.0,-53.4,-56.6,-56.1,-57.2,-59.1,-60.8,-61.3,-60.2,-58.3,-64.1,-68.6,-71.2,-70.2,-66.4,-61.9,-59.3,-59.9,-60.5,-63.8,-66.4,-68.2,-68.3,-67.5,-65.6,-63.2,-61.5,-60.4,-59.8,-59.6,-62.9,-62.5,-63.7,-65.6,-67.3,-67.7,-66.6,-64.6,593.7,594.2,593.8,592.8,591.7,591.3,591.6,592.6,598.5,595.8,593.0,591.2,591.0,591.6,592.6,591.4,590.5,590.8,592.6,595.5,593.4,593.0,592.8,593.0,593.5,594.0,594.1,593.9,563.1,564.2,565.1,565.3,564.7,563.6,562.7,562.7,564.2,563.1,562.3,562.4,564.0,566.7,569.3,566.3,563.6,561.9,561.7,562.8,564.1,564.2,564.6,565.0,565.3,565.2,564.8,564.3,37.6,-31.1,683.9,0.128,0.228,-0.185,281.2,283.4,286.8,290.7,295.3,301.4,308.6,316.9,326.8,337.3,346.7,354.5,359.9,362.3,362.7,362.1,360.8,282.0,285.2,291.5,298.6,305.4,319.2,326.6,334.6,342.7,349.1,313.8,314.2,314.6,315.1,309.9,313.7,317.8,322.0,325.9,290.7,294.1,299.6,304.7,300.2,294.8,326.5,330.5,336.3,341.4,337.6,332.0,308.0,311.5,315.9,319.7,323.6,330.1,336.8,331.8,326.3,321.9,317.8,312.8,310.3,316.7,320.4,324.5,334.1,324.9,320.8,317.0,136.8,147.7,158.4,168.4,177.9,185.8,192.0,196.1,196.1,193.0,186.3,177.6,167.6,156.4,144.9,133.1,121.4,125.9,119.7,116.8,116.4,117.6,114.8,110.6,108.4,108.9,113.2,124.9,132.2,139.4,146.8,154.2,155.0,155.4,153.6,151.7,131.5,127.4,126.5,129.5,131.5,132.7,125.3,120.5,119.6,121.9,124.6,125.6,172.3,167.7,164.8,165.3,163.6,164.7,167.2,172.8,175.6,176.7,177.0,175.9,171.9,168.8,168.5,167.6,167.7,169.9,171.0,171.2,-28.7,-24.7,-18.6,-11.5,-3.1,7.9,20.4,34.3,50.7,68.7,85.6,100.4,110.5,114.8,115.3,113.9,111.6,-26.3,-20.4,-9.3,2.7,14.0,36.7,49.0,62.4,76.2,87.4,27.7,28.2,28.6,29.0,21.4,27.5,33.9,40.9,47.3,-10.9,-5.0,4.4,13.1,5.5,-3.8,49.4,56.0,65.5,74.3,67.6,58.3,18.7,24.0,31.1,37.1,43.5,54.5,66.2,57.4,48.0,40.9,34.4,26.3,22.4,32.5,38.4,45.1,61.7,45.9,39.1,33.1,-58.6,-38.7,-19.4,-1.0,16.0,30.1,40.4,46.7,46.0,40.9,29.8,15.0,-2.5,-22.1,-42.3,-62.8,-83.4,-75.3,-85.0,-88.8,-88.4,-85.4,-89.5,-96.6,-100.6,-100.1,-93.7,-72.9,-60.3,-48.0,-35.6,-24.4,-22.9,-22.2,-25.1,-28.4,-64.7,-71.1,-72.3,-67.0,-63.7,-62.2,-73.1,-80.9,-82.3,-78.7,-74.0,-72.4,5.6,-2.2,-6.9,-6.0,-8.9,-7.1,-3.1,6.3,10.9,12.6,13.1,11.5,4.8,-0.3,-0.8,-2.4,-2.1,1.5,3.3,3.6,742.5,742.8,743.5,743.4,739.3,731.3,718.8,702.5,693.0,694.5,703.8,712.1,716.4,717.1,716.1,714.2,714.3,713.0,704.0,694.6,685.3,678.4,674.1,674.8,677.3,680.0,684.4,675.0,668.1,661.1,654.3,674.2,669.8,666.4,666.8,667.9,704.1,698.5,694.5,691.7,694.0,698.0,682.8,681.2,680.4,682.4,679.8,680.6,692.1,678.4,671.1,668.7,667.7,671.7,679.5,672.8,670.1,671.3,674.0,680.8,688.0,673.4,670.7,669.9,678.1,670.6,671.5,674.4,0.592,0.101,0.196,-0.181,319.598,150.321,-17.013,-5.657,-13.952,16.064,-1.665,-1.079,0.476,-2.563,5.986,1.654,0.900,-0.506,1.848,-0.613,0.644,1.053,2.191,-0.047,-0.143,-0.103,0.162,-0.215,0.125,0.063,-0.049,-0.439,0.080,-0.029,0.050,0.044,0.017,-0.003,0.013,0.022,0.51,0.74,1.23,0.00,0.43,3.35,0.09,0.32,0.00,0.00,0.16,1.07,0.09,0.02,0.78,0.49,0.00,0.00,0.00,1.00,0.00,1.00,1.00,0.00,0.00,0.00,0.00,0.00,1.00,0.00,0.00,0.00,0.00,0.00,0.00
279,0,27.800,0.98,1,-0.091771,0.155443,-0.983573,-0.229707,0.189654,-0.954603,-0.164,0.176,293.4,294.0,296.5,299.4,301.1,300.7,298.0,295.0,290.6,291.6,293.5,296.2,299.5,302.2,304.3,302.5,299.8,297.1,294.5,292.2,296.4,297.7,298.8,299.0,298.3,297.1,296.0,295.7,328.4,328.9,331.5,334.7,336.7,336.2,333.6,330.2,326.1,327.4,329.5,332.6,335.9,338.6,340.6,339.3,337.1,334.3,331.3,328.4,331.5,332.9,334.1,334.3,333.5,332.1,330.9,330.7,131.6,128.5,126.8,127.4,130.0,133.2,134.8,134.2,133.8,131.7,130.0,128.8,128.8,129.7,131.5,132.9,133.8,134.6,134.9,134.7,132.4,132.6,131.8,130.5,129.4,129.1,129.9,131.2,124.3,121.1,119.3,119.9,122.6,125.8,127.6,127.3,127.0,124.5,122.5,121.1,121.1,121.8,123.4,125.0,126.0,126.8,127.3,127.6,125.1,125.4,124.6,123.2,122.0,121.8,122.6,124.0,-5.2,-4.3,-0.7,3.6,5.9,5.4,1.4,-2.9,-9.4,-7.9,-5.1,-1.1,3.6,7.5,10.6,8.0,4.1,0.1,-3.7,-7.0,-0.9,1.0,2.6,3.0,1.9,0.1,-1.5,-1.9,43.3,44.1,47.8,52.2,54.8,54.0,50.4,45.7,40.2,41.8,44.8,49.1,53.7,57.7,60.8,58.6,55.3,51.4,47.2,43.2,47.7,49.6,51.3,51.6,50.5,48.5,46.9,46.6,-54.5,-59.0,-61.5,-60.5,-56.7,-51.9,-49.7,-50.6,-51.7,-54.6,-56.8,-58.3,-58.3,-57.0,-54.6,-52.4,-51.0,-50.0,-49.6,-50.1,-53.4,-52.9,-54.0,-56.0,-57.7,-58.1,-57.0,-55.1,-61.6,-66.1,-68.8,-68.0,-64.2,-59.7,-57.0,-57.5,-58.0,-61.3,-64.0,-65.9,-66.2,-65.4,-63.5,-61.1,-59.3,-58.0,-57.3,-57.1,-60.6,-60.2,-61.4,-63.4,-65.0,-65.4,-64.2,-62.2,594.7,595.0,594.4,593.2,592.3,592.1,592.6,593.7,599.7,596.8,593.9,591.9,591.6,592.2,593.2,592.1,591.4,591.9,593.7,596.7,594.3,593.9,593.6,593.7,594.2,594.6,594.9,594.8,562.5,563.5,564.4,564.6,564.1,563.1,562.3,562.2,563.6,562.5,561.7,561.8,563.4,566.1,568.8,565.8,563.1,561.4,561.2,562.3,563.5,563.6,564.0,564.5,564.7,564.6,564.2,563.8,37.1,-26.5,675.4,0.175,0.233,-0.203,281.9,284.0,287.4,291.3,295.6,301.2,308.2,316.8,327.0,337.7,347.2,355.3,361.0,363.5,363.7,362.8,361.2,281.8,284.2,290.1,297.1,303.8,318.3,325.5,333.4,341.5,348.0,312.6,313.2,313.7,314.3,309.9,313.6,317.6,321.8,325.7,290.5,293.6,299.1,304.3,300.0,294.6,326.0,329.8,335.5,340.7,337.0,331.4,309.3,312.2,316.4,320.1,323.9,330.5,337.2,332.5,327.1,322.8,318.9,313.9,311.5,317.3,320.9,324.9,334.6,325.5,321.4,317.7,138.6,149.0,158.9,168.5,178.0,186.5,193.6,199.0,199.5,196.5,189.5,180.3,169.8,158.3,146.3,134.1,121.9,128.0,122.0,119.2,118.8,120.1,116.9,112.2,109.6,110.0,113.9,127.5,135.0,142.4,150.1,157.3,158.2,158.6,156.7,154.6,133.8,129.7,128.8,131.6,133.8,135.0,127.1,122.2,121.2,123.3,126.2,127.3,175.8,171.5,168.7,169.2,167.4,168.3,170.4,176.3,179.2,180.3,180.5,179.4,175.3,172.6,172.3,171.3,171.0,173.7,174.8,174.9,-26.9,-23.2,-17.2,-10.3,-2.6,7.4,19.6,34.0,50.5,68.7,85.7,100.8,111.2,115.6,115.8,113.6,110.6,-26.2,-21.8,-11.6,0.1,11.1,34.5,46.2,59.2,72.6,83.8,25.4,26.1,26.7,27.3,21.0,26.9,33.2,40.1,46.4,-11.0,-5.7,3.5,12.3,5.0,-4.0,47.7,53.8,63.1,71.9,65.5,56.4,20.5,25.0,31.6,37.4,43.5,54.4,66.0,57.9,48.9,42.0,35.7,27.8,24.1,33.1,38.8,45.3,61.6,46.3,39.8,33.9,-54.2,-35.8,-18.0,-1.0,16.1,31.1,43.1,51.3,51.4,46.4,35.0,19.5,1.4,-18.6,-39.3,-60.2,-81.1,-70.6,-80.0,-83.5,-83.0,-80.1,-84.7,-92.2,-96.6,-96.4,-90.5,-67.5,-54.8,-42.4,-29.8,-19.1,-17.5,-16.7,-19.9,-23.3,-59.9,-66.3,-67.5,-62.5,-59.1,-57.4,-68.9,-76.8,-78.3,-75.0,-70.0,-68.3,11.4,4.0,-0.5,0.3,-2.6,-1.2,2.2,11.9,16.5,18.4,18.9,17.2,10.5,5.9,5.4,3.8,3.2,7.6,9.4,9.6,728.6,729.6,731.2,733.0,731.0,724.9,714.2,698.4,687.7,688.1,696.4,704.8,709.4,709.9,708.0,704.4,703.0,703.4,693.9,683.9,674.3,667.8,662.5,662.2,664.2,666.5,670.8,664.2,657.6,651.0,644.5,665.8,661.3,657.9,658.0,659.0,695.0,688.8,684.5,681.9,684.8,688.9,671.4,669.2,668.2,670.2,668.0,669.0,684.0,670.1,663.0,660.6,659.0,662.9,670.5,664.7,662.8,664.4,667.2,673.5,679.5,665.8,662.8,661.5,669.1,662.8,664.2,667.2,0.600,0.151,0.197,-0.197,319.601,152.827,-19.107,-16.649,-16.564,23.054,-4.429,-1.551,0.854,0.052,8.707,3.997,-0.575,0.091,1.973,-2.088,1.649,-0.187,2.158,-0.124,-0.951,-0.225,0.398,-0.548,0.011,-0.625,0.708,-0.697,0.136,0.015,0.005,0.060,-0.002,0.004,0.062,0.063,0.14,0.48,1.51,0.00,0.39,3.37,0.16,0.31,0.00,0.00,0.00,1.19,0.02,0.05,0.81,0.72,0.00,0.00,0.00,1.00,0.00,1.00,1.00,0.00,0.00,0.00,0.00,0.00,1.00,0.00,0.00,0.00,0.00,0.00,0.00
280,0,27.900,0.98,1,-0.102660,0.084430,-0.991127,-0.247184,0.110614,-0.962634,-0.177,0.100,292.5,293.3,295.8,298.8,300.3,299.8,297.0,294.0,289.7,290.7,292.6,295.4,298.7,301.4,303.5,301.6,298.8,296.0,293.4,291.2,295.5,296.8,297.9,298.2,297.6,296.3,295.2,294.8,327.9,328.5,331.1,334.3,336.2,335.7,333.0,329.6,325.5,326.8,329.0,332.2,335.5,338.2,340.2,338.8,336.5,333.7,330.7,327.8,331.0,332.4,333.6,333.8,333.0,331.6,330.5,330.2,126.0,122.9,121.2,121.9,124.5,127.7,129.2,128.6,128.4,126.1,124.3,123.1,123.1,124.3,126.2,127.5,128.3,129.0,129.3,129.2,126.8,127.1,126.4,125.0,123.9,123.6,124.4,125.7,119.2,116.0,114.3,115.0,117.7,120.8,122.6,122.2,122.0,119.4,117.3,116.0,116.1,117.0,118.8,120.2,121.1,121.8,122.2,122.5,120.1,120.4,119.6,118.3,117.1,116.8,117.6,118.9,-6.5,-5.4,-1.7,2.5,4.7,4.0,-0.1,-4.2,-10.7,-9.2,-6.4,-2.3,2.4,6.3,9.3,6.5,2.6,-1.4,-5.2,-8.4,-2.1,-0.3,1.3,1.8,0.8,-1.0,-2.6,-3.1,42.5,43.4,47.1,51.6,54.1,53.2,49.4,44.8,39.2,41.0,44.0,48.3,53.0,57.0,60.0,57.7,54.3,50.4,46.2,42.3,46.9,48.8,50.4,50.8,49.7,47.8,46.1,45.8,-62.0,-66.5,-68.9,-67.8,-63.9,-59.2,-57.1,-58.1,-59.1,-62.2,-64.5,-66.0,-65.8,-64.2,-61.6,-59.6,-58.3,-57.4,-57.1,-57.6,-60.8,-60.3,-61.4,-63.3,-65.0,-65.5,-64.4,-62.5,-68.5,-73.0,-75.5,-74.6,-70.8,-66.3,-63.8,-64.3,-64.8,-68.2,-70.9,-72.7,-72.8,-71.9,-69.8,-67.5,-65.8,-64.7,-64.1,-63.9,-67.3,-66.9,-68.0,-70.0,-71.7,-72.1,-71.0,-69.0,588.7,589.2,588.8,587.5,586.2,585.7,586.1,587.3,593.6,590.9,588.1,586.1,585.7,586.1,586.8,585.7,584.9,585.5,587.4,590.4,588.2,587.6,587.4,587.6,588.2,588.8,589.0,588.7,561.0,562.2,563.2,563.4,562.6,561.4,560.5,560.5,562.0,561.1,560.3,560.4,562.0,564.6,567.2,564.1,561.3,559.7,559.5,560.6,561.9,562.0,562.4,563.0,563.3,563.2,562.8,562.3,34.9,-35.7,679.2,0.077,0.256,-0.168,281.0,283.1,286.5,290.1,294.4,300.1,307.0,314.9,324.6,335.2,345.1,353.5,359.4,362.0,362.6,362.0,360.7,280.9,284.1,290.3,297.0,303.6,318.5,325.7,333.3,341.2,347.7,312.3,312.5,312.7,312.9,308.3,311.9,315.8,320.0,323.9,289.6,292.9,298.3,303.4,298.9,293.5,325.4,329.4,335.1,340.3,336.4,330.8,306.7,309.9,314.3,317.8,321.7,328.1,334.7,329.5,324.1,319.8,315.9,311.1,308.9,315.0,318.5,322.6,332.0,322.9,318.8,315.2,134.3,145.3,156.0,166.2,175.9,184.0,190.1,194.0,193.8,191.1,184.9,176.8,167.1,156.1,144.5,132.6,120.7,123.3,117.1,114.3,113.8,114.9,112.0,108.0,105.9,106.2,110.1,121.6,128.9,136.1,143.5,151.2,151.9,152.2,150.4,148.5,128.4,124.0,123.1,126.2,128.3,129.5,122.1,117.0,116.1,118.7,121.3,122.3,169.3,164.5,161.6,162.1,160.3,161.5,164.0,168.9,171.4,172.5,172.9,172.2,168.7,165.6,165.2,164.2,164.5,165.9,167.0,167.3,-29.1,-25.2,-19.1,-12.4,-4.6,5.5,17.4,30.5,46.2,64.2,81.8,97.6,108.6,113.4,114.3,113.1,110.9,-28.1,-22.3,-11.4,0.1,11.0,35.4,47.4,60.2,73.4,84.5,25.2,25.3,25.3,25.4,18.5,24.3,30.4,37.3,43.6,-12.8,-7.1,2.3,10.9,3.2,-6.0,47.4,53.9,63.4,72.1,65.4,56.1,16.3,21.3,28.2,33.9,40.1,50.7,62.2,53.0,43.9,37.0,30.9,23.3,19.8,29.5,35.1,41.7,57.6,42.1,35.5,29.8,-63.0,-43.0,-23.6,-5.0,12.5,26.6,36.8,42.6,41.6,37.1,27.1,13.4,-3.2,-22.4,-42.7,-63.3,-84.1,-79.9,-89.5,-93.1,-92.7,-89.9,-94.0,-100.7,-104.5,-104.3,-98.2,-78.2,-65.5,-53.1,-40.6,-29.3,-27.9,-27.2,-30.1,-33.3,-70.0,-76.9,-78.0,-72.3,-69.1,-67.5,-78.3,-86.5,-87.9,-83.8,-79.2,-77.7,0.5,-7.4,-12.0,-11.3,-14.1,-12.2,-8.2,-0.1,3.9,5.7,6.3,5.3,-0.5,-5.6,-6.2,-7.8,-7.4,-5.0,-3.2,-2.8,741.9,741.4,741.1,740.0,735.3,726.2,712.7,694.8,684.1,685.1,694.8,704.4,710.2,711.9,711.6,710.1,710.6,713.0,704.2,695.0,685.6,678.4,673.7,674.0,675.9,677.7,680.9,673.6,665.9,658.0,650.3,670.5,665.4,661.4,661.6,662.7,703.3,697.7,693.4,690.2,692.6,696.9,681.0,679.5,678.4,679.9,677.2,678.2,685.8,672.5,665.8,663.4,662.3,665.8,672.5,665.4,662.6,664.0,666.7,673.6,681.6,667.7,664.8,664.0,670.9,664.0,665.1,668.0,0.595,0.045,0.228,-0.167,318.178,147.508,-12.238,-7.297,-15.789,15.901,-4.708,3.043,2.230,1.523,8.006,-0.165,1.061,2.431,2.524,-0.277,2.687,-0.526,2.059,1.019,-0.350,0.805,0.588,-0.163,-0.618,0.321,0.559,-0.655,0.438,-0.021,-0.001,-0.013,0.071,-0.004,0.032,0.071,0.14,0.34,1.50,0.00,0.43,3.38,0.27,0.36,0.00,0.00,0.00,1.08,0.02,0.13,0.53,0.55,0.07,0.00,0.00,1.00,0.00,1.00,1.00,0.00,0.00,0.00,0.00,0.00,1.00,0.00,0.00,0.00,0.00,0.00,0.00
281,0,28.000,0.93,1,-0.104824,0.052490,-0.993105,-0.253303,0.070288,-0.964830,-0.181,0.063,292.0,292.9,295.5,298.3,299.7,299.1,296.3,293.5,289.1,290.2,292.2,295.0,298.1,300.8,302.8,300.8,298.1,295.3,292.8,290.6,295.0,296.2,297.3,297.7,297.1,295.8,294.7,294.3,327.5,328.2,330.8,334.0,335.7,335.0,332.3,329.1,325.0,326.4,328.7,331.8,335.0,337.7,339.6,338.1,335.8,333.0,330.0,327.2,330.5,331.9,333.1,333.4,332.6,331.2,330.1,329.8,120.0,117.0,115.4,116.1,118.7,121.8,123.2,122.5,122.4,120.2,118.5,117.3,117.4,118.5,120.3,121.5,122.1,122.7,123.1,123.1,120.9,121.2,120.5,119.2,118.1,117.8,118.5,119.8,114.1,111.1,109.5,110.2,112.9,115.9,117.5,117.1,116.7,114.4,112.5,111.3,111.5,112.5,114.2,115.4,116.1,116.6,116.9,117.2,115.1,115.5,114.7,113.4,112.3,111.9,112.6,114.0,-7.3,-6.1,-2.2,1.9,4.0,3.2,-1.0,-5.2,-11.7,-10.1,-7.1,-3.0,1.7,5.5,8.5,5.6,1.6,-2.5,-6.3,-9.4,-3.0,-1.2,0.5,1.0,0.1,-1.7,-3.4,-3.9,43.1,44.2,48.0,52.4,54.8,53.7,49.9,45.2,39.7,41.6,44.7,49.1,53.8,57.8,60.8,58.4,54.8,50.8,46.5,42.6,47.4,49.4,51.1,51.5,50.5,48.6,46.9,46.4,-72.3,-76.8,-79.1,-77.9,-74.0,-69.3,-67.3,-68.4,-69.3,-72.3,-74.5,-76.0,-75.8,-74.2,-71.6,-69.8,-68.7,-67.9,-67.6,-67.9,-70.9,-70.4,-71.4,-73.4,-75.1,-75.6,-74.6,-72.7,-77.6,-82.0,-84.5,-83.4,-79.5,-75.0,-72.6,-73.3,-74.0,-77.2,-79.8,-81.4,-81.3,-80.3,-78.2,-76.1,-74.8,-73.8,-73.4,-73.2,-76.2,-75.8,-76.8,-78.8,-80.5,-81.0,-79.9,-77.9,602.2,603.1,602.8,601.4,599.9,599.1,599.3,600.6,606.9,604.4,601.7,599.9,599.4,599.7,600.3,599.0,598.2,598.7,600.6,603.6,601.6,601.0,600.9,601.3,602.0,602.5,602.7,602.3,576.7,578.1,579.1,579.1,578.0,576.6,575.7,575.9,577.7,576.8,576.0,576.1,577.5,579.9,582.3,579.2,576.5,574.9,574.9,576.1,577.4,577.4,577.8,578.4,578.9,578.9,578.5,577.9,32.8,-45.1,677.0,0.009,0.267,-0.131,280.4,282.2,285.2,288.5,292.7,298.4,305.0,312.4,322.1,332.9,343.2,352.1,358.3,361.2,361.9,361.4,360.4,280.6,284.0,290.3,297.0,303.5,318.3,325.7,333.4,341.3,347.7,311.9,311.8,311.6,311.5,306.3,310.0,314.0,318.5,322.7,289.0,292.5,297.8,302.8,298.1,292.8,324.9,329.1,334.7,339.8,335.6,330.1,303.8,307.6,312.3,315.9,320.0,326.8,334.1,327.8,321.7,317.2,313.3,308.3,305.9,312.9,316.5,320.8,331.3,320.9,316.6,313.0,129.6,140.9,152.1,162.6,172.2,179.9,185.4,188.6,188.3,185.9,180.5,173.2,164.1,153.3,141.8,130.0,118.3,118.2,111.8,108.8,108.3,109.4,107.1,103.6,101.9,102.4,106.8,115.6,122.5,129.4,136.5,144.4,145.0,145.4,143.6,141.7,122.4,118.3,117.4,120.4,122.1,123.2,116.9,112.2,111.5,114.2,116.2,116.9,162.1,157.3,154.5,154.9,153.3,154.5,157.0,161.6,163.8,164.8,165.2,164.8,161.6,158.3,157.9,156.9,157.5,158.5,159.6,159.9,-30.4,-27.0,-21.5,-15.4,-7.8,2.4,13.8,26.0,41.6,59.7,78.1,94.5,106.1,111.6,112.8,112.1,110.7,-28.8,-22.6,-11.5,0.0,10.9,35.3,47.6,60.6,74.0,84.9,24.6,24.1,23.5,23.1,15.3,21.1,27.4,34.7,41.5,-13.8,-7.7,1.4,9.8,1.9,-7.2,46.7,53.6,62.9,71.4,64.2,55.2,11.4,17.3,24.8,30.6,37.2,48.4,61.1,50.0,39.8,32.6,26.4,18.6,14.9,25.9,31.6,38.6,56.3,38.7,31.7,26.0,-72.2,-51.4,-30.9,-11.6,5.8,19.4,28.4,33.0,31.9,28.1,19.4,7.2,-8.5,-27.2,-47.3,-67.9,-88.5,-89.0,-99.0,-102.9,-102.6,-99.5,-102.7,-108.7,-111.8,-111.1,-104.3,-88.4,-75.9,-63.8,-51.6,-40.3,-38.9,-38.0,-41.0,-44.1,-80.4,-86.9,-87.9,-82.4,-79.7,-78.2,-87.2,-94.9,-95.9,-91.6,-87.9,-86.8,-11.6,-19.2,-23.5,-22.8,-25.4,-23.6,-19.7,-12.0,-8.4,-6.7,-6.1,-6.9,-12.3,-17.5,-18.0,-19.5,-18.9,-16.9,-15.2,-14.8,747.0,745.2,743.2,740.2,733.4,722.2,706.6,687.2,676.7,678.2,689.5,700.3,707.0,709.5,709.9,709.8,712.0,715.4,706.9,698.2,688.9,681.1,676.6,677.7,679.6,681.2,683.7,675.1,666.2,657.0,648.2,668.6,662.6,658.0,658.6,660.2,704.1,699.2,695.1,691.6,693.5,697.4,683.0,682.0,680.9,681.6,678.9,680.0,684.9,670.5,663.0,660.4,659.6,663.6,671.4,661.9,657.3,658.3,661.1,669.8,680.9,664.2,661.3,660.8,669.6,659.9,660.6,663.7,0.596,-0.035,0.244,-0.133,316.945,141.838,-4.093,-1.123,-8.299,9.997,-7.596,8.140,2.217,2.806,7.189,-1.724,0.291,3.715,2.424,-1.199,1.853,-0.378,2.007,0.388,0.182,0.971,0.905,-0.468,-0.157,0.386,0.279,-0.343,0.169,0.013,-0.056,-0.043,0.083,-0.044,-0.024,0.078,0.00,0.00,1.31,0.00,0.58,3.40,0.42,0.43,0.00,0.00,0.00,0.92,0.00,0.26,0.19,0.29,0.10,0.00,0.00,1.00,0.00,1.00,1.00,0.00,0.00,0.00,0.00,0.00,1.00,0.00,0.00,0.00,0.00,0.00,0.00
282,0,28.100,0.98,1,-0.108679,0.063186,-0.992067,-0.254566,0.076973,-0.963987,-0.184,0.072,292.5,293.3,295.8,298.6,299.9,299.3,296.6,293.8,289.6,290.7,292.6,295.3,298.4,300.9,302.8,301.0,298.3,295.6,293.1,291.0,295.3,296.5,297.6,298.0,297.4,296.2,295.0,294.7,327.4,328.2,330.8,333.8,335.4,334.6,332.0,328.8,325.0,326.4,328.6,331.6,334.8,337.3,339.2,337.7,335.4,332.7,329.8,327.0,330.3,331.6,332.8,333.1,332.4,331.1,329.9,329.6,116.7,113.9,112.4,113.0,115.5,118.6,119.9,119.2,119.0,116.9,115.3,114.2,114.3,115.4,117.2,118.3,118.8,119.4,119.7,119.7,117.6,117.9,117.3,116.0,114.9,114.6,115.3,116.5,111.7,108.8,107.3,108.2,110.8,113.7,115.2,114.6,114.1,111.9,110.2,109.2,109.5,110.5,112.2,113.3,113.9,114.3,114.5,114.7,112.8,113.2,112.5,111.2,110.1,109.7,110.4,111.6,-6.9,-5.7,-1.8,2.4,4.5,3.6,-0.7,-4.8,-11.4,-9.7,-6.7,-2.5,2.1,6.0,8.9,6.0,2.0,-2.1,-5.9,-9.1,-2.6,-0.8,0.9,1.5,0.6,-1.3,-3.0,-3.5,44.5,45.7,49.6,54.0,56.2,55.0,51.0,46.5,41.0,43.0,46.1,50.6,55.3,59.3,62.2,59.7,56.1,52.0,47.8,43.9,48.8,50.7,52.4,52.9,52.0,50.0,48.3,47.8,-79.7,-84.1,-86.4,-85.2,-81.2,-76.4,-74.5,-75.7,-76.7,-79.7,-81.8,-83.2,-82.9,-81.3,-78.8,-76.9,-75.9,-75.1,-74.9,-75.3,-78.2,-77.7,-78.7,-80.6,-82.3,-82.9,-81.9,-79.9,-83.8,-88.2,-90.5,-89.3,-85.3,-80.8,-78.6,-79.4,-80.4,-83.5,-85.9,-87.4,-87.2,-86.0,-83.8,-81.8,-80.5,-79.7,-79.4,-79.3,-82.3,-81.7,-82.7,-84.7,-86.5,-87.0,-86.0,-84.0,621.7,622.6,622.3,621.0,619.5,618.7,618.9,620.1,626.4,623.9,621.2,619.4,619.0,619.4,620.1,618.7,617.8,618.3,620.1,623.1,621.2,620.6,620.5,620.9,621.5,622.1,622.2,621.8,596.7,598.1,599.0,598.9,597.9,596.5,595.6,595.9,597.7,596.8,596.0,596.0,597.4,599.8,602.1,599.1,596.4,594.9,594.8,596.1,597.4,597.4,597.8,598.3,598.8,598.8,598.4,597.8,31.5,-49.5,676.3,-0.000,0.267,-0.096,280.4,281.6,284.0,287.0,290.6,295.8,302.1,309.6,319.5,330.8,341.6,350.8,357.3,360.6,361.5,361.2,360.5,281.5,284.9,291.2,297.9,304.3,318.4,325.8,333.7,341.6,347.6,311.9,311.5,311.1,310.8,305.8,309.3,313.1,317.6,321.6,289.4,292.9,298.1,302.9,298.3,293.2,324.8,329.0,334.4,339.3,335.2,329.9,302.9,306.7,311.3,314.8,318.9,325.3,332.3,326.1,320.2,315.8,312.0,307.3,305.0,311.8,315.3,319.5,329.6,319.5,315.3,311.8,125.8,137.0,148.3,158.9,168.6,176.5,182.1,185.6,185.8,183.9,179.0,172.0,163.0,152.2,140.5,128.4,116.5,114.1,107.8,105.0,104.6,105.9,103.9,100.4,99.0,100.1,104.8,112.5,119.3,125.9,132.8,141.2,141.9,142.4,140.8,139.2,119.0,115.1,114.3,117.2,118.9,119.8,114.3,109.9,109.5,112.2,114.0,114.6,159.4,154.8,152.3,152.8,151.4,152.8,155.4,159.5,161.3,162.1,162.3,161.8,158.9,156.0,155.7,154.9,155.7,156.2,157.1,157.2,-30.4,-28.1,-23.6,-18.2,-11.5,-2.1,8.8,21.1,37.2,56.0,75.1,92.1,104.3,110.4,112.1,111.5,110.5,-27.2,-21.0,-9.9,1.6,12.2,35.4,47.9,61.2,74.3,84.7,24.6,23.7,22.7,21.9,14.4,19.9,26.0,33.2,39.9,-13.0,-7.0,1.9,10.0,2.3,-6.6,46.5,53.4,62.4,70.6,63.5,54.7,9.9,15.9,23.2,28.8,35.3,46.0,57.9,47.1,37.3,30.2,24.3,16.8,13.3,24.0,29.5,36.4,53.3,36.4,29.5,24.0,-79.0,-58.3,-37.7,-18.3,-0.7,13.2,22.6,27.9,27.7,24.7,16.8,5.1,-10.4,-29.1,-49.5,-70.5,-91.4,-96.1,-105.9,-109.5,-108.8,-105.4,-108.0,-113.8,-116.5,-114.9,-107.5,-93.4,-81.2,-69.4,-57.4,-45.5,-43.9,-42.9,-45.5,-48.3,-86.1,-92.3,-93.1,-87.8,-85.1,-83.9,-91.5,-98.6,-99.2,-94.8,-91.4,-90.6,-16.0,-23.2,-27.1,-26.2,-28.5,-26.3,-22.3,-15.4,-12.5,-11.1,-10.9,-11.8,-16.7,-21.2,-21.5,-22.7,-21.7,-20.7,-19.3,-19.2,745.4,743.6,742.0,739.4,732.1,720.5,704.4,685.0,674.7,676.2,687.6,698.4,705.4,708.5,709.2,708.6,710.6,714.9,706.7,698.2,688.9,681.3,676.4,677.1,679.2,680.5,683.2,675.0,666.1,656.9,648.0,667.8,662.2,657.9,658.4,659.9,703.4,698.6,694.7,691.5,693.2,696.9,682.2,681.0,679.8,680.6,678.0,679.2,682.3,668.6,662.0,659.5,658.8,662.3,669.3,660.3,656.6,657.5,660.3,668.1,678.1,663.0,660.3,659.8,667.6,659.0,659.7,662.6,0.597,-0.052,0.247,-0.098,316.224,139.145,-6.000,-3.204,-13.270,11.520,-9.378,7.657,4.570,1.417,7.880,0.764,-0.810,1.742,1.435,-3.091,1.238,0.537,0.751,-0.521,-1.071,0.123,1.214,0.001,0.119,0.919,0.547,-0.720,0.121,0.031,-0.071,-0.024,0.013,-0.046,-0.008,0.088,0.00,0.00,1.12,0.00,0.61,3.36,0.35,0.23,0.00,0.00,0.00,0.66,0.00,0.28,0.00,0.00,0.10,0.00,0.00,1.00,0.00,1.00,1.00,0.00,0.00,0.00,0.00,0.00,1.00,0.00,0.00,0.00,0.00,0.00,0.00
283,0,28.200,0.98,1,-0.112852,0.123991,-0.985845,-0.260195,0.139976,-0.955356,-0.190,0.135,291.5,292.3,294.8,297.5,298.8,298.2,295.5,292.8,288.7,289.8,291.7,294.3,297.4,299.8,301.7,299.8,297.3,294.6,292.2,290.1,294.3,295.4,296.5,296.9,296.3,295.1,294.0,293.7,325.9,326.6,329.2,332.2,333.7,333.0,330.4,327.3,323.5,324.9,327.0,330.1,333.1,335.7,337.5,336.0,333.8,331.1,328.3,325.5,328.7,330.0,331.2,331.5,330.8,329.5,328.4,328.1,120.9,118.1,116.6,117.4,119.9,122.9,124.1,123.4,122.9,120.9,119.4,118.5,118.7,119.7,121.5,122.6,123.2,123.7,123.9,123.8,121.8,122.1,121.5,120.3,119.2,118.9,119.5,120.7,116.3,113.4,111.9,112.7,115.4,118.3,119.8,119.2,118.7,116.5,114.7,113.8,114.0,115.0,116.6,117.8,118.5,119.0,119.2,119.3,117.3,117.7,117.0,115.8,114.6,114.3,114.9,116.2,-8.6,-7.3,-3.4,0.8,2.8,1.9,-2.3,-6.5,-13.1,-11.3,-8.3,-4.1,0.5,4.4,7.2,4.4,0.4,-3.7,-7.5,-10.7,-4.3,-2.4,-0.8,-0.2,-1.1,-2.9,-4.6,-5.2,42.8,43.9,47.9,52.2,54.4,53.2,49.3,44.7,39.3,41.2,44.4,48.8,53.5,57.5,60.4,58.0,54.4,50.3,46.1,42.2,47.0,48.9,50.6,51.2,50.2,48.3,46.6,46.0,-74.9,-79.3,-81.6,-80.3,-76.2,-71.5,-69.6,-70.9,-72.3,-75.1,-77.1,-78.4,-78.0,-76.4,-73.8,-71.9,-70.9,-70.1,-70.0,-70.6,-73.4,-72.9,-73.8,-75.8,-77.5,-78.1,-77.1,-75.2,-78.0,-82.4,-84.7,-83.5,-79.5,-75.1,-72.8,-73.6,-74.6,-77.7,-80.2,-81.6,-81.5,-80.4,-78.2,-76.1,-74.6,-73.8,-73.5,-73.5,-76.5,-76.0,-77.0,-79.0,-80.7,-81.2,-80.2,-78.3,635.4,636.0,635.6,634.4,633.1,632.7,633.0,634.2,640.3,637.6,634.8,632.9,632.5,633.0,633.9,632.7,631.8,632.3,634.2,637.2,635.0,634.5,634.3,634.5,635.1,635.6,635.8,635.6,603.8,605.0,605.7,605.7,604.9,603.8,603.0,603.2,605.0,603.9,603.0,602.9,604.4,606.8,609.3,606.3,603.7,602.2,602.2,603.4,604.6,604.6,604.9,605.4,605.8,605.8,605.4,604.9,29.6,-43.5,684.9,0.085,0.274,-0.102,279.7,280.6,282.7,285.5,288.8,293.8,300.0,307.8,317.9,329.2,340.1,349.5,356.3,359.7,360.6,360.3,359.6,280.9,284.0,290.0,296.6,302.9,316.6,324.1,332.0,339.8,345.8,310.3,310.0,309.7,309.3,304.6,308.1,311.9,316.2,320.2,288.6,291.9,297.0,301.7,297.3,292.3,323.4,327.4,332.8,337.6,333.6,328.4,301.8,305.4,309.8,313.4,317.4,323.8,330.7,324.6,318.8,314.3,310.6,306.0,303.9,310.2,313.8,318.0,328.1,318.0,313.8,310.2,127.8,138.4,148.8,159.0,168.7,177.0,183.6,188.4,189.1,187.1,181.6,174.2,164.9,154.1,142.4,130.5,118.5,116.6,110.7,108.1,108.0,109.7,107.6,103.8,102.2,103.5,108.1,117.5,124.5,131.4,138.5,146.1,147.1,147.7,146.2,144.5,123.0,119.2,118.6,121.5,123.3,124.1,118.8,114.5,114.0,116.6,118.7,119.3,163.7,159.6,157.4,158.0,156.6,157.8,160.3,164.5,166.4,167.1,167.1,166.4,163.3,161.2,161.0,160.3,160.6,161.4,162.1,162.1,-31.7,-30.0,-26.2,-21.1,-14.9,-5.8,5.3,18.5,35.2,54.5,73.8,91.2,103.7,109.9,111.5,110.7,109.5,-28.4,-22.7,-12.0,-0.6,9.9,32.6,44.9,58.3,71.4,81.7,22.1,21.4,20.6,19.8,12.6,18.3,24.4,31.4,38.1,-14.6,-8.7,0.0,8.0,0.5,-8.1,44.3,50.8,59.8,67.9,61.1,52.4,8.2,14.0,21.1,26.8,33.3,44.1,56.1,45.4,35.6,28.4,22.3,15.0,11.7,21.8,27.5,34.4,51.5,34.3,27.5,21.8,-75.5,-56.1,-37.0,-18.4,-0.6,14.4,25.6,33.3,34.0,30.6,21.7,9.0,-7.1,-26.2,-46.6,-67.3,-88.2,-92.3,-101.6,-104.7,-103.4,-99.5,-102.0,-108.3,-111.1,-109.3,-102.0,-85.6,-73.3,-61.2,-49.1,-38.0,-36.0,-34.8,-37.3,-40.1,-79.9,-85.8,-86.3,-81.0,-78.2,-77.3,-84.3,-91.2,-91.8,-87.7,-83.9,-83.1,-9.0,-15.6,-19.1,-18.0,-20.3,-18.4,-14.5,-7.4,-4.3,-3.1,-3.0,-4.4,-9.5,-12.9,-13.1,-14.3,-14.0,-12.5,-11.3,-11.3,748.2,747.8,747.8,747.5,742.7,733.0,718.4,699.6,688.7,689.3,698.9,708.2,714.0,716.0,715.4,713.3,713.5,719.0,710.4,701.1,691.6,684.5,678.0,677.5,679.1,680.5,683.4,678.8,671.4,663.9,656.6,676.6,671.6,667.6,667.6,668.5,708.7,703.1,698.8,696.0,698.2,702.3,684.7,682.7,681.3,682.4,680.3,681.7,692.1,678.3,671.6,669.0,667.6,670.9,677.9,670.2,667.1,668.5,671.4,679.0,687.8,673.1,670.1,669.0,676.3,668.6,669.8,672.9,0.591,0.039,0.257,-0.101,314.848,143.005,-10.036,-11.124,-18.069,9.551,-8.547,3.522,2.616,-0.053,5.538,4.804,-2.325,0.413,0.445,-3.140,1.601,1.018,0.178,-0.652,-0.935,0.084,0.431,0.201,0.385,0.083,0.617,-0.836,0.187,0.050,-0.040,-0.008,0.019,-0.017,0.016,0.081,0.13,0.39,1.06,0.00,0.62,3.40,0.16,0.08,0.00,0.00,0.00,0.63,0.00,0.23,0.06,0.00,0.03,0.00,0.00,1.00,0.00,1.00,1.00,0.00,0.00,0.00,0.00,0.00,1.00,0.00,0.00,0.00,0.00,0.00,0.00
284,0,28.300,0.88,1,-0.109936,0.163764,-0.980355,-0.252036,0.184748,-0.949919,-0.185,0.179,290.0,290.9,293.4,296.1,297.5,296.9,294.1,291.4,287.2,288.3,290.2,292.9,296.0,298.6,300.5,298.6,296.0,293.2,290.8,288.7,292.8,294.0,295.2,295.5,294.9,293.7,292.6,292.3,324.7,325.5,328.2,331.2,332.8,332.1,329.4,326.1,322.2,323.7,325.9,329.0,332.2,334.8,336.7,335.2,332.9,330.2,327.2,324.4,327.7,329.0,330.2,330.5,329.8,328.5,327.3,327.0,127.0,124.1,122.6,123.4,126.0,129.1,130.4,129.6,128.8,126.9,125.4,124.5,124.7,125.9,127.7,128.9,129.6,130.1,130.2,129.8,127.9,128.3,127.6,126.3,125.2,124.8,125.5,126.8,122.7,119.6,118.0,118.9,121.6,124.7,126.3,125.7,125.0,122.8,121.0,120.0,120.2,121.1,122.8,124.1,125.0,125.5,125.7,125.8,123.7,124.1,123.4,122.0,120.8,120.5,121.2,122.5,-10.6,-9.3,-5.5,-1.3,0.7,-0.2,-4.3,-8.5,-14.9,-13.3,-10.3,-6.1,-1.5,2.4,5.3,2.4,-1.6,-5.7,-9.4,-12.7,-6.3,-4.5,-2.8,-2.2,-3.1,-4.9,-6.6,-7.2,39.5,40.7,44.6,48.9,51.2,50.0,46.1,41.5,36.1,38.0,41.2,45.6,50.3,54.2,57.1,54.7,51.2,47.2,43.0,39.0,43.8,45.7,47.4,47.9,46.9,45.0,43.3,42.8,-63.6,-68.0,-70.2,-68.8,-64.8,-60.1,-58.2,-59.5,-61.3,-63.9,-65.8,-67.0,-66.6,-64.9,-62.3,-60.4,-59.3,-58.6,-58.6,-59.4,-62.1,-61.5,-62.5,-64.4,-66.2,-66.8,-65.8,-63.9,-66.1,-70.5,-72.9,-71.7,-67.7,-63.2,-60.9,-61.7,-62.8,-65.9,-68.3,-69.8,-69.7,-68.7,-66.6,-64.3,-62.8,-61.8,-61.5,-61.6,-64.7,-64.2,-65.2,-67.1,-68.9,-69.4,-68.4,-66.4,617.2,617.4,616.7,615.5,614.6,614.5,615.0,616.2,622.3,619.4,616.4,614.3,613.9,614.4,615.4,614.4,613.7,614.3,616.3,619.2,616.8,616.3,616.0,616.1,616.5,617.0,617.3,617.2,582.0,582.9,583.6,583.7,583.1,582.2,581.5,581.6,583.2,582.0,581.0,580.9,582.5,585.0,587.7,584.7,582.1,580.6,580.5,581.7,582.8,582.9,583.2,583.6,583.8,583.8,583.5,583.1,27.7,-33.0,682.7,0.155,0.267,-0.121,278.6,279.5,281.6,284.3,287.6,292.4,298.7,306.8,317.1,328.6,339.5,348.8,355.4,358.5,359.2,358.9,358.2,279.4,282.3,288.2,294.9,301.3,314.7,322.0,330.0,337.9,344.1,308.8,308.7,308.4,308.1,303.4,307.1,311.0,315.4,319.4,287.1,290.4,295.6,300.5,296.1,290.9,322.1,326.2,331.8,336.8,332.8,327.4,300.7,304.4,308.8,312.5,316.5,323.2,330.3,324.3,318.2,313.7,309.8,305.1,302.9,309.3,312.9,317.1,327.6,317.2,313.0,309.3,133.0,143.3,153.2,163.0,172.5,181.1,188.2,193.8,194.9,192.8,186.8,178.7,168.9,157.8,146.0,134.2,122.2,121.2,115.5,113.2,113.4,115.4,113.5,109.3,107.5,108.6,113.0,124.1,131.3,138.5,146.0,153.1,154.2,155.0,153.4,151.7,128.8,125.2,124.7,127.8,129.6,130.3,125.1,120.8,120.2,122.7,125.1,125.8,170.6,166.8,164.7,165.4,163.9,165.1,167.3,172.4,174.5,175.2,175.2,174.1,170.4,168.6,168.5,167.8,167.7,169.3,170.0,169.9,-33.4,-31.8,-28.1,-23.0,-17.0,-8.3,2.9,16.8,34.0,53.7,72.9,90.1,102.0,107.6,108.6,107.6,106.1,-30.8,-25.4,-15.0,-3.5,7.1,29.0,40.9,54.1,67.2,77.8,19.5,19.0,18.4,17.8,10.6,16.6,22.9,30.0,36.7,-17.1,-11.3,-2.3,5.9,-1.6,-10.4,41.7,48.4,57.5,66.0,59.2,50.2,6.3,12.3,19.4,25.4,31.9,43.0,55.2,44.7,34.6,27.4,21.1,13.5,9.9,20.3,26.2,33.0,50.6,33.1,26.2,20.3,-65.2,-46.7,-28.6,-11.0,6.3,21.7,33.9,42.7,44.0,40.3,30.6,16.8,-0.1,-19.7,-40.1,-60.5,-81.2,-83.4,-92.2,-94.8,-93.1,-88.9,-91.2,-97.9,-101.0,-99.5,-92.6,-74.1,-61.6,-49.3,-36.9,-26.3,-24.2,-22.9,-25.4,-28.2,-69.3,-74.9,-75.2,-69.7,-67.0,-66.2,-72.9,-79.8,-80.6,-76.7,-72.5,-71.5,2.7,-3.6,-7.1,-5.9,-8.3,-6.4,-2.8,5.5,9.1,10.2,10.3,8.4,2.3,-0.7,-0.7,-1.9,-2.1,0.6,1.7,1.5,740.0,740.3,741.5,743.2,741.1,733.8,720.7,702.9,691.8,692.0,700.6,709.0,713.5,714.2,712.2,708.9,707.8,712.6,703.4,693.4,683.6,676.7,670.3,669.1,670.4,671.6,674.3,672.7,666.3,659.7,653.3,674.0,669.6,666.0,665.9,666.5,704.0,697.6,693.0,690.4,693.2,697.5,678.1,675.6,674.1,675.7,673.9,675.3,692.1,677.6,670.4,667.7,666.1,669.4,676.7,669.8,667.1,668.6,671.7,679.4,687.7,672.4,669.3,667.9,675.3,667.8,669.2,672.5,0.594,0.121,0.249,-0.118,313.727,149.147,-14.887,-16.626,-19.797,12.997,-7.689,-0.139,-1.143,-0.511,2.689,8.470,-1.280,-1.205,-0.027,-2.828,-0.873,0.301,1.909,-1.181,-1.265,0.398,0.798,0.070,-0.317,-0.630,0.182,-0.611,0.009,-0.059,0.016,0.016,-0.000,0.024,-0.010,0.055,0.13,0.39,1.01,0.00,0.54,3.29,0.10,0.08,0.00,0.00,0.00,0.62,0.00,0.21,0.20,0.00,0.00,0.00,0.00,1.00,0.00,1.00,1.00,0.00,0.00,0.00,0.00,0.00,1.00,0.00,0.00,0.00,0.00,0.00,0.00
285,0,28.400,0.98,1,-0.107415,0.125999,-0.986198,-0.256942,0.144494,-0.955564,-0.185,0.138,288.5,289.4,292.0,294.7,296.1,295.4,292.6,289.8,285.6,286.7,288.7,291.5,294.6,297.1,299.0,297.1,294.5,291.7,289.2,287.1,291.3,292.6,293.7,294.1,293.5,292.3,291.1,290.8,323.3,324.1,326.7,329.8,331.5,330.7,328.0,324.8,320.9,322.3,324.5,327.6,330.8,333.4,335.3,333.8,331.5,328.8,325.8,323.0,326.3,327.6,328.8,329.1,328.4,327.1,325.9,325.6,125.3,122.4,120.9,121.7,124.4,127.5,128.8,128.0,127.4,125.3,123.8,122.8,123.0,124.2,126.1,127.3,127.9,128.4,128.6,128.3,126.3,126.7,126.0,124.7,123.6,123.3,123.9,125.2,120.8,117.7,116.2,117.0,119.7,122.7,124.3,123.8,123.3,120.9,119.1,118.0,118.2,119.2,120.9,122.2,123.0,123.6,123.8,123.9,121.8,122.1,121.5,120.1,118.9,118.6,119.3,120.6,-12.7,-11.4,-7.6,-3.4,-1.4,-2.3,-6.6,-10.7,-17.2,-15.5,-12.4,-8.3,-3.6,0.2,3.1,0.2,-3.8,-7.9,-11.7,-14.9,-8.5,-6.6,-5.0,-4.4,-5.3,-7.1,-8.8,-9.3,37.5,38.6,42.5,46.8,49.1,48.0,44.1,39.5,34.0,35.9,39.0,43.5,48.1,52.1,55.1,52.7,49.1,45.1,40.9,37.0,41.7,43.7,45.4,45.8,44.8,42.9,41.2,40.7,-65.4,-69.9,-72.0,-70.7,-66.6,-62.0,-60.1,-61.4,-62.9,-65.7,-67.7,-69.0,-68.5,-66.8,-64.1,-62.3,-61.2,-60.5,-60.5,-61.2,-63.9,-63.3,-64.3,-66.2,-68.0,-68.6,-67.6,-65.7,-68.6,-73.1,-75.4,-74.3,-70.3,-65.9,-63.5,-64.3,-65.2,-68.4,-70.9,-72.5,-72.4,-71.3,-69.1,-66.9,-65.4,-64.5,-64.1,-64.1,-67.2,-66.7,-67.8,-69.7,-71.5,-72.0,-70.9,-69.0,611.7,612.2,611.6,610.4,609.2,608.8,609.2,610.5,616.7,613.9,611.0,609.0,608.6,609.1,609.9,608.8,608.1,608.6,610.6,613.5,611.2,610.7,610.4,610.7,611.2,611.7,612.0,611.8,580.6,581.7,582.5,582.5,581.7,580.6,579.8,580.0,581.7,580.6,579.8,579.7,581.2,583.6,586.1,583.1,580.5,579.0,579.0,580.2,581.4,581.4,581.7,582.2,582.5,582.5,582.2,581.7,25.4,-35.1,684.0,0.116,0.269,-0.115,277.0,278.2,280.6,283.5,287.0,291.9,298.3,306.0,315.8,327.0,337.7,347.0,353.8,357.1,358.1,357.8,357.1,277.5,280.8,286.9,293.5,299.8,313.8,321.2,329.0,337.0,343.4,307.4,307.2,306.8,306.6,302.0,305.5,309.3,313.6,317.6,285.5,288.9,294.2,299.1,294.6,289.3,320.8,324.8,330.4,335.5,331.4,325.9,299.6,303.1,307.5,311.0,314.9,321.4,328.4,322.4,316.6,312.3,308.5,303.9,301.7,308.0,311.4,315.5,325.7,315.7,311.5,308.0,132.1,142.7,153.1,163.1,172.8,181.2,188.0,193.0,193.8,191.8,186.2,178.5,169.1,158.2,146.5,134.5,122.4,121.4,115.9,113.8,114.0,115.7,113.6,109.7,107.9,108.5,112.6,122.6,129.8,137.0,144.4,151.4,152.5,153.1,151.5,149.8,127.4,123.6,123.0,126.2,127.9,128.7,123.4,118.8,118.2,120.8,123.2,123.8,168.7,164.8,162.5,163.2,161.7,162.9,165.2,170.0,172.1,172.9,173.0,172.0,168.4,166.3,166.2,165.4,165.6,166.9,167.6,167.6,-36.6,-34.4,-30.1,-24.7,-18.3,-9.1,2.2,15.4,31.9,50.8,69.9,87.0,99.5,105.5,107.0,106.2,104.8,-34.2,-28.1,-17.2,-5.9,4.6,27.8,39.9,53.0,66.3,77.3,17.2,16.6,16.0,15.3,8.2,13.9,20.0,27.1,33.7,-19.9,-13.9,-4.8,3.5,-4.2,-13.2,39.7,46.4,55.6,64.1,57.2,48.2,4.4,10.1,17.2,22.9,29.3,40.1,52.1,41.8,32.1,25.0,19.0,11.4,8.0,18.1,23.7,30.4,47.5,30.6,23.9,18.2,-67.4,-48.1,-29.1,-10.9,6.8,22.0,33.5,41.3,42.0,38.6,29.5,16.5,0.2,-19.0,-39.5,-60.3,-81.3,-83.6,-92.0,-94.3,-92.7,-88.9,-91.6,-97.9,-101.2,-100.3,-94.0,-76.8,-64.2,-51.9,-39.4,-29.2,-27.2,-26.0,-28.6,-31.4,-72.1,-78.1,-78.6,-72.8,-70.1,-69.2,-76.3,-83.7,-84.4,-80.2,-76.1,-75.2,-0.6,-7.0,-10.7,-9.6,-12.0,-10.1,-6.4,1.6,5.1,6.5,6.6,5.0,-1.0,-4.5,-4.7,-5.9,-5.7,-3.5,-2.2,-2.3,746.0,745.8,746.1,746.4,742.9,734.5,720.7,702.1,690.8,691.2,700.7,709.8,715.3,716.5,715.1,712.2,711.5,717.0,707.3,697.8,688.1,680.8,674.7,674.0,675.3,676.6,679.6,675.7,668.7,661.5,654.5,675.2,670.2,666.4,666.4,667.1,707.5,701.5,697.0,694.1,696.5,700.9,682.3,680.0,678.6,679.8,677.8,679.2,693.2,678.7,671.5,668.8,667.3,670.7,677.5,670.4,667.8,669.5,672.5,680.3,688.7,673.4,670.3,669.0,676.1,668.8,670.3,673.5,0.592,0.080,0.256,-0.114,312.352,147.937,-9.017,-13.421,-15.545,11.234,-7.185,3.742,1.918,0.814,8.015,2.455,1.393,0.814,0.964,-2.248,1.270,0.489,2.499,0.581,-0.772,0.574,1.014,-0.312,-0.463,0.370,0.671,-0.554,0.168,-0.038,0.046,0.028,0.021,0.020,0.048,0.071,0.13,0.39,1.19,0.00,0.58,3.34,0.22,0.20,0.00,0.00,0.00,0.49,0.00,0.21,0.30,0.00,0.14,0.00,0.00,1.00,0.00,1.00,1.00,0.00,0.00,0.00,0.00,0.00,1.00,0.00,0.00,0.00,0.00,0.00,0.00
286,0,28.500,0.98,1,-0.106467,0.094624,-0.989803,-0.264815,0.110373,-0.957962,-0.188,0.105,287.9,288.8,291.4,294.2,295.4,294.8,291.9,289.2,285.0,286.1,288.1,290.9,294.0,296.5,298.3,296.4,293.8,291.0,288.5,286.4,290.7,291.9,293.0,293.4,292.9,291.7,290.6,290.2,322.6,323.3,326.0,329.0,330.7,329.9,327.2,324.0,320.2,321.5,323.7,326.8,330.0,332.6,334.6,333.0,330.7,327.9,325.0,322.2,325.5,326.9,328.0,328.4,327.7,326.3,325.2,324.8,119.7,116.9,115.4,116.2,118.8,121.8,123.1,122.3,121.9,119.8,118.2,117.2,117.5,118.7,120.6,121.6,122.2,122.6,122.8,122.7,120.7,121.1,120.4,119.2,118.1,117.7,118.4,119.6,115.4,112.4,110.9,111.7,114.3,117.3,118.8,118.3,117.9,115.5,113.7,112.6,112.9,113.9,115.7,116.9,117.6,118.0,118.3,118.4,116.4,116.8,116.1,114.8,113.6,113.3,114.0,115.3,-13.8,-12.4,-8.4,-4.3,-2.4,-3.4,-7.6,-11.8,-18.3,-16.5,-13.4,-9.2,-4.5,-0.8,2.0,-0.8,-4.9,-9.0,-12.8,-16.0,-9.5,-7.7,-6.0,-5.4,-6.2,-8.0,-9.8,-10.4,36.9,38.0,41.9,46.3,48.5,47.3,43.4,38.9,33.4,35.3,38.4,42.9,47.6,51.6,54.6,52.0,48.5,44.4,40.2,36.3,41.1,43.0,44.8,45.3,44.3,42.4,40.7,40.2,-74.6,-79.0,-81.1,-79.8,-75.7,-71.0,-69.2,-70.5,-71.9,-74.8,-76.9,-78.1,-77.6,-75.9,-73.1,-71.4,-70.4,-69.8,-69.7,-70.3,-73.0,-72.4,-73.4,-75.3,-77.0,-77.6,-76.7,-74.8,-77.2,-81.7,-84.0,-82.8,-78.8,-74.4,-72.1,-72.9,-73.8,-77.0,-79.6,-81.1,-80.9,-79.6,-77.4,-75.3,-74.0,-73.1,-72.8,-72.7,-75.8,-75.3,-76.3,-78.2,-80.0,-80.5,-79.5,-77.5,617.6,618.4,618.0,616.7,615.3,614.6,614.9,616.1,622.4,619.8,617.1,615.2,614.8,615.2,615.9,614.6,613.8,614.2,616.1,619.1,617.1,616.5,616.4,616.7,617.3,617.9,618.0,617.7,587.6,588.9,589.7,589.6,588.6,587.2,586.4,586.7,588.7,587.7,586.9,586.8,588.1,590.4,592.7,589.7,587.1,585.6,585.7,587.0,588.2,588.1,588.5,589.1,589.5,589.6,589.2,588.7,23.9,-44.1,684.4,0.072,0.272,-0.092,276.3,277.4,279.7,282.6,286.1,291.0,297.2,304.5,314.0,324.9,335.5,344.9,352.1,356.0,357.3,357.5,357.0,277.0,280.6,286.8,293.3,299.5,313.2,320.7,328.7,336.7,343.1,306.8,306.5,306.1,305.7,300.8,304.2,308.0,312.5,316.6,284.9,288.4,293.6,298.4,293.8,288.6,320.0,324.1,329.7,334.7,330.5,325.1,298.1,301.5,306.1,309.7,313.8,320.6,327.6,321.7,315.7,311.2,307.3,302.4,300.3,306.6,310.1,314.4,325.0,314.9,310.6,307.0,127.4,138.3,149.1,159.4,169.0,177.1,183.3,187.8,188.6,186.9,182.0,175.1,166.2,155.5,143.8,131.7,119.5,116.3,110.6,108.4,108.3,109.9,108.0,104.4,102.9,103.8,108.1,116.8,123.8,130.7,137.8,145.1,146.0,146.6,145.1,143.4,121.9,118.0,117.4,120.7,122.2,122.9,118.0,113.4,112.9,115.7,117.7,118.3,162.7,158.2,155.7,156.3,154.9,156.3,159.1,164.5,167.0,167.9,168.0,166.7,162.4,159.4,159.2,158.5,159.6,161.7,162.5,162.5,-38.0,-35.9,-31.6,-26.4,-19.8,-10.7,0.4,12.8,28.7,47.0,65.8,83.0,96.1,103.3,105.6,105.7,105.0,-35.3,-28.6,-17.6,-6.2,4.1,26.9,39.4,52.7,66.2,77.1,16.3,15.6,14.7,13.9,6.2,11.9,18.0,25.3,32.0,-21.1,-14.8,-5.8,2.4,-5.4,-14.4,38.6,45.4,54.5,63.0,55.9,46.9,1.9,7.5,15.0,20.8,27.4,38.7,50.9,40.6,30.5,23.3,17.0,9.0,5.5,15.9,21.5,28.5,46.4,29.3,22.3,16.4,-76.3,-56.3,-36.4,-17.6,0.0,14.5,25.2,32.2,32.9,30.2,22.3,10.6,-4.8,-23.6,-44.1,-65.2,-86.5,-92.9,-101.6,-104.1,-102.8,-99.1,-101.3,-107.3,-110.0,-108.7,-102.0,-86.8,-74.4,-62.3,-50.0,-39.6,-37.7,-36.5,-39.0,-41.8,-81.9,-88.0,-88.4,-82.4,-80.1,-79.3,-85.5,-93.0,-93.6,-89.2,-85.5,-84.6,-10.7,-18.0,-21.9,-20.8,-23.1,-20.8,-16.4,-7.3,-3.2,-1.8,-1.7,-3.9,-11.2,-15.8,-16.0,-17.2,-15.6,-12.0,-10.6,-10.7,748.8,747.7,746.9,746.0,741.1,731.6,717.1,698.3,687.3,687.6,697.4,706.7,712.4,714.6,714.3,713.2,714.0,719.5,710.4,701.2,691.4,683.6,678.1,677.9,679.3,680.5,683.2,678.1,670.6,662.9,655.4,675.5,669.9,665.7,665.7,666.6,709.3,703.6,699.2,696.0,698.3,702.6,684.5,682.8,681.3,682.2,680.0,681.4,693.4,678.9,671.1,668.1,666.7,670.2,677.2,670.2,667.2,669.0,672.2,680.5,689.3,672.6,669.4,668.1,676.2,668.7,670.2,673.7,0.591,0.024,0.263,-0.092,311.427,142.635,-12.269,-12.048,-8.051,10.138,-4.940,3.519,6.242,3.499,9.050,1.799,1.119,1.383,1.903,-1.157,0.862,1.270,2.585,-0.505,-0.898,0.750,1.614,0.200,-0.358,0.947,0.349,-0.437,0.231,0.061,0.030,0.006,0.073,-0.008,0.006,0.090,0.00,0.00,1.42,0.00,0.58,3.22,0.24,0.23,0.00,0.00,0.00,0.26,0.08,0.18,0.43,0.00,0.42,0.00,0.00,1.00,0.00,1.00,1.00,0.00,0.00,0.00,0.00,0.00,1.00,0.00,0.00,0.00,0.00,0.00,0.00
287,0,28.600,0.98,1,-0.110563,0.111790,-0.987562,-0.267354,0.127585,-0.955115,-0.192,0.123,287.7,288.6,291.1,293.8,295.0,294.4,291.6,289.0,284.8,286.0,287.9,290.6,293.6,296.0,297.8,296.0,293.4,290.8,288.3,286.3,290.4,291.6,292.7,293.1,292.5,291.4,290.3,289.9,321.8,322.6,325.2,328.1,329.7,328.9,326.3,323.2,319.4,320.8,323.0,326.0,329.1,331.6,333.5,332.0,329.7,327.0,324.1,321.4,324.7,326.0,327.1,327.4,326.8,325.5,324.3,324.0,118.8,116.1,114.7,115.4,117.9,120.9,122.1,121.3,120.9,118.9,117.4,116.5,116.7,117.9,119.6,120.6,121.1,121.6,121.8,121.7,119.8,120.2,119.5,118.3,117.2,116.9,117.5,118.7,114.6,111.8,110.3,111.1,113.7,116.6,118.1,117.5,117.0,114.8,113.1,112.1,112.4,113.4,115.1,116.2,116.8,117.2,117.5,117.6,115.7,116.1,115.4,114.1,113.0,112.7,113.3,114.6,-14.5,-13.2,-9.2,-5.0,-3.1,-4.1,-8.4,-12.5,-19.2,-17.3,-14.2,-9.9,-5.3,-1.5,1.3,-1.5,-5.6,-9.7,-13.6,-16.8,-10.3,-8.4,-6.7,-6.1,-7.0,-8.8,-10.5,-11.1,36.7,38.0,41.9,46.3,48.5,47.2,43.3,38.7,33.3,35.2,38.4,42.8,47.5,51.5,54.5,52.0,48.3,44.3,40.0,36.2,41.0,42.9,44.7,45.2,44.2,42.3,40.6,40.1,-78.4,-82.9,-85.0,-83.7,-79.6,-74.9,-73.0,-74.4,-75.7,-78.5,-80.6,-81.8,-81.4,-79.7,-77.1,-75.3,-74.4,-73.8,-73.7,-74.2,-76.9,-76.3,-77.2,-79.1,-80.9,-81.5,-80.6,-78.6,-80.5,-85.0,-87.2,-86.0,-82.0,-77.6,-75.3,-76.1,-77.2,-80.3,-82.7,-84.1,-83.9,-82.7,-80.6,-78.5,-77.2,-76.4,-76.1,-76.1,-79.0,-78.5,-79.5,-81.4,-83.2,-83.7,-82.7,-80.8,638.2,639.0,638.7,637.5,636.0,635.3,635.5,636.7,642.9,640.3,637.6,635.8,635.5,635.9,636.7,635.4,634.5,634.9,636.7,639.7,637.7,637.2,637.0,637.4,638.0,638.6,638.7,638.3,604.4,605.7,606.5,606.3,605.3,604.0,603.2,603.6,605.6,604.5,603.6,603.5,604.8,607.0,609.4,606.4,603.8,602.4,602.5,603.9,605.0,604.9,605.3,605.8,606.3,606.3,606.0,605.5,22.5,-46.2,686.8,0.077,0.280,-0.084,276.3,276.9,278.9,281.6,284.8,289.6,295.7,303.1,312.8,323.8,334.5,344.1,351.2,355.2,356.5,356.6,356.1,277.3,280.8,286.8,293.3,299.4,312.4,319.8,327.7,335.5,341.8,306.2,305.7,305.2,304.7,299.9,303.4,307.2,311.6,315.7,284.7,288.2,293.2,297.9,293.4,288.4,319.3,323.3,328.7,333.7,329.5,324.2,296.8,300.1,304.9,308.5,312.8,319.9,327.1,321.1,314.8,310.1,306.1,301.0,299.0,305.3,309.0,313.3,324.5,313.9,309.5,305.7,125.8,136.5,147.2,157.4,167.2,175.5,182.1,186.9,187.8,186.2,181.2,174.2,165.1,154.3,142.4,130.2,118.0,114.5,108.8,106.7,106.6,108.2,106.4,102.8,101.3,102.4,106.8,115.6,122.2,128.7,135.6,143.4,144.3,144.9,143.5,142.0,121.0,117.2,116.7,119.7,121.2,121.9,117.1,112.9,112.4,115.0,116.9,117.5,161.6,156.9,154.3,154.9,153.5,155.1,158.3,164.2,166.8,167.6,167.6,166.1,161.4,158.1,158.0,157.3,158.7,161.5,162.3,162.2,-38.1,-36.8,-33.2,-28.3,-22.2,-13.2,-2.3,10.5,26.8,45.3,64.2,81.5,94.6,101.9,104.1,104.1,103.4,-34.8,-28.2,-17.5,-6.3,4.0,25.6,37.9,51.2,64.4,75.0,15.3,14.4,13.4,12.5,4.9,10.5,16.7,24.0,30.7,-21.4,-15.2,-6.5,1.6,-6.1,-14.8,37.4,44.1,53.1,61.3,54.2,45.6,-0.3,5.2,13.0,18.9,25.9,37.6,50.1,39.7,29.1,21.5,15.0,6.8,3.4,13.7,19.7,26.8,45.8,27.8,20.6,14.4,-79.3,-59.6,-40.0,-21.2,-3.3,11.7,23.0,30.7,31.9,29.0,21.0,9.0,-6.7,-25.7,-46.5,-67.8,-89.2,-96.4,-105.0,-107.4,-106.1,-102.2,-104.3,-110.4,-113.0,-111.3,-104.3,-89.0,-77.2,-65.7,-53.9,-42.5,-40.6,-39.4,-41.8,-44.3,-83.7,-89.5,-89.9,-84.4,-82.1,-81.4,-87.2,-94.1,-94.6,-90.4,-86.9,-86.2,-12.6,-20.3,-24.3,-23.1,-25.3,-22.8,-17.8,-7.9,-3.6,-2.3,-2.3,-4.8,-13.0,-18.0,-18.1,-19.2,-17.1,-12.3,-11.1,-11.3,749.1,748.0,747.8,747.7,743.1,733.9,719.6,700.8,689.6,689.5,698.3,707.0,712.2,714.4,714.0,713.0,714.1,721.0,712.4,703.4,693.8,686.5,680.6,680.1,681.3,682.0,684.0,680.3,673.0,665.5,658.1,677.9,672.6,668.4,668.4,669.0,711.2,705.5,701.3,698.0,700.4,704.5,685.9,684.0,682.4,683.0,681.1,682.7,696.2,681.1,672.9,669.8,668.3,671.6,678.9,672.2,669.4,671.3,674.6,683.3,692.1,674.5,671.0,669.6,678.3,670.8,672.5,676.0,0.590,0.026,0.274,-0.084,310.593,141.453,-18.527,-13.643,-6.750,10.548,-8.256,-1.108,6.189,2.441,7.578,4.361,0.037,0.975,0.605,-2.154,-1.517,2.444,1.584,-1.155,-1.816,-0.172,1.193,0.130,-0.111,0.674,0.086,-0.730,0.246,0.121,0.051,-0.003,0.069,-0.012,-0.008,0.076,0.00,0.00,1.54,0.00,0.65,3.11,0.16,0.16,0.00,0.00,0.05,0.21,0.23,0.05,0.56,0.00,0.57,0.00,0.00,1.00,0.00,1.00,1.00,0.00,0.00,0.00,0.00,0.00,1.00,0.00,0.00,0.00,0.00,0.00,0.00
288,0,28.700,0.98,1,-0.114562,0.145949,-0.982637,-0.264338,0.164835,-0.950239,-0.194,0.159,286.7,287.6,290.1,292.7,294.0,293.4,290.6,288.0,283.9,285.0,286.9,289.6,292.6,295.0,296.9,295.0,292.4,289.8,287.3,285.3,289.4,290.6,291.7,292.1,291.5,290.3,289.2,288.9,320.7,321.5,324.1,327.1,328.6,327.9,325.3,322.1,318.3,319.7,321.9,324.9,328.0,330.6,332.5,331.0,328.7,326.0,323.1,320.4,323.6,324.9,326.1,326.4,325.7,324.4,323.2,322.9,123.1,120.3,118.9,119.7,122.2,125.2,126.4,125.6,125.1,123.2,121.7,120.8,121.0,122.1,123.8,124.9,125.5,125.9,126.1,125.9,124.1,124.4,123.8,122.6,121.5,121.1,121.8,123.0,118.8,115.8,114.3,115.1,117.8,120.7,122.2,121.7,121.1,119.0,117.2,116.2,116.5,117.4,119.0,120.2,120.9,121.4,121.6,121.7,119.8,120.2,119.5,118.2,117.0,116.7,117.4,118.7,-16.1,-14.8,-10.9,-6.7,-4.7,-5.6,-9.9,-14.1,-20.7,-18.9,-15.8,-11.6,-6.9,-3.1,-0.2,-3.1,-7.1,-11.2,-15.1,-18.3,-11.8,-10.0,-8.3,-7.7,-8.6,-10.4,-12.1,-12.7,34.8,36.0,39.9,44.2,46.5,45.3,41.4,36.8,31.3,33.3,36.5,40.9,45.6,49.6,52.5,50.0,46.5,42.4,38.2,34.3,39.1,41.0,42.7,43.2,42.2,40.3,38.6,38.1,-71.7,-76.2,-78.3,-77.0,-72.9,-68.2,-66.3,-67.7,-69.2,-71.9,-73.8,-75.0,-74.6,-73.0,-70.4,-68.7,-67.7,-67.0,-67.0,-67.6,-70.2,-69.6,-70.6,-72.5,-74.3,-74.9,-73.9,-72.0,-73.7,-78.1,-80.5,-79.3,-75.3,-70.8,-68.5,-69.3,-70.4,-73.4,-75.8,-77.3,-77.1,-76.1,-74.1,-71.9,-70.5,-69.6,-69.3,-69.3,-72.3,-71.7,-72.8,-74.7,-76.5,-77.0,-76.0,-74.0,638.0,638.5,638.1,636.9,635.6,635.2,635.5,636.7,642.9,640.1,637.3,635.4,635.0,635.5,636.4,635.2,634.4,634.8,636.7,639.7,637.5,637.0,636.8,637.1,637.6,638.1,638.3,638.1,598.8,599.9,600.6,600.6,599.7,598.6,597.9,598.1,600.0,598.8,597.9,597.7,599.1,601.5,604.0,601.0,598.5,597.0,597.0,598.4,599.5,599.4,599.7,600.2,600.6,600.6,600.3,599.8,21.1,-39.6,686.1,0.127,0.284,-0.100,275.7,276.2,278.0,280.7,283.9,288.7,294.8,302.5,312.4,323.6,334.4,343.9,351.0,354.8,355.9,355.8,355.1,276.6,279.9,285.7,292.1,298.1,310.8,318.2,326.2,334.2,340.5,304.8,304.5,304.1,303.6,298.9,302.5,306.4,310.9,315.0,283.8,287.1,292.2,296.9,292.5,287.5,318.2,322.3,327.7,332.6,328.5,323.2,295.9,299.2,303.9,307.7,312.1,319.4,326.9,320.8,314.2,309.4,305.3,300.2,298.1,304.4,308.1,312.6,324.3,313.2,308.7,304.8,129.0,139.3,149.5,159.4,169.2,177.9,185.1,190.8,192.0,190.2,184.6,176.9,167.4,156.3,144.3,132.1,120.0,117.6,112.2,110.1,110.2,112.1,110.1,106.0,104.4,105.5,109.8,120.0,126.7,133.4,140.3,148.0,149.0,149.7,148.2,146.6,125.1,121.5,121.0,123.9,125.5,126.2,121.3,117.0,116.5,118.9,121.0,121.7,165.9,161.4,159.0,159.7,158.2,159.6,162.6,168.8,171.6,172.4,172.3,170.6,165.7,163.0,162.9,162.2,163.0,166.2,166.9,166.8,-38.8,-37.9,-34.6,-29.8,-23.8,-15.0,-3.9,9.5,26.2,45.2,64.1,81.4,94.2,101.0,102.7,102.2,101.1,-35.9,-29.8,-19.4,-8.3,1.9,22.9,35.1,48.4,61.6,72.3,13.0,12.3,11.5,10.6,3.2,9.1,15.4,22.7,29.6,-23.0,-17.0,-8.2,-0.1,-7.7,-16.4,35.4,42.1,51.0,59.3,52.3,43.7,-1.8,3.6,11.3,17.5,24.6,36.8,49.7,39.2,28.3,20.5,13.7,5.4,1.9,12.2,18.3,25.7,45.4,26.7,19.3,12.9,-72.9,-54.2,-35.6,-17.5,0.3,16.0,28.5,37.6,39.1,35.9,26.8,13.7,-2.8,-22.3,-43.1,-64.2,-85.3,-90.4,-98.7,-100.9,-99.3,-95.3,-97.6,-104.2,-107.0,-105.3,-98.4,-81.2,-69.5,-58.0,-46.2,-34.9,-32.9,-31.6,-34.1,-36.7,-76.3,-81.8,-82.2,-76.8,-74.5,-73.7,-79.8,-86.6,-87.2,-83.3,-79.6,-78.7,-5.3,-12.6,-16.5,-15.3,-17.6,-15.4,-10.7,-0.4,4.2,5.5,5.5,2.7,-5.6,-9.9,-10.0,-11.2,-10.0,-4.6,-3.4,-3.6,744.2,743.8,744.6,746.2,743.6,736.1,723.2,704.9,693.0,692.3,699.9,707.7,712.0,713.3,711.9,710.1,710.2,717.8,709.0,699.5,689.8,683.1,676.0,674.8,675.8,676.7,678.9,677.2,670.5,663.7,657.0,677.5,672.4,668.4,668.2,668.7,709.4,703.1,698.7,695.5,698.3,702.6,682.1,679.7,678.0,678.7,677.1,678.8,697.3,681.3,672.7,669.4,667.6,671.0,678.7,672.5,669.9,672.0,675.5,684.5,693.0,674.7,671.1,669.3,678.1,670.7,672.7,676.5,0.591,0.084,0.279,-0.099,309.737,145.327,-21.023,-18.767,-7.988,11.575,-9.875,-4.199,2.217,0.961,4.997,6.613,-0.456,0.476,-0.965,-2.224,-1.816,2.719,0.889,-0.980,-1.420,-0.470,0.870,0.254,0.112,0.175,0.191,-0.893,0.304,0.103,0.070,-0.016,0.089,-0.009,0.012,0.048,0.00,0.00,1.47,0.00,0.63,2.90,0.02,0.26,0.00,0.00,0.16,0.69,0.36,0.00,0.75,0.00,0.77,0.00,0.00,1.00,0.00,1.00,1.00,0.00,0.00,0.00,0.00,0.00,1.00,0.00,0.00,0.00,0.00,0.00,1.00
289,0,28.800,0.98,1,-0.115468,0.166624,-0.979236,-0.266240,0.189781,-0.945039,-0.196,0.183,287.1,287.9,290.3,293.0,294.3,293.7,291.0,288.4,284.3,285.4,287.3,289.9,292.9,295.3,297.1,295.3,292.8,290.2,287.8,285.7,289.8,291.0,292.0,292.4,291.8,290.6,289.6,289.2,320.4,321.2,323.8,326.7,328.3,327.6,325.0,321.9,318.1,319.4,321.6,324.6,327.7,330.3,332.2,330.7,328.4,325.7,322.9,320.1,323.3,324.6,325.8,326.1,325.4,324.1,323.0,322.6,127.9,125.1,123.7,124.4,126.9,129.9,131.1,130.4,129.8,127.9,126.5,125.6,125.8,126.8,128.5,129.6,130.2,130.7,130.9,130.6,128.8,129.1,128.5,127.3,126.2,125.9,126.5,127.7,123.4,120.4,118.9,119.6,122.3,125.3,126.8,126.3,125.7,123.6,121.9,120.9,121.0,121.8,123.3,124.7,125.5,126.0,126.3,126.4,124.4,124.7,124.0,122.7,121.6,121.2,121.9,123.2,-15.7,-14.4,-10.6,-6.4,-4.3,-5.2,-9.4,-13.6,-20.3,-18.5,-15.4,-11.2,-6.5,-2.7,0.2,-2.6,-6.6,-10.7,-14.6,-17.9,-11.4,-9.6,-7.9,-7.3,-8.2,-10.1,-11.8,-12.3,34.5,35.6,39.5,43.9,46.2,45.1,41.2,36.6,31.1,33.1,36.2,40.6,45.3,49.3,52.3,49.8,46.3,42.2,38.0,34.1,38.8,40.8,42.5,43.0,41.9,40.0,38.3,37.8,-65.0,-69.5,-71.7,-70.4,-66.3,-61.6,-59.7,-61.0,-62.6,-65.2,-67.1,-68.3,-68.0,-66.4,-63.9,-62.1,-61.0,-60.3,-60.2,-60.9,-63.6,-63.0,-64.0,-65.9,-67.7,-68.2,-67.3,-65.3,-67.2,-71.7,-74.0,-72.9,-68.9,-64.4,-62.1,-62.8,-63.9,-66.9,-69.3,-70.8,-70.7,-69.8,-67.8,-65.6,-64.1,-63.1,-62.8,-62.8,-65.8,-65.3,-66.3,-68.3,-70.1,-70.6,-69.5,-67.6,645.5,645.9,645.4,644.3,643.2,642.9,643.3,644.4,650.5,647.6,644.8,642.8,642.5,643.1,644.1,642.9,642.1,642.6,644.5,647.4,645.2,644.7,644.4,644.6,645.1,645.6,645.8,645.6,601.1,602.0,602.7,602.7,602.0,601.1,600.4,600.6,602.4,601.2,600.1,599.9,601.3,603.8,606.4,603.5,601.0,599.5,599.6,600.9,601.9,601.9,602.1,602.5,602.8,602.8,602.6,602.2,21.7,-32.3,688.2,0.154,0.293,-0.121,275.9,276.5,278.5,281.5,284.9,289.8,296.1,304.1,314.0,325.1,335.6,344.8,351.5,354.9,355.8,355.6,354.8,276.9,280.0,285.6,292.0,298.0,310.6,317.7,325.6,333.5,339.8,304.8,304.5,304.2,303.8,299.6,303.1,306.8,311.1,315.1,284.2,287.5,292.5,297.2,292.9,287.9,317.9,321.9,327.4,332.3,328.3,323.0,297.2,299.9,304.3,308.0,312.0,319.1,326.3,320.8,314.7,310.2,306.2,301.3,299.4,305.0,308.5,312.7,323.8,313.5,309.3,305.6,133.2,143.4,153.5,163.3,173.1,182.0,189.4,195.2,196.6,194.4,188.4,180.2,170.4,159.0,147.0,134.8,122.6,121.9,116.5,114.4,114.6,116.4,114.3,110.1,108.3,109.3,113.4,124.7,131.4,138.0,144.9,152.5,153.5,154.2,152.7,151.2,129.8,126.3,125.8,128.6,130.3,131.0,125.8,121.6,121.1,123.3,125.6,126.3,170.7,165.9,163.3,164.0,162.6,164.2,167.4,174.1,176.9,177.7,177.7,175.8,170.4,167.5,167.4,166.8,167.8,171.3,172.0,171.9,-38.5,-37.4,-33.8,-28.4,-22.1,-13.0,-1.6,12.3,29.2,48.1,66.6,83.2,95.3,101.4,102.7,101.9,100.4,-35.4,-29.6,-19.5,-8.5,1.6,22.5,34.3,47.3,60.4,71.0,12.9,12.4,11.8,11.1,4.3,10.1,16.2,23.2,29.8,-22.3,-16.5,-7.7,0.3,-7.1,-15.6,35.0,41.5,50.4,58.7,52.0,43.3,0.4,4.9,12.2,18.1,24.6,36.4,48.9,39.4,29.2,21.9,15.4,7.2,4.1,13.2,19.1,25.8,44.6,27.3,20.4,14.3,-65.4,-46.8,-28.3,-10.4,7.5,23.5,36.3,45.7,47.2,43.3,33.5,19.5,2.4,-17.5,-38.3,-59.5,-80.6,-82.9,-91.4,-93.6,-92.1,-88.1,-90.6,-97.3,-100.4,-99.0,-92.3,-73.6,-62.0,-50.6,-38.9,-27.5,-25.6,-24.4,-26.8,-29.4,-68.3,-73.7,-74.1,-68.9,-66.4,-65.6,-72.3,-78.9,-79.6,-76.0,-72.0,-71.0,2.9,-5.1,-9.4,-8.2,-10.5,-8.0,-2.7,8.4,13.1,14.4,14.5,11.5,2.4,-2.4,-2.6,-3.6,-2.1,3.9,5.0,4.8,744.9,745.1,746.5,748.4,746.4,739.7,727.5,710.0,698.6,697.4,703.9,710.3,713.6,714.2,712.3,709.7,709.0,718.2,709.6,700.0,690.4,683.9,676.0,674.3,675.1,676.0,677.9,678.2,672.2,666.0,659.9,679.6,675.3,671.6,671.3,671.5,710.6,704.1,699.6,696.2,699.4,703.9,682.5,679.6,677.8,678.6,677.2,679.1,699.0,683.2,674.8,671.6,669.7,672.5,680.0,675.0,673.7,676.0,679.3,687.3,694.7,677.3,673.7,671.8,679.6,674.1,676.2,679.7,0.590,0.121,0.287,-0.120,310.049,149.700,-24.554,-18.924,-11.091,13.931,-10.622,-9.634,4.258,-0.931,3.187,4.852,-0.663,-1.185,-0.719,-2.721,-1.268,2.067,1.292,-0.184,-2.135,-0.208,0.634,-0.166,0.178,0.133,0.059,-0.468,0.326,0.048,0.079,-0.002,0.056,-0.014,-0.000,0.073,0.00,0.00,1.36,0.00,0.53,2.80,0.00,0.42,0.00,0.00,0.30,1.10,0.38,0.04,0.75,0.00,0.73,0.00,0.00,1.00,0.00,1.00,1.00,0.00,0.00,0.00,0.00,0.00,0.00,1.00,0.00,1.00,0.00,0.00,1.00
290,0,28.900,0.98,1,-0.114619,0.133329,-0.984421,-0.267041,0.152096,-0.951607,-0.195,0.146,287.9,288.7,291.2,293.8,295.1,294.6,291.9,289.2,285.2,286.2,288.1,290.7,293.7,296.1,298.0,296.2,293.6,291.0,288.6,286.6,290.6,291.8,292.9,293.2,292.7,291.5,290.4,290.1,321.7,322.4,325.0,327.9,329.5,328.8,326.2,323.1,319.3,320.7,322.8,325.8,328.9,331.5,333.3,331.8,329.6,326.9,324.1,321.4,324.5,325.8,327.0,327.3,326.6,325.3,324.2,323.9,125.7,122.9,121.5,122.2,124.7,127.7,129.0,128.2,127.7,125.8,124.3,123.3,123.5,124.6,126.3,127.4,128.1,128.6,128.8,128.6,126.6,127.0,126.3,125.1,124.0,123.7,124.3,125.6,121.0,118.0,116.5,117.3,119.9,122.8,124.4,123.9,123.3,121.1,119.4,118.4,118.5,119.4,121.0,122.3,123.1,123.6,123.9,124.0,122.0,122.3,121.6,120.4,119.2,118.9,119.5,120.8,-14.3,-13.0,-9.2,-5.0,-2.9,-3.8,-8.0,-12.2,-18.7,-17.0,-14.0,-9.8,-5.2,-1.3,1.6,-1.3,-5.2,-9.3,-13.1,-16.4,-10.0,-8.1,-6.5,-5.9,-6.8,-8.6,-10.3,-10.9,36.5,37.6,41.5,45.9,48.1,47.0,43.1,38.5,33.1,35.0,38.1,42.5,47.2,51.2,54.2,51.7,48.2,44.1,39.9,36.0,40.8,42.7,44.4,44.9,43.9,42.0,40.3,39.8,-67.9,-72.3,-74.5,-73.3,-69.2,-64.6,-62.6,-63.9,-65.3,-68.1,-70.1,-71.4,-71.0,-69.4,-66.8,-64.9,-63.8,-63.1,-63.0,-63.6,-66.4,-65.9,-66.8,-68.8,-70.5,-71.1,-70.1,-68.2,-71.0,-75.5,-77.8,-76.7,-72.7,-68.2,-65.9,-66.7,-67.6,-70.8,-73.2,-74.7,-74.6,-73.6,-71.5,-69.3,-67.8,-66.9,-66.5,-66.5,-69.6,-69.1,-70.1,-72.1,-73.8,-74.3,-73.3,-71.4,640.3,640.8,640.3,639.1,637.9,637.5,637.9,639.1,645.3,642.5,639.6,637.7,637.3,637.8,638.6,637.5,636.7,637.3,639.2,642.1,639.9,639.4,639.1,639.3,639.9,640.4,640.6,640.4,603.4,604.4,605.1,605.0,604.3,603.2,602.6,602.8,604.7,603.5,602.5,602.3,603.7,606.1,608.5,605.6,603.1,601.7,601.8,603.1,604.1,604.1,604.4,604.8,605.1,605.2,604.9,604.4,23.6,-36.2,691.7,0.107,0.285,-0.115,276.7,277.6,279.8,282.8,286.4,291.3,297.6,305.2,314.9,325.8,336.3,345.6,352.3,355.8,356.9,356.7,355.9,277.6,280.9,286.8,293.2,299.2,311.8,319.0,326.7,334.6,341.0,306.0,305.7,305.4,305.0,300.7,304.2,307.9,312.1,316.1,285.1,288.3,293.4,298.0,293.7,288.7,319.2,323.1,328.5,333.5,329.5,324.2,298.9,302.0,306.2,309.5,313.2,319.7,326.6,320.9,315.2,311.1,307.5,303.0,301.0,306.7,310.0,313.9,324.0,314.2,310.3,306.9,131.8,142.2,152.6,162.7,172.4,180.9,187.6,192.5,193.3,191.3,186.0,178.5,169.1,158.2,146.3,134.2,122.1,120.8,115.3,113.2,113.4,115.1,113.0,109.1,107.3,107.9,112.0,122.5,129.2,135.9,142.9,150.5,151.4,152.0,150.5,148.8,127.7,124.1,123.5,126.4,128.1,128.9,123.5,119.1,118.6,121.0,123.2,123.9,168.6,164.1,161.5,162.1,160.7,162.2,165.0,169.9,172.1,172.8,172.9,172.0,168.2,165.4,165.2,164.5,165.3,166.9,167.6,167.6,-37.5,-35.9,-31.7,-26.2,-19.6,-10.3,1.0,14.3,30.7,49.4,68.1,85.1,97.6,104.0,105.7,104.9,103.6,-34.5,-28.3,-17.6,-6.4,3.8,24.8,36.8,49.8,63.0,74.0,15.1,14.5,13.8,13.1,6.3,11.9,18.0,25.0,31.6,-20.9,-15.1,-6.3,1.7,-5.7,-14.4,37.5,44.0,53.0,61.4,54.5,45.7,3.3,8.3,15.2,20.7,26.8,37.7,49.7,39.7,30.2,23.4,17.5,10.1,6.9,16.1,21.5,27.9,45.1,28.6,22.1,16.6,-68.8,-49.4,-30.2,-11.7,6.3,21.6,33.2,41.0,41.7,38.2,29.4,16.6,0.3,-19.1,-40.0,-61.2,-82.5,-85.6,-94.2,-96.5,-95.0,-91.2,-93.8,-100.2,-103.4,-102.4,-95.9,-78.0,-66.1,-54.4,-42.5,-31.1,-29.2,-28.2,-30.7,-33.4,-72.4,-78.2,-78.7,-73.4,-70.6,-69.7,-77.0,-84.0,-84.7,-80.8,-76.8,-75.8,-0.6,-8.2,-12.5,-11.4,-13.7,-11.4,-6.7,1.5,5.1,6.3,6.5,5.0,-1.3,-6.0,-6.3,-7.4,-6.1,-3.5,-2.3,-2.3,753.8,753.5,753.9,754.2,750.4,741.7,728.0,709.7,698.5,698.2,706.4,714.7,719.6,721.2,720.1,717.8,717.5,724.6,715.8,706.4,697.0,690.1,683.4,682.4,683.3,684.1,686.2,684.5,677.7,670.6,663.8,683.4,678.6,674.7,674.5,675.1,716.2,710.0,705.4,702.2,705.0,709.4,689.6,687.2,685.7,686.7,684.9,686.3,699.9,685.4,678.5,675.8,674.3,677.2,683.9,677.4,675.2,677.0,680.0,687.4,695.4,680.2,677.1,675.7,682.8,676.3,677.8,681.0,0.586,0.070,0.276,-0.115,311.146,147.575,-13.614,-14.624,-16.714,12.353,-9.091,-1.395,6.342,0.980,5.830,2.404,-0.028,1.210,-0.962,-3.133,-0.685,1.309,0.815,-0.422,-1.176,0.550,1.015,0.346,-0.077,-0.230,0.221,-0.520,0.203,0.100,0.004,-0.008,0.061,-0.016,0.010,0.073,0.00,0.00,1.50,0.00,0.49,2.97,0.00,0.70,0.00,0.00,0.26,1.00,0.34,0.04,0.91,0.07,0.89,0.00,0.00,1.00,0.00,1.00,1.00,0.00,0.00,0.00,0.00,0.00,1.00,1.00,0.00,1.00,0.00,0.00,1.00
291,0,29.000,0.98,1,-0.125234,0.112755,-0.985699,-0.282991,0.127767,-0.950574,-0.208,0.124,290.4,291.3,293.8,296.5,297.7,297.0,294.3,291.6,287.5,288.6,290.6,293.3,296.3,298.7,300.5,298.7,296.1,293.4,290.9,288.9,293.1,294.3,295.4,295.8,295.2,294.1,293.0,292.6,324.5,325.3,327.9,330.9,332.4,331.6,329.0,325.8,322.0,323.4,325.6,328.7,331.8,334.4,336.2,334.7,332.4,329.7,326.8,324.1,327.3,328.6,329.8,330.1,329.5,328.2,327.0,326.7,120.4,117.6,116.2,117.0,119.5,122.5,123.7,122.9,122.4,120.4,118.9,118.0,118.3,119.4,121.2,122.2,122.7,123.2,123.3,123.2,121.4,121.7,121.1,119.9,118.8,118.4,119.1,120.3,116.4,113.5,112.0,112.8,115.5,118.4,119.8,119.3,118.7,116.5,114.8,113.8,114.1,115.1,116.8,117.9,118.6,119.0,119.2,119.3,117.4,117.8,117.2,115.9,114.7,114.4,115.0,116.3,-10.3,-8.9,-5.0,-0.8,1.1,0.1,-4.2,-8.4,-15.0,-13.1,-10.0,-5.7,-1.1,2.7,5.5,2.6,-1.4,-5.6,-9.4,-12.7,-6.1,-4.3,-2.5,-1.9,-2.8,-4.6,-6.3,-6.9,40.4,41.6,45.6,49.9,52.1,50.8,46.9,42.3,36.9,38.9,42.0,46.5,51.2,55.2,58.1,55.6,51.9,47.9,43.6,39.8,44.6,46.5,48.3,48.8,47.9,46.0,44.2,43.7,-75.9,-80.3,-82.4,-81.0,-77.0,-72.3,-70.5,-71.8,-73.2,-76.1,-78.1,-79.3,-78.8,-77.1,-74.4,-72.7,-71.8,-71.2,-71.1,-71.7,-74.3,-73.7,-74.6,-76.5,-78.3,-78.9,-78.0,-76.1,-77.4,-81.8,-84.1,-82.8,-78.8,-74.4,-72.1,-73.0,-74.0,-77.1,-79.5,-80.9,-80.7,-79.5,-77.4,-75.3,-74.0,-73.2,-72.9,-72.9,-75.9,-75.3,-76.3,-78.2,-80.0,-80.6,-79.6,-77.6,636.8,637.6,637.3,636.1,634.6,634.0,634.2,635.4,641.6,639.0,636.3,634.5,634.1,634.6,635.3,634.0,633.1,633.5,635.4,638.4,636.4,635.8,635.7,636.0,636.6,637.2,637.3,637.0,599.7,601.0,601.7,601.5,600.6,599.4,598.6,598.9,600.9,599.8,598.9,598.7,600.1,602.4,604.7,601.7,599.2,597.8,597.9,599.2,600.3,600.3,600.6,601.1,601.5,601.6,601.3,600.8,26.6,-43.0,686.1,0.080,0.306,-0.082,279.1,279.8,281.9,284.7,288.0,292.8,298.6,305.7,315.2,326.1,336.8,346.2,353.3,357.2,358.6,358.9,358.6,280.0,283.6,289.5,295.9,301.8,315.1,322.3,330.0,337.7,343.9,308.7,308.1,307.5,306.9,302.2,305.6,309.4,313.9,318.0,287.4,290.9,296.0,300.6,296.1,291.0,321.9,326.0,331.5,336.4,332.2,326.9,299.3,302.3,307.0,310.7,314.9,322.1,329.3,323.4,317.0,312.3,308.3,303.3,301.5,307.4,311.1,315.4,326.7,316.2,311.8,308.0,127.0,138.0,148.8,159.2,169.2,177.7,184.4,189.3,190.3,188.7,183.7,176.5,167.3,156.3,144.3,132.0,119.7,115.6,110.0,108.0,108.0,109.8,108.1,104.4,102.9,103.7,107.9,117.2,123.9,130.5,137.5,145.1,146.1,146.8,145.3,143.8,122.5,118.7,118.2,121.3,122.8,123.4,118.9,114.6,114.1,116.8,118.7,119.3,163.6,158.6,155.9,156.5,155.2,156.9,160.5,166.8,169.6,170.4,170.4,168.6,163.4,159.8,159.7,159.1,160.9,164.1,164.9,164.8,-32.7,-31.5,-27.7,-22.5,-16.4,-7.6,2.8,15.0,30.7,49.0,67.8,85.0,97.8,104.8,107.1,107.4,107.0,-29.9,-23.3,-12.8,-1.9,8.0,30.1,42.1,54.9,67.7,78.2,19.4,18.3,17.1,15.9,8.6,14.1,20.2,27.6,34.4,-16.8,-10.6,-1.8,6.1,-1.6,-10.3,41.7,48.4,57.4,65.6,58.5,49.8,3.9,8.9,16.5,22.4,29.3,41.2,53.6,43.4,32.7,25.2,18.6,10.5,7.6,17.2,23.1,30.2,49.3,31.5,24.3,18.2,-76.9,-56.8,-36.9,-17.8,0.3,15.6,27.2,34.9,36.0,33.2,25.1,12.9,-3.0,-22.1,-42.9,-64.2,-85.6,-94.2,-102.8,-105.0,-103.5,-99.4,-101.4,-107.4,-109.9,-108.6,-101.8,-86.2,-74.2,-62.7,-50.8,-39.6,-37.7,-36.4,-38.7,-41.3,-81.0,-86.8,-87.1,-81.5,-79.2,-78.6,-84.0,-90.9,-91.4,-87.1,-83.6,-82.9,-9.1,-17.4,-21.6,-20.4,-22.6,-19.8,-14.1,-3.7,0.9,2.2,2.2,-0.6,-9.6,-15.1,-15.3,-16.3,-13.5,-8.0,-6.8,-7.0,747.7,746.6,746.3,746.1,741.6,732.6,718.8,700.4,689.0,688.2,696.1,704.2,708.5,710.0,709.1,708.2,709.3,719.5,711.1,702.1,692.6,685.5,679.0,678.1,678.6,678.8,679.9,679.0,671.9,664.7,657.6,677.2,671.8,667.5,667.3,667.8,710.4,704.6,700.2,696.6,699.4,703.7,683.6,681.5,679.7,680.1,678.4,680.2,695.8,680.5,672.1,668.7,667.2,670.1,677.0,670.9,668.5,670.6,674.1,682.8,691.6,673.6,670.0,668.4,676.5,670.0,671.9,675.5,0.591,0.033,0.297,-0.082,313.033,143.323,-25.366,-13.375,-6.052,11.823,-8.043,-2.614,6.484,2.958,6.611,2.464,0.412,1.157,0.353,-1.695,-2.215,1.823,2.360,-0.404,-1.850,0.329,1.480,0.054,-0.193,-0.064,0.588,-0.403,0.402,0.137,0.089,0.037,0.052,0.003,0.004,0.076,0.00,0.00,1.57,0.00,0.51,3.06,0.00,0.73,0.00,0.00,0.15,0.67,0.39,0.04,1.04,0.34,0.82,0.00,0.00,1.00,0.00,1.00,1.00,0.00,0.00,0.00,0.00,0.00,1.00,1.00,0.00,1.00,0.00,0.00,1.00
292,0,29.100,0.98,1,-0.125291,0.128298,-0.983789,-0.278782,0.144141,-0.949476,-0.206,0.140,292.0,292.9,295.4,298.1,299.3,298.6,295.9,293.2,289.0,290.2,292.2,294.9,297.9,300.3,302.0,300.2,297.7,295.0,292.6,290.5,294.7,295.8,296.9,297.3,296.8,295.6,294.5,294.1,325.8,326.6,329.3,332.2,333.7,332.9,330.2,327.2,323.4,324.8,327.0,330.0,333.1,335.6,337.4,335.9,333.6,331.0,328.1,325.4,328.7,329.9,331.1,331.4,330.8,329.5,328.4,328.0,119.6,116.9,115.5,116.3,118.8,121.7,122.9,122.1,121.6,119.7,118.3,117.4,117.7,118.8,120.5,121.5,121.9,122.3,122.5,122.3,120.6,121.0,120.4,119.2,118.1,117.8,118.3,119.5,116.0,113.1,111.7,112.5,115.2,118.0,119.5,118.9,118.2,116.1,114.5,113.6,113.9,114.9,116.5,117.6,118.3,118.6,118.8,118.9,117.1,117.4,116.8,115.6,114.4,114.0,114.6,115.9,-7.9,-6.5,-2.5,1.7,3.6,2.5,-1.8,-6.0,-12.7,-10.7,-7.6,-3.3,1.4,5.1,7.9,5.0,1.0,-3.2,-7.0,-10.3,-3.7,-1.8,-0.1,0.5,-0.3,-2.2,-3.9,-4.5,43.0,44.3,48.3,52.7,54.8,53.5,49.5,44.9,39.5,41.6,44.8,49.2,53.9,57.9,60.8,58.2,54.6,50.5,46.3,42.4,47.3,49.2,51.0,51.5,50.6,48.7,46.9,46.4,-78.2,-82.6,-84.7,-83.3,-79.2,-74.5,-72.7,-74.1,-75.6,-78.3,-80.3,-81.5,-81.0,-79.3,-76.7,-75.0,-74.1,-73.5,-73.5,-74.0,-76.6,-76.0,-76.9,-78.8,-80.6,-81.2,-80.3,-78.4,-79.1,-83.6,-85.8,-84.5,-80.5,-76.0,-73.8,-74.7,-75.9,-78.9,-81.2,-82.6,-82.3,-81.1,-79.0,-77.0,-75.7,-74.9,-74.7,-74.8,-77.6,-77.0,-78.0,-80.0,-81.7,-82.3,-81.3,-79.4,646.3,647.1,646.9,645.7,644.3,643.6,643.7,644.9,650.9,648.4,645.7,644.0,643.7,644.3,645.1,643.7,642.7,643.1,644.9,647.7,645.9,645.4,645.3,645.6,646.3,646.8,646.9,646.5,609.0,610.2,611.0,610.9,610.0,608.8,608.0,608.2,610.1,609.0,608.1,608.0,609.4,611.8,614.2,611.2,608.6,607.2,607.2,608.5,609.6,609.6,609.9,610.5,610.9,610.9,610.6,610.0,28.3,-43.5,682.9,0.090,0.303,-0.068,280.4,280.7,282.5,285.0,288.0,292.6,298.4,305.7,315.5,326.6,337.3,346.9,354.0,358.2,359.6,359.9,359.7,282.0,285.5,291.3,297.7,303.6,316.8,324.0,331.6,339.2,345.1,310.2,309.6,309.0,308.3,303.5,306.9,310.6,315.1,319.3,288.9,292.5,297.5,302.1,297.7,292.7,323.3,327.4,332.8,337.6,333.5,328.2,299.8,302.8,307.7,311.6,316.0,323.4,330.6,324.7,318.1,313.2,308.9,303.7,302.0,308.1,311.9,316.5,328.1,317.3,312.6,308.6,125.6,136.4,147.3,157.8,167.9,176.9,184.2,189.8,191.2,189.7,184.5,176.9,167.4,156.1,143.9,131.3,118.9,114.2,108.6,106.6,106.7,108.5,106.8,103.1,101.7,102.9,107.2,116.4,123.0,129.5,136.4,144.4,145.4,146.1,144.8,143.4,121.7,118.1,117.6,120.5,122.0,122.6,118.4,114.3,113.9,116.5,118.3,118.8,163.3,158.0,155.4,156.1,154.9,156.7,160.6,167.7,170.7,171.4,171.3,169.1,163.1,159.5,159.5,158.9,161.0,165.0,165.7,165.5,-30.1,-29.5,-26.4,-21.7,-16.2,-7.9,2.4,14.9,31.1,49.7,68.5,85.6,98.5,105.8,108.1,108.5,108.2,-26.3,-19.9,-9.7,1.1,11.0,32.8,44.6,57.3,69.8,79.7,21.9,20.7,19.4,18.1,10.7,16.2,22.2,29.5,36.4,-13.9,-7.8,0.9,8.7,1.1,-7.4,43.7,50.5,59.2,67.1,60.2,51.7,4.7,9.7,17.6,23.8,31.0,43.1,55.4,45.4,34.4,26.5,19.6,11.1,8.4,18.3,24.4,31.8,51.3,33.2,25.7,19.2,-78.7,-59.0,-39.4,-20.4,-1.9,14.1,26.7,35.5,37.4,34.8,26.3,13.5,-2.8,-22.3,-43.4,-64.9,-86.6,-96.0,-104.5,-106.7,-105.2,-101.2,-103.0,-109.0,-111.2,-109.4,-102.4,-87.1,-75.4,-64.0,-52.3,-40.7,-38.7,-37.2,-39.5,-41.8,-81.9,-87.4,-87.6,-82.2,-80.1,-79.6,-84.3,-90.8,-91.2,-87.0,-83.7,-83.1,-9.7,-18.2,-22.3,-21.0,-23.0,-20.0,-13.8,-2.2,2.7,3.9,3.7,0.1,-10.0,-15.6,-15.5,-16.4,-13.2,-6.5,-5.4,-5.8,740.4,739.6,740.1,741.0,737.3,729.1,716.2,698.3,686.9,685.8,693.0,700.5,704.4,705.9,704.8,703.7,704.7,714.5,706.7,698.0,688.8,682.3,675.6,674.3,674.8,674.9,675.7,675.3,668.4,661.5,654.6,674.0,668.8,664.7,664.5,665.0,705.8,700.1,695.9,692.3,695.2,699.2,679.6,677.2,675.3,675.5,674.1,676.0,693.0,677.5,668.8,665.3,663.6,666.4,673.4,668.1,666.2,668.4,672.0,680.7,688.9,670.6,666.8,665.0,673.3,667.3,669.4,673.1,0.594,0.042,0.292,-0.067,314.118,142.901,-33.662,-16.196,-4.545,14.424,-11.306,-6.343,6.419,1.114,5.738,4.463,-0.745,0.477,0.348,-1.867,-2.869,2.220,1.743,-0.368,-2.754,-0.693,1.227,-0.213,0.128,0.440,0.354,-0.675,0.524,0.175,0.097,0.043,0.075,-0.011,-0.009,0.065,0.00,0.00,1.67,0.00,0.58,3.07,0.00,0.84,0.00,0.00,0.00,0.45,0.50,0.00,1.38,0.72,0.94,0.00,0.00,1.00,0.00,1.00,1.00,0.00,0.00,0.00,0.00,0.00,0.00,1.00,0.00,1.00,1.00,0.00,1.00
293,0,29.200,0.98,1,-0.134515,0.139416,-0.981055,-0.286521,0.155788,-0.945323,-0.215,0.152,293.5,294.5,297.0,299.6,300.8,300.2,297.4,294.8,290.6,291.8,293.8,296.5,299.5,301.8,303.6,301.8,299.2,296.6,294.1,292.0,296.2,297.4,298.5,298.9,298.4,297.2,296.1,295.7,327.3,328.1,330.8,333.7,335.2,334.3,331.7,328.6,324.8,326.3,328.5,331.5,334.6,337.1,338.9,337.4,335.1,332.4,329.5,326.9,330.1,331.4,332.6,332.9,332.3,331.0,329.8,329.5,120.6,117.8,116.5,117.3,119.8,122.7,123.9,123.1,122.5,120.6,119.2,118.3,118.6,119.8,121.5,122.5,123.0,123.4,123.5,123.3,121.6,121.9,121.3,120.2,119.1,118.7,119.3,120.5,117.2,114.3,112.9,113.8,116.5,119.4,120.8,120.1,119.5,117.4,115.7,114.8,115.2,116.2,117.8,119.0,119.6,120.0,120.1,120.1,118.3,118.7,118.1,116.8,115.7,115.3,115.9,117.2,-5.4,-4.0,-0.0,4.1,6.0,5.0,0.6,-3.5,-10.2,-8.2,-5.1,-0.8,3.9,7.6,10.4,7.5,3.5,-0.7,-4.5,-7.8,-1.2,0.6,2.3,3.0,2.1,0.3,-1.4,-2.0,45.0,46.3,50.3,54.6,56.7,55.4,51.4,46.8,41.4,43.5,46.7,51.2,55.9,59.8,62.8,60.2,56.5,52.4,48.2,44.3,49.2,51.1,52.9,53.5,52.5,50.6,48.9,48.3,-76.4,-80.8,-82.9,-81.5,-77.4,-72.7,-70.9,-72.3,-73.9,-76.6,-78.5,-79.7,-79.2,-77.4,-74.8,-73.1,-72.2,-71.6,-71.6,-72.3,-74.8,-74.2,-75.1,-77.0,-78.8,-79.4,-78.5,-76.6,-76.9,-81.3,-83.5,-82.2,-78.1,-73.7,-71.5,-72.5,-73.7,-76.7,-79.0,-80.3,-80.0,-78.8,-76.6,-74.6,-73.3,-72.6,-72.4,-72.5,-75.3,-74.7,-75.7,-77.6,-79.4,-80.0,-79.0,-77.1,643.8,644.5,644.2,643.1,641.8,641.2,641.4,642.5,648.5,645.9,643.2,641.5,641.2,641.7,642.6,641.3,640.3,640.7,642.5,645.4,643.4,642.9,642.8,643.1,643.7,644.2,644.3,644.0,605.9,607.1,607.8,607.7,606.8,605.7,605.0,605.2,607.1,606.0,605.1,604.9,606.3,608.7,611.1,608.1,605.6,604.1,604.2,605.5,606.6,606.6,606.9,607.4,607.7,607.8,607.5,607.0,30.6,-41.0,677.4,0.106,0.316,-0.070,282.0,282.4,284.2,286.8,289.8,294.3,300.0,307.3,317.1,328.3,339.1,348.7,355.8,359.7,361.1,361.4,361.2,283.4,286.8,292.5,298.9,304.9,318.3,325.5,333.2,340.8,346.6,311.7,311.1,310.4,309.7,305.0,308.4,312.2,316.6,320.8,290.5,294.0,299.1,303.7,299.3,294.2,324.7,328.9,334.3,339.1,335.0,329.7,301.4,304.3,309.2,313.0,317.4,324.8,332.0,326.3,319.6,314.8,310.5,305.2,303.7,309.6,313.4,317.9,329.5,318.8,314.2,310.2,126.3,137.2,148.1,158.7,169.0,178.1,185.8,191.7,193.4,191.8,186.3,178.3,168.5,157.1,144.7,132.1,119.6,114.8,109.0,106.8,106.9,108.9,107.4,103.6,102.4,103.7,108.2,117.5,124.2,130.7,137.7,145.6,146.7,147.5,146.1,144.7,122.6,119.0,118.6,121.6,123.0,123.6,119.6,115.5,115.2,117.8,119.7,120.2,164.8,159.4,156.7,157.6,156.3,158.3,162.4,170.0,173.2,173.9,173.7,171.2,164.6,161.0,161.0,160.5,162.8,167.4,168.0,167.7,-26.9,-26.3,-23.1,-18.4,-12.9,-4.8,5.2,17.6,33.7,52.3,71.0,88.0,100.5,107.4,109.6,109.8,109.5,-23.5,-17.6,-7.6,3.2,13.1,34.9,46.6,59.3,71.7,81.3,24.1,22.8,21.6,20.2,13.1,18.6,24.5,31.7,38.4,-11.1,-5.1,3.5,11.2,3.8,-4.7,45.7,52.3,61.0,68.9,62.1,53.6,7.5,12.0,19.8,25.8,32.8,45.0,57.3,47.5,36.7,28.9,22.1,13.6,11.2,20.6,26.5,33.7,53.1,35.4,28.1,21.7,-76.9,-57.2,-37.5,-18.6,-0.1,16.2,29.3,38.7,40.8,38.0,29.2,15.9,-0.8,-20.4,-41.4,-62.9,-84.3,-94.0,-102.9,-105.4,-103.8,-99.5,-100.9,-106.9,-109.0,-106.8,-99.5,-84.4,-72.8,-61.5,-49.8,-38.3,-36.2,-34.7,-36.9,-39.2,-79.6,-85.0,-85.1,-79.7,-77.6,-77.1,-81.5,-87.8,-88.1,-83.9,-80.6,-80.1,-7.0,-15.8,-19.9,-18.5,-20.5,-17.3,-10.8,1.7,6.8,8.0,7.7,3.6,-7.3,-13.0,-12.9,-13.7,-10.2,-2.7,-1.6,-2.1,733.9,733.6,734.3,735.2,731.6,723.8,711.5,694.1,682.9,681.4,687.8,694.5,697.7,698.5,697.0,695.7,696.4,707.9,700.3,691.3,682.0,675.6,668.6,667.1,667.5,667.5,668.2,668.9,662.2,655.6,648.9,668.2,663.2,659.2,658.8,659.2,699.2,693.3,689.1,685.6,688.7,692.8,672.7,670.2,668.2,668.5,667.2,669.2,687.5,671.9,662.9,659.5,657.7,660.4,667.7,662.8,661.2,663.6,667.1,675.6,683.5,665.0,661.2,659.4,667.6,662.2,664.3,668.0,0.600,0.060,0.302,-0.069,315.649,144.209,-37.566,-14.934,-4.353,16.643,-11.414,-9.091,6.857,1.027,5.186,4.533,-2.283,-0.391,0.475,-2.178,-2.639,1.509,2.354,-1.173,-2.834,-0.431,1.126,-0.546,0.179,0.369,0.343,-0.552,0.540,0.175,0.125,0.036,0.041,-0.011,-0.007,0.070,0.00,0.00,1.73,0.00,0.64,2.99,0.00,0.88,0.00,0.00,0.00,0.53,0.50,0.00,1.56,1.12,0.88,0.00,0.00,1.00,0.00,1.00,1.00,0.00,0.00,0.00,0.00,0.00,0.00,1.00,0.00,1.00,1.00,0.00,1.00
294,0,29.300,0.98,1,-0.137832,0.125867,-0.982425,-0.290309,0.137806,-0.946958,-0.218,0.136,296.5,297.5,300.1,302.8,303.9,303.1,300.3,297.6,293.4,294.7,296.7,299.5,302.5,304.9,306.7,304.8,302.2,299.5,297.0,294.9,299.2,300.3,301.5,301.9,301.4,300.3,299.1,298.7,330.7,331.6,334.4,337.3,338.7,337.8,335.1,332.0,328.2,329.7,332.0,335.1,338.2,340.7,342.5,340.9,338.6,335.9,333.0,330.2,333.6,334.9,336.1,336.5,335.8,334.5,333.3,333.0,117.0,114.2,112.9,113.8,116.4,119.3,120.4,119.5,118.9,117.0,115.5,114.7,115.1,116.3,118.2,119.1,119.5,119.9,120.0,119.7,118.1,118.5,117.9,116.7,115.5,115.2,115.7,116.9,114.3,111.4,110.0,111.0,113.7,116.6,118.0,117.3,116.5,114.4,112.8,111.9,112.3,113.4,115.2,116.3,116.8,117.2,117.2,117.2,115.5,115.9,115.3,114.0,112.8,112.4,113.0,114.3,-0.8,0.7,4.8,8.9,10.7,9.4,5.1,1.0,-5.6,-3.6,-0.4,3.9,8.5,12.2,15.0,12.0,8.0,3.8,-0.1,-3.3,3.4,5.2,6.9,7.6,6.8,5.0,3.3,2.6,49.2,50.6,54.7,59.0,61.0,59.6,55.5,51.0,45.6,47.7,51.0,55.5,60.1,64.1,67.0,64.3,60.7,56.5,52.3,48.4,53.4,55.3,57.1,57.7,56.8,54.9,53.2,52.5,-80.4,-84.8,-86.8,-85.2,-81.1,-76.4,-74.8,-76.3,-78.0,-80.7,-82.5,-83.6,-83.0,-81.1,-78.4,-76.8,-76.0,-75.5,-75.6,-76.3,-78.7,-78.0,-78.9,-80.8,-82.6,-83.3,-82.4,-80.5,-79.8,-84.2,-86.4,-84.9,-80.8,-76.4,-74.3,-75.4,-76.7,-79.7,-81.9,-83.1,-82.7,-81.4,-79.2,-77.2,-76.0,-75.4,-75.3,-75.5,-78.2,-77.6,-78.5,-80.4,-82.2,-82.8,-81.9,-80.0,630.6,631.4,631.1,629.9,628.5,627.9,628.0,629.2,635.3,632.7,630.1,628.3,628.0,628.5,629.3,627.9,627.0,627.4,629.2,632.1,630.2,629.7,629.5,629.9,630.5,631.0,631.1,630.8,595.3,596.6,597.3,597.2,596.3,595.1,594.3,594.6,596.5,595.4,594.5,594.4,595.8,598.1,600.5,597.5,594.9,593.5,593.5,594.8,596.0,595.9,596.3,596.8,597.2,597.3,596.9,596.4,35.0,-45.3,672.1,0.088,0.316,-0.050,284.8,285.1,286.8,289.3,292.2,296.7,302.3,309.5,319.2,330.4,341.2,350.9,358.0,362.2,363.8,364.4,364.5,286.2,289.8,295.8,302.3,308.4,321.7,329.1,337.0,344.7,350.5,315.2,314.4,313.5,312.7,307.6,311.1,314.9,319.5,323.7,293.3,297.0,302.2,306.8,302.2,297.1,328.0,332.4,337.9,342.7,338.5,333.1,303.6,306.7,311.8,315.7,320.2,327.7,334.9,329.0,322.2,317.2,312.8,307.4,305.9,312.2,316.0,320.6,332.3,321.5,316.8,312.7,122.9,134.2,145.6,156.5,167.0,176.1,183.5,189.2,190.8,189.4,184.2,176.5,166.9,155.5,143.3,130.7,118.2,111.4,105.5,103.3,103.4,105.5,104.4,100.8,99.8,101.3,106.1,114.2,120.9,127.4,134.4,142.4,143.5,144.3,143.0,141.7,119.0,115.3,115.1,118.2,119.6,120.0,116.7,112.6,112.3,115.1,116.9,117.3,161.7,156.2,153.5,154.4,153.2,155.3,159.7,167.3,170.5,171.2,171.0,168.3,161.6,157.8,157.8,157.3,160.0,164.6,165.3,165.0,-21.9,-21.4,-18.3,-13.8,-8.5,-0.5,9.2,21.1,36.8,55.2,73.9,90.9,103.5,110.7,113.3,114.2,114.5,-18.6,-12.2,-2.0,8.9,18.8,40.3,52.2,65.1,77.7,87.2,29.5,27.9,26.4,24.7,17.2,22.7,28.6,36.0,42.8,-6.2,0.0,8.7,16.3,8.7,0.1,50.8,57.7,66.5,74.4,67.4,58.8,11.0,15.8,23.8,29.9,37.1,49.3,61.6,51.5,40.4,32.5,25.6,17.1,14.7,24.5,30.6,37.9,57.4,39.5,31.9,25.5,-82.5,-62.1,-41.8,-22.3,-3.6,12.4,25.1,34.0,36.1,33.7,25.4,12.7,-3.5,-22.8,-43.6,-64.9,-86.3,-99.3,-108.3,-110.6,-108.9,-104.2,-105.2,-110.8,-112.6,-110.2,-102.5,-89.2,-77.5,-66.2,-54.6,-43.2,-41.0,-39.5,-41.5,-43.8,-85.1,-90.5,-90.4,-84.6,-82.8,-82.5,-85.7,-92.1,-92.3,-87.7,-84.6,-84.3,-12.1,-20.9,-24.9,-23.4,-25.3,-21.9,-15.2,-2.7,2.4,3.5,3.2,-1.1,-12.3,-18.2,-18.0,-18.7,-14.6,-7.0,-6.0,-6.6,730.2,729.6,729.8,730.0,725.6,717.0,704.2,686.7,675.7,674.7,681.7,688.8,692.0,693.0,691.9,691.3,692.6,703.2,695.5,686.5,677.0,670.4,664.4,663.3,663.9,664.1,665.0,664.1,657.0,650.0,642.9,662.4,657.1,652.9,652.7,653.2,693.9,688.2,684.1,680.5,683.5,687.5,668.5,666.3,664.4,664.7,663.2,665.1,681.8,666.2,657.1,653.7,652.1,655.1,662.6,657.2,655.2,657.3,660.8,669.5,678.0,659.1,655.3,653.7,662.5,656.4,658.3,662.0,0.605,0.035,0.296,-0.049,318.497,141.376,-36.656,-10.899,-1.541,17.136,-9.890,-7.611,7.745,2.286,5.513,4.108,-1.963,-0.117,0.540,-1.529,-3.203,1.498,2.555,-1.723,-2.630,-0.151,1.530,-0.386,-0.245,0.459,0.205,-0.638,0.540,0.134,0.085,0.042,0.054,0.007,-0.004,0.059,0.00,0.00,1.60,0.00,0.71,3.06,0.03,0.87,0.00,0.00,0.00,0.56,0.51,0.00,1.76,1.39,0.88,0.00,0.00,1.00,0.00,1.00,1.00,0.00,0.00,0.00,0.00,0.00,0.00,1.00,0.00,1.00,1.00,0.00,1.00
295,0,29.400,0.98,1,-0.135837,0.122217,-0.983164,-0.287334,0.131506,-0.948760,-0.216,0.131,298.2,299.3,301.9,304.5,305.7,304.9,302.1,299.4,295.2,296.5,298.5,301.3,304.3,306.7,308.4,306.5,303.9,301.2,298.7,296.6,300.9,302.1,303.2,303.7,303.2,302.0,300.9,300.4,332.5,333.5,336.2,339.2,340.6,339.6,336.9,333.7,330.0,331.5,333.8,336.9,340.0,342.6,344.3,342.7,340.4,337.6,334.7,332.0,335.4,336.7,337.9,338.3,337.7,336.4,335.2,334.8,114.4,111.7,110.4,111.3,113.9,116.8,117.9,117.0,116.4,114.4,113.0,112.2,112.6,113.8,115.7,116.6,117.0,117.3,117.4,117.2,115.5,115.9,115.4,114.2,113.0,112.6,113.2,114.4,112.1,109.2,107.9,108.9,111.6,114.5,115.8,115.1,114.3,112.2,110.6,109.8,110.3,111.4,113.2,114.2,114.8,115.0,115.1,115.0,113.3,113.8,113.2,111.9,110.7,110.3,110.9,112.1,1.9,3.5,7.5,11.7,13.4,12.2,7.8,3.7,-2.9,-0.9,2.4,6.7,11.3,15.0,17.7,14.8,10.7,6.5,2.7,-0.6,6.1,7.9,9.7,10.4,9.6,7.8,6.0,5.3,52.0,53.5,57.6,61.9,63.8,62.3,58.2,53.7,48.3,50.5,53.8,58.3,63.0,66.9,69.8,67.1,63.4,59.2,55.0,51.1,56.2,58.1,59.8,60.5,59.7,57.8,56.0,55.3,-84.7,-89.1,-91.0,-89.5,-85.3,-80.7,-79.0,-80.5,-82.3,-85.0,-86.8,-87.8,-87.2,-85.3,-82.6,-81.0,-80.3,-79.8,-79.9,-80.6,-82.9,-82.2,-83.1,-85.0,-86.8,-87.5,-86.7,-84.8,-83.2,-87.6,-89.7,-88.2,-84.0,-79.6,-77.6,-78.7,-80.2,-83.1,-85.3,-86.4,-85.9,-84.6,-82.3,-80.4,-79.3,-78.7,-78.6,-78.9,-81.5,-80.9,-81.8,-83.7,-85.5,-86.2,-85.3,-83.3,633.2,634.0,633.8,632.7,631.3,630.6,630.7,631.8,637.9,635.3,632.7,631.0,630.7,631.2,632.0,630.7,629.7,630.0,631.8,634.7,632.8,632.3,632.2,632.6,633.2,633.7,633.8,633.5,596.8,598.1,598.9,598.7,597.8,596.6,595.8,596.1,598.0,596.9,596.0,595.9,597.2,599.6,602.0,599.0,596.4,595.0,595.0,596.3,597.5,597.4,597.8,598.3,598.7,598.8,598.4,597.9,37.3,-49.2,669.6,0.070,0.306,-0.032,286.1,286.1,287.6,289.9,292.8,297.2,302.8,310.1,320.0,331.3,342.2,351.9,359.2,363.5,365.3,366.1,366.3,288.2,291.8,297.8,304.5,310.5,323.8,331.3,339.4,347.1,352.6,317.1,316.2,315.4,314.4,309.1,312.6,316.4,321.0,325.3,295.1,298.8,303.9,308.5,304.0,298.8,329.8,334.2,339.7,344.5,340.2,334.8,304.9,308.1,313.3,317.1,321.5,328.9,336.0,330.0,323.3,318.4,314.1,308.7,307.2,313.6,317.4,321.9,333.4,322.7,318.1,314.1,120.4,131.8,143.2,154.1,164.5,173.6,181.0,186.6,188.3,187.1,182.2,174.8,165.4,154.2,141.9,129.3,116.9,108.4,102.3,100.0,100.1,102.3,101.3,97.8,97.0,99.0,104.1,111.6,118.1,124.6,131.4,139.7,140.8,141.6,140.4,139.1,116.4,112.8,112.6,115.7,117.1,117.5,114.4,110.4,110.3,113.2,114.8,115.1,159.2,153.6,150.8,151.7,150.6,152.9,157.5,164.9,168.0,168.6,168.3,165.7,159.0,155.1,155.1,154.7,157.8,162.2,162.7,162.4,-19.4,-19.4,-16.8,-12.6,-7.5,0.3,9.9,21.9,38.0,56.5,75.2,92.5,105.2,112.7,115.7,116.9,117.5,-15.2,-8.8,1.4,12.4,22.2,43.5,55.7,68.9,81.4,90.5,32.6,30.9,29.2,27.4,19.6,25.1,31.0,38.3,45.2,-3.3,3.0,11.6,19.1,11.6,3.1,53.6,60.7,69.4,77.2,70.1,61.6,13.1,18.0,26.1,32.0,39.0,51.0,63.1,53.0,42.0,34.3,27.5,19.1,16.8,26.7,32.6,39.7,58.9,41.2,33.8,27.5,-86.7,-66.4,-46.1,-26.5,-7.9,8.1,20.5,29.5,31.9,29.8,21.9,9.8,-6.1,-25.2,-45.9,-67.2,-88.4,-104.2,-113.4,-115.9,-114.1,-109.3,-110.0,-115.5,-117.0,-114.0,-105.8,-93.3,-81.7,-70.6,-59.1,-47.5,-45.3,-43.7,-45.7,-47.7,-89.2,-94.5,-94.3,-88.6,-86.8,-86.6,-89.3,-95.5,-95.5,-90.9,-87.9,-87.7,-16.2,-25.1,-29.1,-27.6,-29.3,-25.7,-18.7,-6.5,-1.7,-0.7,-1.1,-5.3,-16.5,-22.3,-22.2,-22.7,-18.2,-10.9,-10.1,-10.7,727.8,727.1,727.0,727.1,722.4,713.5,700.3,682.9,672.4,671.8,679.1,686.6,690.3,691.8,691.1,690.8,692.5,701.0,693.9,685.0,675.7,669.1,662.9,662.2,663.3,663.9,665.1,662.8,655.5,648.3,640.9,659.8,654.8,650.7,650.7,651.4,691.8,686.2,682.2,678.8,681.7,685.4,667.1,665.2,663.5,664.0,662.3,663.9,677.9,662.7,654.0,650.8,649.4,652.5,660.3,654.5,652.2,654.1,657.3,665.7,674.2,655.9,652.3,650.9,660.0,653.6,655.3,658.7,0.606,0.012,0.282,-0.031,319.967,138.908,-35.280,-10.778,-2.912,18.068,-9.798,-8.855,8.729,3.053,4.101,4.923,-3.117,-1.087,0.574,-2.665,-2.627,1.763,1.803,-2.501,-2.746,0.083,1.783,0.158,-0.066,0.424,0.239,-0.592,0.478,0.089,0.053,0.010,0.063,-0.013,-0.026,0.075,0.00,0.00,1.41,0.00,0.68,3.07,0.03,0.78,0.00,0.00,0.00,0.36,0.39,0.00,1.83,1.66,0.81,0.00,0.00,1.00,0.00,1.00,1.00,0.00,0.00,0.00,0.00,0.00,0.00,1.00,0.00,1.00,1.00,0.00,1.00
296,0,29.500,0.98,1,-0.137963,0.119822,-0.983163,-0.286404,0.126905,-0.949667,-0.216,0.127,299.4,300.4,303.0,305.7,306.8,306.0,303.2,300.6,296.4,297.6,299.7,302.5,305.5,307.8,309.5,307.7,305.1,302.4,299.9,297.8,302.1,303.2,304.4,304.8,304.3,303.2,302.0,301.6,333.5,334.5,337.3,340.2,341.5,340.5,337.8,334.7,330.9,332.5,334.8,337.9,341.0,343.5,345.3,343.6,341.3,338.6,335.6,332.9,336.3,337.6,338.8,339.2,338.6,337.4,336.2,335.7,113.7,110.9,109.7,110.6,113.1,116.1,117.1,116.2,115.5,113.6,112.2,111.4,111.9,113.1,115.0,115.9,116.3,116.6,116.6,116.4,114.8,115.2,114.6,113.4,112.3,111.9,112.5,113.7,111.7,108.8,107.5,108.6,111.3,114.2,115.5,114.7,113.8,111.8,110.2,109.5,110.0,111.1,112.9,114.0,114.5,114.7,114.7,114.6,113.0,113.4,112.9,111.6,110.4,109.9,110.5,111.7,3.8,5.4,9.4,13.5,15.3,14.0,9.6,5.5,-1.0,1.0,4.2,8.5,13.1,16.8,19.5,16.6,12.5,8.3,4.5,1.2,7.9,9.7,11.5,12.2,11.4,9.6,7.9,7.2,53.3,54.9,59.0,63.3,65.1,63.6,59.5,54.9,49.6,51.8,55.2,59.7,64.4,68.3,71.1,68.4,64.7,60.5,56.3,52.4,57.5,59.3,61.1,61.8,61.0,59.1,57.3,56.7,-86.3,-90.6,-92.6,-91.0,-86.8,-82.2,-80.6,-82.1,-84.0,-86.6,-88.4,-89.4,-88.7,-86.9,-84.1,-82.5,-81.7,-81.3,-81.5,-82.2,-84.5,-83.8,-84.7,-86.6,-88.4,-89.1,-88.2,-86.3,-83.7,-88.1,-90.1,-88.6,-84.4,-80.0,-78.0,-79.2,-80.7,-83.6,-85.7,-86.8,-86.3,-84.9,-82.6,-80.7,-79.6,-79.1,-79.1,-79.4,-81.9,-81.3,-82.1,-84.1,-85.9,-86.6,-85.7,-83.8,636.3,637.1,636.8,635.7,634.3,633.7,633.8,634.9,641.0,638.4,635.7,634.0,633.7,634.3,635.1,633.7,632.8,633.1,634.9,637.8,635.9,635.4,635.3,635.6,636.2,636.7,636.8,636.5,596.0,597.2,598.0,597.9,597.0,595.8,595.0,595.3,597.1,596.0,595.2,595.1,596.5,598.9,601.3,598.3,595.7,594.2,594.2,595.5,596.7,596.6,597.0,597.5,597.9,598.0,597.6,597.1,38.8,-51.2,673.5,0.064,0.303,-0.018,287.4,287.1,288.3,290.5,293.2,297.5,303.1,310.5,320.4,331.6,342.3,352.1,359.4,363.8,365.8,366.7,367.2,289.7,293.1,299.0,305.6,311.7,325.0,332.6,340.7,348.4,353.6,318.1,317.2,316.2,315.2,309.8,313.4,317.2,321.8,326.1,296.3,300.0,305.1,309.6,305.1,300.0,330.7,335.2,340.7,345.4,341.2,335.8,305.6,308.8,313.9,317.7,322.1,329.5,336.5,330.4,323.7,318.8,314.6,309.3,307.9,314.2,318.0,322.5,333.9,323.1,318.5,314.6,119.3,130.4,141.6,152.5,162.8,171.8,179.2,184.9,186.7,185.6,180.9,173.9,164.7,153.7,141.6,129.1,116.8,107.5,101.2,98.6,98.7,101.0,100.0,96.7,96.2,98.6,104.1,110.8,117.3,123.6,130.3,138.6,139.7,140.6,139.4,138.2,115.6,112.0,111.8,115.0,116.4,116.7,113.9,110.0,110.0,112.9,114.5,114.8,158.2,152.6,149.8,150.7,149.6,152.1,156.7,163.7,166.5,167.0,166.7,164.3,157.9,154.1,154.2,153.8,156.9,160.8,161.3,160.9,-17.3,-17.7,-15.6,-11.7,-6.7,0.9,10.6,22.6,38.7,57.3,75.9,93.3,106.2,114.0,117.4,119.0,120.0,-12.7,-6.7,3.4,14.4,24.2,45.7,58.2,71.6,84.2,92.9,34.6,32.6,30.7,28.8,20.8,26.4,32.4,39.8,46.8,-1.3,5.0,13.6,21.1,13.6,5.0,55.5,62.7,71.5,79.3,72.1,63.5,14.3,19.3,27.2,33.2,40.2,52.2,64.3,53.9,42.8,35.1,28.4,20.2,18.0,27.8,33.7,40.8,60.0,42.1,34.8,28.5,-89.2,-69.1,-49.0,-29.6,-11.1,5.0,17.7,26.8,29.3,27.5,20.0,8.3,-7.3,-26.2,-46.8,-68.0,-89.2,-106.3,-116.0,-118.9,-117.2,-112.3,-112.7,-118.0,-119.2,-115.4,-106.6,-95.1,-83.6,-72.6,-61.2,-49.4,-47.2,-45.6,-47.4,-49.4,-91.1,-96.4,-96.1,-90.3,-88.5,-88.3,-90.6,-96.7,-96.6,-91.9,-89.0,-88.8,-18.1,-26.8,-30.9,-29.3,-31.0,-27.2,-20.1,-8.6,-4.1,-3.2,-3.7,-7.8,-18.4,-24.0,-23.8,-24.3,-19.7,-13.1,-12.4,-13.1,732.1,731.1,730.9,730.8,726.1,717.3,704.1,687.0,676.5,676.1,683.4,691.1,694.9,696.7,696.2,696.2,698.1,705.5,698.6,689.6,680.2,673.7,667.0,666.5,667.9,668.6,669.9,667.3,659.8,652.4,645.0,663.9,659.0,654.9,654.9,655.7,696.0,690.4,686.4,683.0,685.9,689.7,671.2,669.4,667.8,668.5,666.5,668.1,681.3,666.0,657.5,654.4,652.9,656.3,664.5,658.1,655.4,657.2,660.3,668.7,677.6,659.4,655.9,654.4,664.0,656.9,658.6,662.0,0.603,0.003,0.276,-0.017,320.730,137.918,-32.343,-11.657,-4.402,18.900,-9.296,-9.597,7.780,3.296,2.644,5.704,-5.368,-1.176,0.911,-3.379,-2.847,2.093,1.200,-2.654,-1.919,-0.024,1.818,0.478,-0.116,-0.125,0.433,-0.745,0.349,0.109,0.040,0.001,0.051,-0.032,-0.031,0.071,0.00,0.00,1.11,0.00,0.55,2.87,0.03,0.65,0.00,0.00,0.00,0.28,0.42,0.00,1.68,1.71,0.81,0.00,0.00,1.00,0.00,1.00,1.00,0.00,0.00,0.00,0.00,0.00,0.00,1.00,0.00,1.00,1.00,0.00,1.00
297,0,29.600,0.98,1,-0.136365,0.119704,-0.983400,-0.285541,0.125938,-0.950056,-0.215,0.126,299.6,300.6,303.2,305.9,307.0,306.2,303.4,300.7,296.5,297.8,299.9,302.7,305.7,308.1,309.8,307.9,305.3,302.5,300.0,298.0,302.3,303.4,304.6,305.0,304.5,303.4,302.2,301.8,333.8,334.8,337.6,340.5,341.9,340.9,338.1,335.0,331.2,332.8,335.1,338.3,341.4,343.9,345.6,344.0,341.7,338.9,336.0,333.2,336.6,337.9,339.1,339.6,339.0,337.7,336.5,336.0,113.8,111.1,109.8,110.7,113.3,116.3,117.4,116.4,115.7,113.8,112.4,111.6,112.0,113.3,115.2,116.1,116.5,116.8,116.9,116.6,115.0,115.4,114.8,113.6,112.5,112.1,112.6,113.8,112.0,109.1,107.8,108.9,111.7,114.6,115.9,115.1,114.2,112.1,110.5,109.8,110.3,111.5,113.3,114.4,114.9,115.1,115.1,115.0,113.3,113.8,113.2,111.9,110.7,110.3,110.8,112.1,4.0,5.6,9.7,13.7,15.5,14.2,9.8,5.7,-0.7,1.3,4.5,8.7,13.4,17.0,19.7,16.8,12.7,8.5,4.7,1.5,8.2,9.9,11.7,12.4,11.7,9.9,8.1,7.4,53.3,54.9,59.0,63.3,65.1,63.5,59.4,54.9,49.6,51.8,55.2,59.7,64.4,68.3,71.1,68.4,64.6,60.5,56.3,52.4,57.5,59.3,61.1,61.8,61.0,59.1,57.3,56.6,-85.4,-89.7,-91.7,-90.0,-85.8,-81.2,-79.6,-81.2,-83.1,-85.8,-87.5,-88.5,-87.8,-85.9,-83.1,-81.5,-80.7,-80.3,-80.5,-81.3,-83.6,-82.9,-83.7,-85.6,-87.4,-88.1,-87.3,-85.4,-82.5,-86.9,-88.9,-87.3,-83.1,-78.8,-76.8,-78.0,-79.6,-82.4,-84.6,-85.6,-85.1,-83.7,-81.4,-79.4,-78.3,-77.8,-77.9,-78.2,-80.8,-80.1,-80.9,-82.8,-84.7,-85.4,-84.5,-82.6,631.5,632.2,631.9,630.7,629.4,628.8,629.0,630.2,636.2,633.6,630.9,629.1,628.8,629.3,630.2,628.9,628.0,628.3,630.1,633.0,631.1,630.6,630.4,630.8,631.3,631.8,632.0,631.7,591.1,592.3,593.0,593.0,592.1,590.9,590.1,590.3,592.2,591.1,590.2,590.1,591.5,593.9,596.3,593.3,590.7,589.3,589.3,590.6,591.7,591.7,592.1,592.6,593.0,593.0,592.7,592.1,39.2,-51.6,677.0,0.066,0.295,-0.012,287.5,287.2,288.3,290.3,293.0,297.2,302.9,310.3,320.2,331.4,342.1,352.0,359.4,364.0,366.1,367.1,367.6,289.9,293.4,299.3,306.0,312.0,325.2,332.9,341.2,348.8,354.1,318.4,317.4,316.5,315.5,310.0,313.6,317.4,322.0,326.3,296.4,300.1,305.3,309.8,305.3,300.1,331.0,335.5,341.0,345.8,341.5,336.1,305.7,309.1,314.1,317.9,322.2,329.4,336.5,330.3,323.6,318.8,314.7,309.5,308.0,314.4,318.1,322.5,333.8,323.0,318.5,314.6,119.2,130.1,141.1,151.7,161.8,170.8,178.2,183.9,185.8,184.8,180.4,173.7,164.7,153.8,141.8,129.4,117.1,107.4,101.3,98.9,99.0,101.3,100.4,97.1,96.6,99.0,104.6,111.2,117.6,123.8,130.4,138.7,139.8,140.7,139.6,138.4,115.7,112.1,112.0,115.3,116.6,117.0,114.3,110.3,110.3,113.3,114.9,115.2,158.0,152.6,149.9,150.9,149.8,152.2,156.7,163.2,165.7,166.1,165.8,163.6,157.8,154.2,154.3,153.9,156.9,160.2,160.6,160.2,-17.1,-17.7,-15.7,-12.0,-7.2,0.4,10.2,22.5,38.7,57.3,76.1,93.8,107.1,115.2,118.8,120.5,121.6,-12.4,-6.2,4.0,15.0,24.8,46.3,59.0,72.6,85.4,94.4,35.1,33.2,31.3,29.4,21.3,27.0,33.0,40.3,47.3,-1.0,5.3,14.0,21.6,14.0,5.4,56.2,63.5,72.5,80.4,73.1,64.3,14.6,19.9,27.8,33.7,40.5,52.5,64.6,54.0,42.9,35.3,28.7,20.7,18.4,28.2,34.1,41.1,60.2,42.1,34.9,28.7,-89.7,-70.0,-50.3,-31.1,-12.8,3.2,15.9,25.3,28.0,26.4,19.3,7.9,-7.4,-26.1,-46.8,-68.1,-89.4,-107.0,-116.4,-119.1,-117.2,-112.3,-112.7,-118.0,-119.1,-115.3,-106.4,-95.0,-83.6,-72.7,-61.4,-49.5,-47.4,-45.7,-47.5,-49.4,-91.4,-96.7,-96.4,-90.4,-88.6,-88.5,-90.6,-96.8,-96.6,-91.8,-88.8,-88.7,-18.5,-26.9,-30.9,-29.2,-30.9,-27.1,-20.2,-9.5,-5.4,-4.7,-5.2,-9.0,-18.7,-24.1,-23.8,-24.3,-19.9,-14.3,-13.7,-14.4,735.8,734.7,734.3,734.3,730.0,721.3,708.2,691.0,680.5,680.2,688.0,696.0,700.2,702.0,701.7,701.5,703.3,709.1,702.0,692.9,683.3,676.8,670.0,669.7,671.3,672.4,674.1,670.7,663.3,655.8,648.4,667.4,662.7,658.6,658.7,659.5,699.9,694.3,690.2,686.8,689.7,693.5,674.9,673.3,671.8,672.6,670.5,672.0,684.7,669.3,661.2,658.1,656.6,660.2,668.6,661.7,658.8,660.5,663.6,672.0,680.9,662.9,659.6,658.1,667.9,660.2,661.8,665.2,0.599,0.005,0.267,-0.011,320.875,137.843,-27.595,-13.551,-6.392,17.709,-8.541,-9.160,6.498,3.526,2.752,5.876,-5.459,-1.078,0.193,-3.747,-2.863,2.378,1.220,-2.797,-1.779,-0.154,1.497,0.839,-0.117,-0.139,0.260,-0.866,0.294,0.140,0.051,0.002,0.067,-0.035,-0.029,0.057,0.12,0.12,0.97,0.00,0.37,2.66,0.00,0.52,0.00,0.00,0.00,0.22,0.22,0.00,1.57,1.71,0.81,0.00,0.00,1.00,0.00,1.00,1.00,0.00,0.00,0.00,0.00,0.00,0.00,1.00,0.00,1.00,1.00,0.00,1.00
298,0,29.700,0.98,1,-0.144123,0.139438,-0.979686,-0.294211,0.146179,-0.944495,-0.224,0.147,299.7,300.8,303.4,306.0,307.1,306.2,303.4,300.8,296.7,298.0,300.0,302.8,305.8,308.1,309.8,307.9,305.3,302.6,300.1,298.1,302.4,303.5,304.6,305.1,304.6,303.5,302.4,301.9,333.7,334.7,337.5,340.4,341.7,340.7,337.9,334.8,331.0,332.7,335.0,338.1,341.2,343.7,345.4,343.8,341.5,338.7,335.8,333.1,336.5,337.7,339.0,339.4,338.8,337.6,336.3,335.9,116.1,113.3,112.1,113.1,115.7,118.6,119.6,118.7,117.8,115.9,114.6,113.9,114.4,115.7,117.6,118.5,118.9,119.2,119.1,118.7,117.2,117.6,117.1,115.9,114.8,114.4,114.9,116.1,114.7,111.8,110.5,111.6,114.4,117.3,118.6,117.7,116.8,114.7,113.2,112.5,113.0,114.2,115.9,117.1,117.6,117.9,117.8,117.6,116.0,116.4,115.9,114.6,113.4,112.9,113.5,114.7,4.2,5.9,10.0,14.0,15.7,14.4,10.0,5.9,-0.5,1.5,4.7,9.0,13.6,17.3,19.9,16.9,12.9,8.7,4.9,1.7,8.4,10.2,11.9,12.7,11.9,10.1,8.4,7.6,53.5,55.1,59.2,63.4,65.3,63.7,59.6,55.1,49.7,52.0,55.3,59.9,64.5,68.4,71.2,68.5,64.8,60.7,56.4,52.5,57.6,59.5,61.3,62.0,61.2,59.3,57.5,56.8,-82.7,-87.0,-88.9,-87.2,-82.9,-78.3,-76.8,-78.5,-80.6,-83.2,-84.8,-85.7,-84.9,-83.0,-80.1,-78.5,-77.8,-77.5,-77.7,-78.7,-80.8,-80.1,-80.9,-82.8,-84.6,-85.4,-84.6,-82.7,-79.2,-83.6,-85.5,-83.9,-79.7,-75.3,-73.4,-74.6,-76.3,-79.1,-81.2,-82.2,-81.7,-80.3,-78.0,-76.0,-74.9,-74.3,-74.4,-74.8,-77.4,-76.7,-77.6,-79.5,-81.3,-82.0,-81.1,-79.2,637.3,637.9,637.5,636.3,635.1,634.7,635.0,636.1,642.2,639.5,636.7,634.8,634.5,635.1,636.0,634.7,633.9,634.3,636.1,639.0,637.0,636.5,636.3,636.5,637.0,637.5,637.7,637.5,594.8,595.9,596.6,596.6,595.8,594.8,594.1,594.3,596.0,594.9,593.9,593.8,595.2,597.7,600.2,597.3,594.7,593.2,593.2,594.5,595.6,595.6,595.9,596.3,596.7,596.7,596.4,595.9,39.0,-48.0,681.0,0.090,0.311,-0.008,287.8,287.3,288.3,290.3,292.9,297.0,302.5,309.8,319.6,330.6,341.4,351.3,358.9,363.6,365.8,367.0,367.6,290.2,293.8,299.6,306.0,311.9,325.4,332.8,340.7,348.2,353.5,318.3,317.3,316.4,315.3,310.0,313.5,317.2,321.6,325.8,296.6,300.3,305.4,309.8,305.3,300.2,330.9,335.4,340.9,345.6,341.4,335.9,305.5,308.9,313.8,317.4,321.6,328.7,335.6,329.5,322.9,318.2,314.2,309.1,307.8,314.0,317.6,321.9,333.0,322.4,318.0,314.2,120.8,131.6,142.5,153.1,163.3,172.4,180.0,186.1,188.2,187.3,182.8,175.9,166.9,155.9,143.8,131.4,119.1,108.6,102.8,100.6,101.0,103.3,102.5,99.3,98.7,100.8,106.0,113.7,120.3,126.7,133.4,141.3,142.6,143.5,142.4,141.3,117.8,114.4,114.4,117.6,119.0,119.2,116.8,113.0,113.0,115.9,117.7,117.9,160.1,155.0,152.5,153.5,152.4,154.9,159.2,165.9,168.4,168.8,168.4,166.0,159.9,156.8,156.9,156.7,159.4,162.9,163.2,162.8,-16.7,-17.5,-15.7,-12.1,-7.4,0.0,9.6,21.9,38.0,56.5,75.3,93.1,106.5,114.8,118.5,120.4,121.6,-11.9,-5.5,4.4,15.2,24.7,46.7,58.9,72.0,84.3,93.2,35.1,33.2,31.3,29.3,21.3,26.9,32.8,40.0,46.9,-0.7,5.6,14.3,21.6,14.2,5.5,56.2,63.4,72.3,80.1,73.0,64.2,14.4,19.6,27.4,33.2,39.9,51.6,63.5,53.0,42.1,34.6,28.1,20.1,18.1,27.8,33.6,40.4,59.2,41.4,34.4,28.2,-87.0,-67.5,-47.9,-28.8,-10.3,6.1,19.2,29.2,32.2,30.7,23.3,11.8,-3.7,-22.6,-43.4,-64.7,-86.1,-105.2,-114.3,-116.5,-114.3,-109.3,-109.4,-114.6,-115.8,-112.3,-103.9,-91.2,-79.6,-68.4,-56.9,-45.5,-43.2,-41.4,-43.1,-45.0,-88.1,-93.3,-92.7,-86.7,-84.8,-84.9,-86.5,-92.5,-92.3,-87.6,-84.4,-84.3,-15.1,-23.2,-27.0,-25.2,-26.8,-23.0,-16.1,-5.0,-1.0,-0.3,-0.9,-5.0,-15.2,-20.0,-19.7,-20.0,-15.8,-10.0,-9.4,-10.2,737.3,736.7,737.0,737.8,734.1,726.0,713.5,696.8,686.3,685.5,692.1,699.1,702.4,703.6,702.8,702.1,703.0,711.1,704.1,695.0,685.6,679.2,671.6,670.6,671.6,672.1,673.1,673.3,666.5,659.7,652.9,671.5,667.0,663.2,662.9,663.3,702.8,696.8,692.5,689.0,692.2,696.3,676.4,674.3,672.6,673.3,671.6,673.3,688.9,673.9,665.7,662.6,661.0,664.0,671.7,666.0,663.8,665.7,668.8,676.8,685.1,667.6,664.2,662.5,671.1,665.1,666.9,670.2,0.597,0.032,0.285,-0.006,320.602,140.150,-33.778,-16.045,-9.138,16.782,-8.092,-10.137,6.762,2.915,0.188,5.555,-5.403,-0.981,0.123,-3.411,-2.411,1.014,0.782,-2.271,-2.650,0.391,1.248,0.450,-0.120,-0.080,0.292,-0.570,0.464,0.126,0.079,-0.011,0.030,-0.009,-0.009,0.064,0.37,0.36,0.91,0.00,0.20,2.47,0.00,0.32,0.00,0.00,0.03,0.19,0.14,0.00,1.06,1.21,0.71,0.00,0.00,1.00,0.00,1.00,1.00,0.00,0.00,0.00,0.00,0.00,0.00,0.00,0.00,1.00,1.00,0.00,1.00
299,0,29.800,0.98,1,-0.140210,0.100045,-0.985054,-0.283727,0.099583,-0.953720,-0.215,0.103,301.0,302.2,304.8,307.4,308.4,307.5,304.7,302.1,298.0,299.3,301.3,304.1,307.1,309.4,311.1,309.1,306.5,303.8,301.4,299.3,303.7,304.8,305.9,306.4,306.0,304.9,303.7,303.2,335.1,336.3,339.1,342.0,343.2,342.0,339.2,336.1,332.4,334.1,336.5,339.7,342.8,345.2,346.8,345.1,342.8,340.1,337.1,334.4,337.9,339.1,340.4,340.9,340.3,339.1,337.9,337.4,113.7,111.0,109.8,110.8,113.5,116.4,117.3,116.3,115.4,113.5,112.2,111.6,112.1,113.4,115.4,116.3,116.6,116.9,116.8,116.4,114.9,115.3,114.8,113.6,112.5,112.1,112.6,113.8,113.1,110.3,109.1,110.3,113.2,116.0,117.2,116.2,115.1,113.1,111.7,111.1,111.7,113.0,114.9,115.9,116.4,116.5,116.3,116.0,114.5,115.0,114.5,113.3,112.0,111.5,112.0,113.3,6.3,8.0,12.1,16.1,17.7,16.3,11.9,7.9,1.6,3.6,6.7,11.0,15.6,19.2,21.8,18.8,14.7,10.5,6.8,3.7,10.4,12.1,13.9,14.7,14.0,12.2,10.4,9.7,55.6,57.4,61.6,65.7,67.4,65.6,61.4,57.0,51.7,54.1,57.5,62.1,66.7,70.6,73.3,70.5,66.7,62.6,58.3,54.5,59.7,61.5,63.3,64.1,63.4,61.5,59.7,58.9,-86.0,-90.3,-92.1,-90.3,-86.0,-81.5,-80.0,-81.7,-84.0,-86.5,-88.2,-88.9,-88.1,-86.0,-83.2,-81.6,-80.9,-80.6,-81.0,-82.0,-84.0,-83.3,-84.1,-85.9,-87.8,-88.6,-87.8,-85.9,-81.5,-85.8,-87.6,-85.8,-81.5,-77.2,-75.4,-76.9,-78.7,-81.5,-83.4,-84.2,-83.5,-82.0,-79.6,-77.7,-76.7,-76.3,-76.6,-77.2,-79.5,-78.7,-79.5,-81.4,-83.3,-84.1,-83.3,-81.4,634.4,635.0,634.5,633.3,632.1,631.6,631.9,633.2,639.3,636.6,633.8,631.9,631.5,632.0,632.8,631.6,630.8,631.3,633.2,636.2,634.0,633.4,633.3,633.5,634.1,634.6,634.8,634.5,594.7,595.8,596.6,596.6,595.8,594.7,594.0,594.2,595.9,594.8,593.9,593.8,595.2,597.7,600.2,597.2,594.6,593.1,593.1,594.4,595.5,595.5,595.8,596.3,596.6,596.6,596.3,595.8,40.2,-52.3,685.9,0.022,0.290,0.033,288.9,288.3,289.0,290.5,292.7,296.5,301.8,308.8,318.4,329.6,340.6,350.8,358.6,363.5,366.1,367.5,368.5,291.5,295.1,301.3,307.9,313.9,326.9,334.7,342.9,350.5,355.7,319.9,318.7,317.4,316.1,310.5,313.9,317.6,322.1,326.3,297.9,301.7,306.8,311.1,306.6,301.4,332.3,336.9,342.4,347.0,342.7,337.2,305.8,309.7,314.4,317.8,321.8,328.0,334.5,328.1,322.1,317.8,314.0,309.6,307.9,314.4,317.8,321.9,331.8,321.9,317.8,314.3,119.2,130.0,140.9,151.5,161.4,170.0,176.7,181.9,183.7,183.3,179.7,174.0,165.9,155.6,144.0,132.0,120.0,107.5,101.3,98.9,99.3,101.8,101.3,98.4,98.2,100.8,106.6,111.7,118.2,124.5,131.2,139.1,140.3,141.3,140.4,139.4,115.4,112.0,112.0,115.4,116.7,116.9,115.2,111.5,111.7,114.8,116.4,116.4,157.2,152.8,150.6,151.7,150.7,153.1,157.0,160.9,162.1,162.3,162.0,160.6,156.9,154.8,155.0,154.8,156.9,156.9,157.1,156.7,-14.8,-15.9,-14.7,-11.8,-7.8,-0.8,8.4,20.1,36.1,55.0,74.5,93.2,107.5,116.5,121.1,123.5,125.5,-9.8,-3.3,7.4,18.6,28.6,49.9,62.8,76.8,89.7,98.7,38.3,35.8,33.3,30.8,22.4,27.9,33.8,41.1,48.1,1.6,8.0,16.8,24.1,16.4,7.6,59.3,67.0,76.0,83.8,76.3,67.4,14.9,21.1,28.5,34.0,40.5,50.9,62.3,51.0,41.0,34.0,28.0,20.8,18.4,28.6,34.1,40.8,57.6,40.8,34.1,28.4,-91.4,-71.5,-51.5,-32.0,-13.7,1.8,13.5,22.0,24.7,24.1,18.4,8.6,-5.4,-23.5,-43.8,-64.9,-86.0,-108.8,-118.5,-121.1,-118.7,-113.3,-113.0,-117.7,-118.5,-114.3,-104.9,-95.8,-84.0,-72.6,-61.0,-49.6,-47.3,-45.5,-46.9,-48.6,-93.4,-98.5,-97.9,-91.7,-89.8,-89.9,-90.6,-96.5,-95.9,-90.8,-87.9,-88.1,-20.1,-26.8,-30.2,-28.4,-29.8,-26.1,-20.0,-13.4,-11.3,-10.9,-11.5,-13.9,-20.3,-23.5,-23.0,-23.3,-20.0,-19.8,-19.5,-20.3,748.9,747.6,747.0,746.2,740.8,730.6,715.7,697.8,687.7,688.4,697.4,706.7,712.2,714.9,715.4,714.8,716.3,722.3,714.7,705.2,695.2,687.9,681.2,680.9,682.8,684.0,686.0,682.3,674.3,666.2,658.2,677.1,672.4,668.4,668.6,669.6,711.4,705.6,701.2,697.9,700.6,704.6,686.5,685.0,683.5,684.6,682.2,683.6,690.7,677.1,670.5,667.8,666.6,669.6,676.9,669.1,666.0,667.3,670.1,677.6,686.5,671.9,669.0,667.8,675.3,667.9,669.0,672.1,0.591,-0.038,0.260,0.032,321.150,137.861,-13.340,-12.614,-18.263,15.985,-7.236,-1.193,4.774,2.046,0.857,5.218,-5.339,-0.938,0.904,-3.138,-1.186,0.927,-0.625,-2.969,-1.395,0.399,1.713,-0.068,-0.132,-0.030,0.268,-0.824,0.164,-0.028,-0.100,-0.002,0.066,-0.026,-0.021,0.058,0.47,0.49,0.74,0.00,0.09,2.40,0.00,0.13,0.00,0.00,0.03,0.14,0.00,0.00,0.74,1.09,0.71,0.00,0.00,1.00,0.00,1.00,1.00,0.00,0.00,0.00,0.00,0.00,0.00,0.00,0.00,0.00,0.00,0.00,1.00
300,0,29.900,0.98,1,-0.142488,0.119831,-0.982516,-0.283103,0.118221,-0.951775,-0.217,0.122,301.1,302.2,304.9,307.5,308.5,307.5,304.7,302.1,298.1,299.4,301.4,304.2,307.2,309.5,311.1,309.2,306.6,303.8,301.4,299.4,303.7,304.8,306.0,306.5,306.1,304.9,303.8,303.3,335.3,336.4,339.3,342.2,343.3,342.1,339.3,336.2,332.5,334.2,336.7,339.9,342.9,345.3,346.9,345.3,342.9,340.1,337.2,334.5,338.0,339.2,340.5,341.0,340.5,339.2,338.0,337.5,114.0,111.3,110.1,111.2,113.9,116.8,117.7,116.7,115.6,113.8,112.5,111.9,112.5,113.9,115.8,116.8,117.1,117.3,117.1,116.7,115.2,115.7,115.2,114.0,112.9,112.4,112.9,114.1,114.0,111.2,110.0,111.3,114.2,117.1,118.2,117.2,116.0,114.0,112.6,112.1,112.7,114.0,115.9,117.0,117.4,117.5,117.3,116.9,115.5,116.0,115.5,114.3,113.0,112.5,112.9,114.2,6.3,8.1,12.2,16.2,17.7,16.2,11.8,7.9,1.7,3.7,6.9,11.1,15.7,19.3,21.9,18.8,14.7,10.5,6.8,3.7,10.4,12.1,13.9,14.7,14.0,12.3,10.5,9.7,55.4,57.2,61.4,65.6,67.2,65.4,61.1,56.7,51.5,53.9,57.4,62.0,66.6,70.4,73.0,70.2,66.5,62.3,58.1,54.2,59.4,61.2,63.1,63.9,63.2,61.4,59.5,58.7,-85.2,-89.4,-91.2,-89.3,-85.0,-80.5,-79.1,-80.9,-83.3,-85.8,-87.4,-88.1,-87.1,-85.0,-82.1,-80.5,-79.9,-79.7,-80.2,-81.3,-83.2,-82.4,-83.1,-85.0,-86.9,-87.7,-86.9,-85.1,-79.6,-83.9,-85.6,-83.8,-79.5,-75.2,-73.5,-75.0,-76.9,-79.6,-81.5,-82.3,-81.5,-80.0,-77.6,-75.6,-74.7,-74.3,-74.7,-75.3,-77.6,-76.8,-77.6,-79.4,-81.3,-82.1,-81.4,-79.5,632.0,632.4,631.9,630.8,629.6,629.2,629.6,630.8,637.0,634.2,631.3,629.3,629.0,629.5,630.4,629.2,628.4,628.9,630.8,633.8,631.6,631.0,630.8,631.0,631.5,632.1,632.3,632.1,590.8,591.9,592.6,592.6,591.9,590.9,590.1,590.3,592.0,590.9,589.9,589.8,591.3,593.8,596.4,593.4,590.8,589.3,589.3,590.5,591.6,591.6,592.0,592.4,592.7,592.7,592.4,591.9,39.8,-50.8,684.3,0.051,0.290,0.043,289.1,288.3,288.8,290.2,292.2,295.8,301.0,308.0,317.7,328.9,339.9,350.1,357.9,363.0,365.8,367.4,368.6,291.7,295.3,301.4,308.1,314.1,327.1,335.1,343.4,351.0,356.1,319.9,318.6,317.2,315.9,310.2,313.6,317.3,321.8,326.1,298.0,301.7,306.8,311.2,306.6,301.5,332.3,337.0,342.6,347.1,342.8,337.3,305.2,309.2,313.9,317.3,321.4,327.7,334.3,327.8,321.7,317.3,313.5,309.0,307.4,313.9,317.4,321.5,331.6,321.5,317.3,313.8,118.8,129.4,140.1,150.6,160.7,169.6,176.9,182.7,184.8,184.5,180.7,174.7,166.5,156.2,144.7,132.7,120.8,107.4,101.2,98.9,99.4,102.0,101.8,99.0,98.9,101.8,107.8,112.4,119.0,125.5,132.2,140.0,141.3,142.4,141.5,140.6,115.6,112.3,112.4,115.9,117.1,117.3,116.0,112.4,112.7,115.9,117.5,117.4,158.1,154.0,152.0,153.1,152.2,154.6,158.4,162.6,163.9,164.0,163.6,162.0,158.0,156.1,156.4,156.2,158.4,158.6,158.7,158.2,-14.4,-15.8,-14.9,-12.4,-8.8,-2.1,6.9,18.8,34.9,53.8,73.2,91.8,106.2,115.3,120.2,122.9,125.2,-9.3,-3.0,7.5,18.7,28.6,49.9,63.1,77.2,90.0,98.8,38.0,35.5,32.9,30.3,21.8,27.3,33.2,40.6,47.6,1.7,8.1,16.8,24.1,16.5,7.7,59.2,66.9,75.9,83.6,76.2,67.2,13.9,20.3,27.7,33.2,39.7,50.3,61.8,50.5,40.3,33.2,27.1,19.9,17.5,27.8,33.4,40.0,57.1,40.0,33.3,27.6,-91.7,-72.2,-52.7,-33.5,-15.1,1.0,13.8,23.4,26.7,26.2,20.0,9.9,-4.3,-22.3,-42.5,-63.3,-84.3,-108.6,-118.0,-120.4,-117.7,-112.2,-111.5,-116.0,-116.5,-112.0,-102.4,-94.1,-82.2,-70.7,-59.1,-48.0,-45.4,-43.5,-44.9,-46.5,-92.6,-97.6,-96.7,-90.4,-88.6,-88.9,-88.7,-94.5,-93.8,-88.6,-85.7,-86.0,-18.4,-24.8,-27.9,-26.0,-27.4,-23.6,-17.5,-10.5,-8.4,-8.1,-8.8,-11.6,-18.5,-21.2,-20.6,-20.9,-17.6,-17.0,-16.8,-17.7,744.6,743.8,743.7,743.7,739.0,729.8,715.8,698.4,688.1,688.7,697.1,705.8,710.8,713.1,713.2,712.2,713.3,718.7,710.8,700.9,690.8,683.6,676.9,676.6,678.6,680.0,682.5,678.5,670.8,663.1,655.4,675.0,670.3,666.4,666.6,667.5,708.2,702.2,697.8,694.6,697.4,701.5,683.0,681.3,679.9,681.1,678.8,680.2,689.8,675.8,669.0,666.3,664.9,668.1,675.8,668.3,665.4,666.7,669.5,677.0,685.6,670.7,667.8,666.5,674.3,666.8,668.0,671.1,0.593,-0.009,0.260,0.044,320.942,138.668,-15.720,-13.944,-17.618,18.199,-6.390,-2.584,3.463,1.495,1.428,6.911,-6.116,-0.906,0.504,-3.573,-1.190,1.094,-0.892,-2.706,-1.061,0.070,1.695,-0.050,-0.167,-0.196,0.084,-0.840,0.296,-0.009,-0.070,-0.006,0.063,-0.009,-0.020,0.053,0.49,0.58,0.72,0.00,0.00,2.39,0.00,0.04,0.00,0.00,0.08,0.03,0.00,0.00,0.44,0.88,0.62,0.00,0.00,1.00,0.00,1.00,1.00,0.00,0.00,0.00,0.00,0.00,0.00,0.00,0.00,0.00,0.00,0.00,1.00
301,0,30.000,0.98,1,-0.144963,0.123095,-0.981750,-0.289918,0.122629,-0.949163,-0.222,0.127,300.3,301.5,304.2,306.7,307.7,306.8,303.9,301.3,297.3,298.6,300.7,303.5,306.5,308.8,310.4,308.4,305.8,303.1,300.6,298.6,303.0,304.1,305.2,305.7,305.3,304.2,303.0,302.5,334.3,335.5,338.4,341.2,342.4,341.3,338.4,335.3,331.6,333.3,335.7,338.9,342.0,344.5,346.1,344.4,342.0,339.3,336.3,333.6,337.1,338.3,339.6,340.1,339.6,338.3,337.1,336.6,114.9,112.2,111.1,112.2,114.8,117.7,118.6,117.6,116.5,114.7,113.4,112.8,113.4,114.8,116.8,117.7,118.0,118.2,118.1,117.6,116.2,116.6,116.1,115.0,113.8,113.3,113.8,115.0,114.9,112.0,110.8,112.1,115.0,117.8,119.0,118.0,116.9,114.9,113.4,112.8,113.5,114.8,116.7,117.7,118.2,118.3,118.1,117.8,116.3,116.8,116.3,115.1,113.8,113.3,113.8,115.0,5.2,7.0,11.1,15.1,16.6,15.1,10.7,6.7,0.5,2.5,5.7,10.0,14.6,18.2,20.7,17.7,13.6,9.4,5.7,2.5,9.2,11.0,12.8,13.6,12.9,11.2,9.4,8.6,53.9,55.7,59.9,64.1,65.7,63.9,59.7,55.3,50.0,52.4,55.9,60.4,65.1,68.9,71.5,68.8,65.0,60.9,56.7,52.8,58.0,59.8,61.6,62.4,61.7,59.9,58.0,57.2,-84.0,-88.3,-90.0,-88.2,-83.9,-79.3,-77.9,-79.8,-82.1,-84.7,-86.2,-86.9,-86.0,-83.8,-80.9,-79.3,-78.8,-78.6,-79.0,-80.1,-82.0,-81.2,-82.0,-83.8,-85.7,-86.5,-85.8,-83.9,-78.2,-82.5,-84.2,-82.5,-78.2,-73.9,-72.1,-73.6,-75.4,-78.2,-80.1,-81.0,-80.2,-78.7,-76.2,-74.3,-73.3,-73.0,-73.3,-73.9,-76.2,-75.4,-76.2,-78.1,-80.0,-80.7,-80.0,-78.1,634.0,634.5,634.1,632.9,631.7,631.3,631.6,632.8,639.0,636.2,633.4,631.4,631.1,631.6,632.5,631.3,630.5,631.0,632.9,635.8,633.6,633.1,632.9,633.1,633.6,634.1,634.4,634.1,589.3,590.3,591.1,591.1,590.4,589.3,588.5,588.7,590.4,589.3,588.4,588.3,589.8,592.2,594.7,591.8,589.2,587.7,587.7,588.9,590.0,590.0,590.4,590.8,591.2,591.2,590.8,590.4,38.6,-49.4,686.2,0.067,0.298,0.042,288.6,287.7,288.1,289.6,291.5,295.2,300.3,307.3,316.9,328.0,338.7,349.0,357.1,362.3,365.2,367.0,368.1,291.2,294.7,300.7,307.3,313.2,326.1,334.1,342.4,350.0,355.1,318.9,317.6,316.3,315.0,309.3,312.8,316.5,321.1,325.4,297.2,301.0,306.1,310.4,305.9,300.7,331.4,336.1,341.6,346.2,341.9,336.5,304.4,308.2,312.9,316.5,320.6,327.3,334.0,327.6,321.1,316.6,312.7,308.0,306.7,312.9,316.5,320.7,331.4,320.8,316.6,312.9,119.6,130.0,140.4,150.7,160.7,169.7,177.3,183.5,185.9,185.5,181.7,175.8,167.6,157.3,145.6,133.5,121.4,108.0,102.0,99.8,100.3,102.9,102.6,99.7,99.6,102.5,108.4,113.4,120.0,126.4,133.1,140.6,142.0,143.1,142.2,141.3,116.6,113.2,113.4,116.9,118.1,118.2,116.9,113.2,113.5,116.7,118.3,118.2,158.9,154.5,152.2,153.4,152.5,155.0,159.3,164.4,166.1,166.2,165.7,163.7,158.9,156.5,156.8,156.6,159.3,160.7,160.8,160.2,-15.4,-17.0,-16.2,-13.6,-9.9,-3.3,5.8,17.8,33.8,52.4,71.4,90.0,104.7,114.2,119.3,122.1,124.3,-10.2,-4.0,6.3,17.4,27.1,48.4,61.5,75.5,88.3,97.0,36.4,34.0,31.5,29.0,20.3,26.0,31.9,39.4,46.5,0.4,6.8,15.6,22.8,15.2,6.4,57.7,65.3,74.4,82.1,74.7,65.8,12.6,18.6,26.2,31.8,38.5,49.7,61.5,50.2,39.5,32.2,25.9,18.4,16.3,26.3,32.0,38.8,57.0,39.0,32.1,26.2,-90.1,-71.1,-52.1,-33.3,-15.1,1.3,14.7,25.0,28.5,27.9,21.8,11.7,-2.5,-20.5,-40.9,-61.9,-83.2,-107.5,-116.8,-119.0,-116.5,-111.0,-110.2,-115.0,-115.5,-110.8,-101.2,-92.5,-80.8,-69.5,-57.9,-47.0,-44.4,-42.5,-43.9,-45.4,-91.2,-96.2,-95.3,-88.8,-87.2,-87.6,-87.1,-93.1,-92.5,-87.3,-84.4,-84.6,-17.1,-24.2,-27.5,-25.6,-27.0,-22.9,-16.1,-7.6,-4.8,-4.6,-5.4,-8.8,-17.1,-20.7,-20.1,-20.3,-16.2,-13.7,-13.5,-14.5,744.1,743.3,743.4,744.0,740.4,732.0,719.0,701.9,691.1,691.0,698.5,706.7,711.2,713.3,713.1,712.2,713.1,719.1,711.5,701.7,691.7,684.9,677.6,676.9,678.5,679.7,681.8,679.3,672.1,664.8,657.6,676.9,672.3,668.4,668.4,669.1,709.7,703.6,699.1,695.7,698.8,703.0,683.1,681.3,679.8,680.9,678.8,680.2,693.3,678.5,670.9,667.9,666.3,669.6,677.8,670.9,668.0,669.7,672.8,680.8,689.2,672.8,669.5,667.9,676.6,669.3,670.9,674.2,0.591,0.008,0.270,0.043,320.167,139.537,-21.724,-18.150,-13.189,17.955,-6.235,-6.490,4.210,2.805,1.367,7.312,-5.896,-0.882,0.732,-3.451,-1.756,1.957,0.043,-2.671,-0.723,0.429,1.264,0.333,-0.031,-0.531,0.012,-0.831,0.383,0.020,-0.027,0.000,0.085,-0.002,-0.014,0.056,0.33,0.44,0.70,0.00,0.01,2.45,0.00,0.14,0.00,0.00,0.11,0.03,0.00,0.00,0.45,0.83,0.67,1.00,0.00,1.00,0.00,1.00,1.00,0.00,0.00,0.00,0.00,0.00,0.00,0.00,0.00,0.00,0.00,0.00,1.00
302,0,30.100,0.98,1,-0.139104,0.107972,-0.984374,-0.284756,0.106260,-0.952692,-0.215,0.110,300.4,301.5,304.2,306.8,307.7,306.8,303.9,301.4,297.3,298.6,300.7,303.5,306.5,308.8,310.4,308.4,305.8,303.1,300.7,298.7,303.0,304.1,305.3,305.8,305.3,304.2,303.1,302.6,334.5,335.6,338.5,341.3,342.5,341.4,338.5,335.4,331.7,333.4,335.9,339.0,342.1,344.5,346.1,344.5,342.1,339.4,336.4,333.7,337.2,338.4,339.7,340.2,339.7,338.4,337.2,336.7,113.2,110.5,109.3,110.4,113.0,115.9,116.9,115.8,114.8,113.0,111.7,111.1,111.7,113.1,115.0,115.9,116.2,116.4,116.3,115.8,114.4,114.9,114.4,113.2,112.1,111.6,112.1,113.3,113.0,110.2,109.0,110.3,113.2,116.0,117.1,116.1,115.0,113.0,111.6,111.0,111.7,113.0,114.9,115.9,116.3,116.4,116.2,115.9,114.5,115.0,114.5,113.3,112.0,111.5,112.0,113.2,5.3,7.1,11.2,15.2,16.7,15.2,10.8,6.8,0.5,2.6,5.8,10.1,14.7,18.3,20.8,17.8,13.7,9.5,5.7,2.6,9.3,11.1,12.9,13.7,13.0,11.2,9.4,8.6,54.4,56.2,60.4,64.6,66.2,64.4,60.2,55.8,50.5,52.9,56.3,60.9,65.6,69.4,72.0,69.2,65.5,61.3,57.1,53.2,58.4,60.3,62.1,62.9,62.2,60.3,58.5,57.7,-87.0,-91.2,-93.0,-91.1,-86.9,-82.3,-80.9,-82.7,-85.0,-87.6,-89.2,-89.9,-88.9,-86.8,-83.9,-82.4,-81.8,-81.6,-82.0,-83.1,-85.0,-84.2,-84.9,-86.8,-88.7,-89.5,-88.7,-86.9,-81.3,-85.6,-87.3,-85.5,-81.2,-77.0,-75.2,-76.7,-78.5,-81.3,-83.2,-84.0,-83.3,-81.7,-79.3,-77.4,-76.5,-76.1,-76.4,-77.0,-79.3,-78.5,-79.3,-81.1,-83.0,-83.8,-83.0,-81.2,635.7,636.3,635.9,634.7,633.5,633.0,633.3,634.5,640.6,637.9,635.1,633.2,632.9,633.4,634.2,633.0,632.1,632.6,634.5,637.4,635.3,634.8,634.6,634.9,635.4,636.0,636.1,635.9,592.6,593.7,594.5,594.4,593.6,592.5,591.7,591.9,593.7,592.6,591.7,591.6,593.0,595.5,598.0,595.0,592.3,590.9,590.9,592.1,593.3,593.3,593.6,594.1,594.5,594.5,594.1,593.6,38.7,-52.6,687.6,0.043,0.288,0.048,288.4,287.5,287.9,289.3,291.3,295.0,300.2,307.2,316.7,327.7,338.5,348.7,356.9,362.3,365.3,367.1,368.3,291.2,294.9,301.0,307.6,313.4,326.1,334.1,342.4,350.0,355.2,319.0,317.7,316.4,315.0,309.2,312.7,316.4,321.0,325.3,297.2,301.0,306.1,310.4,305.9,300.8,331.6,336.2,341.7,346.3,342.0,336.6,304.4,308.3,313.0,316.5,320.6,327.2,333.8,327.4,321.1,316.6,312.8,308.2,306.6,313.0,316.6,320.7,331.2,320.8,316.6,313.0,118.4,128.8,139.3,149.6,159.5,168.3,175.6,181.3,183.5,183.3,179.9,174.3,166.4,156.3,144.7,132.6,120.5,106.8,100.9,98.8,99.2,101.7,101.4,98.6,98.5,101.3,107.2,111.6,118.1,124.4,131.0,138.7,140.0,141.0,140.2,139.2,114.9,111.5,111.6,115.1,116.2,116.4,115.1,111.4,111.7,114.9,116.4,116.3,156.8,152.4,150.2,151.3,150.4,153.0,157.1,161.6,163.0,163.2,162.8,161.1,156.7,154.3,154.6,154.4,157.0,157.7,157.9,157.4,-15.7,-17.4,-16.6,-14.1,-10.3,-3.7,5.6,17.5,33.4,52.0,71.1,89.8,104.8,114.7,120.0,123.0,125.4,-10.3,-3.8,6.8,18.0,27.7,48.6,61.8,75.9,88.8,97.9,36.7,34.2,31.6,29.0,20.3,25.8,31.9,39.4,46.6,0.4,6.9,15.7,23.0,15.3,6.5,58.1,65.9,74.9,82.7,75.2,66.3,12.6,18.8,26.4,32.0,38.7,49.7,61.3,50.0,39.5,32.2,26.0,18.6,16.3,26.5,32.1,38.9,56.8,39.1,32.2,26.4,-92.7,-73.6,-54.4,-35.4,-17.2,-1.2,11.6,21.2,24.5,24.2,18.6,9.2,-4.5,-22.4,-42.7,-63.9,-85.3,-110.1,-119.3,-121.4,-118.9,-113.5,-112.9,-117.5,-118.0,-113.5,-103.9,-96.0,-84.2,-72.9,-61.3,-50.4,-47.9,-45.9,-47.3,-48.9,-94.5,-99.6,-98.8,-92.3,-90.7,-91.0,-90.7,-96.6,-96.0,-90.8,-87.9,-88.3,-20.7,-27.6,-30.9,-29.0,-30.4,-26.4,-19.9,-12.3,-9.8,-9.5,-10.2,-13.2,-20.8,-24.2,-23.7,-23.9,-19.9,-18.5,-18.3,-19.2,747.8,746.5,746.2,746.3,742.1,733.2,719.3,701.6,691.0,691.4,699.7,708.7,714.1,717.0,717.3,716.7,718.0,722.6,714.7,705.1,695.1,688.0,681.3,680.8,682.7,683.8,685.9,682.3,674.6,666.8,659.1,678.5,673.6,669.6,669.8,670.7,712.6,706.6,702.2,698.7,701.6,705.8,686.5,684.9,683.5,684.5,682.2,683.6,694.0,679.5,672.3,669.4,667.9,671.2,679.1,671.8,668.7,670.2,673.2,681.1,689.9,674.0,670.8,669.3,677.9,670.1,671.6,674.9,0.590,-0.019,0.258,0.048,320.158,137.723,-15.617,-18.036,-13.513,16.935,-6.534,-3.529,5.321,2.970,2.149,6.455,-4.542,-0.422,1.089,-3.354,-1.869,1.884,-0.366,-2.547,-0.490,0.343,1.762,0.508,-0.285,-0.384,-0.052,-0.792,0.273,0.019,-0.048,-0.010,0.093,-0.013,-0.027,0.054,0.39,0.37,0.87,0.00,0.01,2.43,0.00,0.20,0.00,0.00,0.28,0.01,0.00,0.00,0.44,0.45,0.60,0.00,0.00,1.00,0.00,1.00,1.00,0.00,0.00,0.00,0.00,0.00,0.00,0.00,0.00,0.00,0.00,0.00,1.00
303,0,30.200,0.98,1,-0.141041,0.105450,-0.984372,-0.286084,0.103533,-0.952595,-0.217,0.107,300.5,301.7,304.3,306.9,307.9,306.9,304.1,301.5,297.5,298.8,300.9,303.6,306.6,308.9,310.5,308.6,306.0,303.3,300.8,298.8,303.1,304.3,305.4,305.9,305.5,304.4,303.2,302.7,334.5,335.6,338.5,341.3,342.5,341.4,338.5,335.5,331.7,333.4,335.9,339.0,342.1,344.5,346.1,344.5,342.1,339.4,336.4,333.7,337.2,338.4,339.7,340.2,339.7,338.4,337.2,336.7,112.4,109.8,108.6,109.7,112.3,115.2,116.1,115.1,114.1,112.3,111.0,110.3,110.9,112.3,114.3,115.2,115.4,115.6,115.5,115.1,113.7,114.1,113.6,112.5,111.3,110.9,111.4,112.5,112.2,109.4,108.2,109.5,112.3,115.2,116.3,115.3,114.2,112.2,110.8,110.2,110.9,112.2,114.1,115.1,115.5,115.6,115.4,115.1,113.7,114.2,113.7,112.5,111.2,110.7,111.2,112.4,5.5,7.3,11.4,15.4,16.9,15.4,11.0,7.0,0.8,2.8,6.0,10.3,14.9,18.5,21.0,18.0,13.9,9.7,6.0,2.8,9.6,11.3,13.1,13.9,13.2,11.5,9.7,8.9,54.5,56.3,60.5,64.7,66.3,64.5,60.3,55.9,50.6,53.0,56.4,61.0,65.7,69.5,72.1,69.3,65.6,61.4,57.2,53.3,58.5,60.4,62.2,63.0,62.3,60.4,58.6,57.8,-88.3,-92.5,-94.3,-92.5,-88.2,-83.6,-82.2,-84.0,-86.3,-88.9,-90.5,-91.2,-90.3,-88.2,-85.2,-83.7,-83.1,-82.9,-83.3,-84.3,-86.3,-85.5,-86.2,-88.1,-90.0,-90.8,-90.0,-88.2,-82.6,-86.9,-88.7,-86.9,-82.6,-78.3,-76.5,-78.0,-79.8,-82.6,-84.5,-85.3,-84.6,-83.0,-80.6,-78.7,-77.8,-77.4,-77.7,-78.3,-80.6,-79.8,-80.6,-82.5,-84.3,-85.1,-84.4,-82.5,636.9,637.5,637.1,635.9,634.6,634.2,634.4,635.6,641.8,639.1,636.3,634.4,634.1,634.6,635.4,634.1,633.3,633.8,635.7,638.6,636.5,636.0,635.8,636.0,636.6,637.1,637.3,637.0,593.5,594.7,595.5,595.4,594.6,593.5,592.7,592.9,594.7,593.6,592.7,592.6,594.0,596.5,598.9,596.0,593.3,591.9,591.8,593.1,594.3,594.3,594.6,595.1,595.5,595.5,595.1,594.6,38.7,-53.9,686.6,0.036,0.290,0.051,288.6,287.6,287.9,289.3,291.3,294.9,300.1,307.1,316.7,327.7,338.5,348.8,357.0,362.4,365.4,367.2,368.4,291.4,295.0,301.1,307.7,313.5,326.3,334.2,342.5,350.2,355.3,319.1,317.8,316.4,315.0,309.3,312.7,316.5,321.1,325.4,297.4,301.2,306.2,310.5,306.0,300.9,331.6,336.2,341.7,346.3,342.0,336.6,304.4,308.3,313.1,316.5,320.6,327.2,333.8,327.3,321.0,316.6,312.7,308.2,306.6,313.0,316.6,320.7,331.2,320.7,316.5,312.9,117.6,128.0,138.6,149.0,158.9,167.7,174.9,180.6,182.7,182.5,179.2,173.8,165.9,155.8,144.1,132.0,119.8,106.0,100.0,97.8,98.2,100.6,100.3,97.5,97.4,100.3,106.3,110.7,117.2,123.5,130.1,137.9,139.2,140.2,139.3,138.4,114.2,110.8,110.9,114.3,115.5,115.7,114.3,110.6,110.9,114.1,115.6,115.5,156.1,151.7,149.4,150.5,149.6,152.2,156.3,160.7,162.1,162.2,161.8,160.2,155.9,153.6,153.8,153.7,156.2,156.8,156.9,156.4,-15.4,-17.2,-16.5,-14.1,-10.4,-3.7,5.4,17.3,33.2,51.8,71.0,89.7,104.7,114.7,120.1,123.0,125.4,-9.9,-3.5,7.1,18.2,27.9,48.8,62.0,76.1,89.0,97.9,36.9,34.3,31.7,29.1,20.4,25.9,31.9,39.4,46.6,0.7,7.2,15.9,23.1,15.5,6.7,58.1,65.8,74.8,82.6,75.1,66.2,12.6,18.8,26.4,32.0,38.6,49.5,61.2,49.8,39.3,32.1,25.9,18.6,16.3,26.4,32.1,38.8,56.7,38.9,32.1,26.3,-94.0,-74.9,-55.5,-36.5,-18.3,-2.3,10.4,19.9,23.1,22.9,17.5,8.2,-5.4,-23.2,-43.6,-64.9,-86.4,-111.4,-120.8,-123.0,-120.5,-115.2,-114.6,-119.2,-119.7,-115.0,-105.3,-97.4,-85.6,-74.3,-62.8,-51.7,-49.2,-47.3,-48.7,-50.2,-95.7,-100.7,-99.9,-93.5,-91.9,-92.2,-91.9,-97.9,-97.2,-92.0,-89.2,-89.5,-22.0,-28.8,-32.2,-30.3,-31.6,-27.6,-21.1,-13.7,-11.3,-11.1,-11.8,-14.7,-22.0,-25.5,-24.9,-25.1,-21.2,-20.0,-19.8,-20.7,747.1,745.7,745.3,745.3,740.9,731.7,717.6,699.8,689.3,689.6,698.0,707.1,712.6,715.6,716.1,715.5,716.9,721.9,714.3,704.8,694.8,687.6,680.6,680.2,682.0,683.2,685.2,681.8,674.1,666.2,658.5,677.6,672.8,668.8,669.0,669.9,711.8,705.9,701.4,698.0,700.8,705.0,685.7,684.1,682.7,683.6,681.3,682.8,692.7,678.3,671.1,668.2,666.7,670.0,677.9,670.3,667.2,668.7,671.7,679.7,688.6,672.8,669.6,668.1,676.6,668.8,670.3,673.6,0.590,-0.028,0.260,0.051,320.205,136.919,-15.914,-18.123,-14.347,16.821,-6.764,-3.120,5.421,2.991,1.439,6.618,-5.400,-0.582,0.960,-3.584,-1.689,2.316,-0.470,-2.689,-0.646,0.265,1.683,0.370,-0.172,-0.234,-0.007,-0.853,0.288,0.008,-0.053,-0.001,0.102,-0.015,-0.022,0.055,0.44,0.19,0.85,0.00,0.01,2.27,0.00,0.21,0.00,0.00,0.36,0.00,0.00,0.00,0.40,0.28,0.75,0.00,0.00,1.00,0.00,1.00,1.00,0.00,0.00,0.00,0.00,0.00,0.00,0.00,0.00,0.00,0.00,0.00,1.00
304,0,30.300,0.98,1,-0.143688,0.120072,-0.982312,-0.290635,0.117068,-0.949645,-0.221,0.122,300.7,301.9,304.5,307.0,308.0,307.1,304.3,301.7,297.7,299.0,301.1,303.8,306.8,309.0,310.6,308.7,306.1,303.5,301.0,299.0,303.3,304.4,305.6,306.1,305.7,304.5,303.4,302.9,334.4,335.6,338.4,341.3,342.4,341.2,338.4,335.3,331.6,333.4,335.8,339.0,342.0,344.4,346.0,344.3,342.0,339.2,336.3,333.6,337.1,338.3,339.6,340.1,339.6,338.4,337.1,336.6,113.1,110.5,109.3,110.4,113.0,115.9,116.8,115.7,114.7,112.9,111.7,111.1,111.7,113.0,115.0,115.8,116.1,116.3,116.2,115.7,114.3,114.8,114.3,113.2,112.0,111.6,112.0,113.2,113.2,110.4,109.3,110.5,113.4,116.2,117.3,116.3,115.1,113.2,111.8,111.3,112.0,113.3,115.1,116.1,116.6,116.6,116.4,116.1,114.6,115.2,114.7,113.5,112.2,111.7,112.1,113.4,5.9,7.7,11.8,15.8,17.3,15.9,11.4,7.4,1.1,3.2,6.4,10.8,15.3,18.9,21.5,18.4,14.3,10.1,6.4,3.2,10.0,11.7,13.5,14.3,13.6,11.9,10.1,9.3,54.7,56.5,60.7,64.9,66.5,64.6,60.4,56.0,50.7,53.2,56.6,61.2,65.9,69.7,72.3,69.5,65.7,61.5,57.3,53.5,58.7,60.5,62.4,63.2,62.5,60.7,58.8,58.0,-88.2,-92.5,-94.2,-92.3,-88.0,-83.5,-82.1,-83.9,-86.3,-88.8,-90.3,-91.0,-90.1,-88.0,-85.1,-83.6,-83.0,-82.8,-83.2,-84.3,-86.2,-85.4,-86.1,-88.0,-89.9,-90.7,-89.9,-88.1,-81.6,-85.9,-87.6,-85.7,-81.4,-77.1,-75.4,-77.0,-78.9,-81.6,-83.4,-84.2,-83.4,-81.8,-79.4,-77.6,-76.6,-76.3,-76.7,-77.3,-79.6,-78.7,-79.5,-81.4,-83.3,-84.1,-83.3,-81.5,643.9,644.5,644.0,642.9,641.7,641.3,641.6,642.7,648.8,646.1,643.3,641.4,641.0,641.6,642.5,641.3,640.4,640.9,642.7,645.7,643.5,643.0,642.8,643.1,643.6,644.1,644.3,644.1,596.5,597.5,598.2,598.2,597.4,596.4,595.7,595.9,597.7,596.6,595.6,595.4,596.8,599.3,601.8,598.9,596.3,594.8,594.9,596.2,597.2,597.2,597.5,598.0,598.3,598.3,598.0,597.6,38.8,-53.4,689.4,0.046,0.296,0.054,288.8,287.7,288.0,289.3,291.3,295.0,300.1,307.1,316.7,327.6,338.4,348.6,356.7,362.1,365.2,367.0,368.4,291.8,295.3,301.3,307.8,313.6,326.4,334.3,342.6,350.1,355.2,319.1,317.8,316.4,315.0,309.3,312.7,316.4,321.0,325.3,297.6,301.4,306.4,310.7,306.2,301.1,331.5,336.2,341.6,346.2,341.8,336.4,304.4,308.2,312.9,316.3,320.3,326.9,333.6,327.0,320.7,316.3,312.5,308.0,306.6,312.9,316.3,320.4,330.9,320.4,316.3,312.8,117.6,127.9,138.4,148.8,158.7,167.7,175.1,181.0,183.3,183.0,179.6,173.9,165.9,155.7,144.1,132.1,120.1,106.1,100.1,97.8,98.2,100.8,100.5,97.8,97.8,100.9,106.9,111.4,117.6,123.8,130.2,138.1,139.4,140.4,139.6,138.8,114.7,111.5,111.6,115.0,116.2,116.3,115.2,111.7,112.0,115.1,116.6,116.5,156.3,151.8,149.6,150.7,149.8,152.5,156.8,161.5,163.0,163.1,162.6,160.8,156.2,153.8,154.1,153.9,156.7,157.7,157.8,157.2,-15.0,-17.0,-16.5,-14.1,-10.4,-3.7,5.5,17.4,33.5,52.1,71.2,89.8,104.6,114.4,119.8,122.9,125.6,-9.3,-2.9,7.4,18.5,28.1,49.1,62.4,76.4,89.2,97.9,37.1,34.5,31.8,29.2,20.4,26.1,32.0,39.5,46.6,1.1,7.6,16.2,23.4,15.8,7.1,58.1,65.8,74.9,82.6,75.1,66.2,12.6,18.7,26.3,31.7,38.2,49.3,61.0,49.5,38.9,31.8,25.7,18.4,16.3,26.3,31.8,38.4,56.5,38.5,31.9,26.1,-94.4,-75.3,-56.0,-37.0,-18.7,-2.4,10.7,20.7,24.3,23.8,18.1,8.5,-5.4,-23.3,-43.7,-64.8,-86.0,-111.5,-121.0,-123.3,-120.8,-115.3,-114.5,-119.0,-119.2,-114.3,-104.5,-96.5,-85.1,-74.1,-62.9,-51.5,-49.0,-47.1,-48.4,-49.8,-94.9,-99.8,-98.9,-92.6,-91.0,-91.3,-90.7,-96.4,-95.6,-90.5,-87.7,-88.1,-21.6,-28.7,-32.1,-30.1,-31.4,-27.2,-20.3,-12.4,-9.9,-9.7,-10.5,-13.7,-21.6,-25.2,-24.6,-24.7,-20.4,-18.6,-18.5,-19.5,749.7,748.3,747.9,747.9,743.5,734.7,721.1,703.9,693.6,693.6,701.3,709.6,714.3,716.7,717.1,716.7,718.2,723.8,716.4,706.7,696.7,689.7,682.1,681.8,683.6,684.7,686.6,683.8,676.3,668.8,661.2,680.1,675.6,671.7,671.8,672.6,713.9,707.9,703.4,699.9,702.9,707.1,687.4,685.8,684.3,685.3,683.1,684.5,695.7,681.0,673.6,670.7,669.2,672.5,680.7,673.2,670.1,671.7,674.6,682.7,691.7,675.3,672.2,670.6,679.4,671.6,673.1,676.3,0.588,-0.018,0.268,0.054,320.153,137.315,-17.641,-17.163,-13.746,16.897,-6.674,-6.909,5.230,2.192,-0.006,6.239,-7.054,-0.838,0.231,-4.509,-2.257,1.749,-0.548,-2.829,-0.938,0.191,1.591,0.259,0.014,-0.587,-0.119,-0.763,0.298,0.037,-0.059,-0.018,0.082,-0.019,-0.041,0.054,0.47,0.14,0.77,0.00,0.00,2.10,0.00,0.12,0.00,0.00,0.42,0.05,0.00,0.02,0.30,0.17,0.80,0.00,0.00,1.00,0.00,1.00,1.00,0.00,0.00,0.00,0.00,0.00,0.00,0.00,0.00,0.00,0.00,0.00,1.00
305,0,30.400,0.98,1,-0.139614,0.109740,-0.984106,-0.283411,0.106937,-0.953018,-0.215,0.111,300.9,302.0,304.6,307.1,308.1,307.2,304.4,301.9,297.9,299.2,301.2,303.9,306.8,309.1,310.7,308.8,306.2,303.6,301.2,299.2,303.5,304.6,305.7,306.2,305.7,304.6,303.5,303.0,334.3,335.5,338.3,341.0,342.2,341.0,338.2,335.2,331.6,333.3,335.7,338.8,341.8,344.1,345.7,344.0,341.7,339.0,336.2,333.5,336.9,338.1,339.4,339.9,339.4,338.2,337.0,336.4,113.6,110.9,109.8,110.8,113.4,116.3,117.2,116.1,115.1,113.4,112.2,111.6,112.1,113.4,115.3,116.2,116.5,116.7,116.6,116.1,114.8,115.2,114.7,113.6,112.4,112.0,112.5,113.6,113.5,110.7,109.6,110.9,113.7,116.5,117.6,116.6,115.4,113.5,112.2,111.7,112.4,113.6,115.4,116.4,116.8,116.9,116.7,116.3,114.9,115.5,115.0,113.8,112.5,112.0,112.5,113.7,6.2,8.0,12.1,16.1,17.7,16.2,11.8,7.8,1.5,3.5,6.7,11.0,15.6,19.2,21.8,18.8,14.7,10.5,6.7,3.6,10.3,12.1,13.9,14.6,14.0,12.2,10.4,9.6,55.4,57.3,61.5,65.7,67.2,65.4,61.1,56.7,51.5,53.9,57.4,62.0,66.6,70.4,73.1,70.2,66.5,62.3,58.1,54.2,59.4,61.2,63.1,63.9,63.2,61.4,59.6,58.7,-88.6,-92.9,-94.6,-92.8,-88.5,-83.9,-82.5,-84.3,-86.7,-89.2,-90.7,-91.4,-90.5,-88.5,-85.7,-84.1,-83.5,-83.2,-83.6,-84.7,-86.6,-85.8,-86.6,-88.5,-90.3,-91.1,-90.4,-88.5,-82.5,-86.8,-88.5,-86.6,-82.3,-78.0,-76.3,-77.9,-79.9,-82.5,-84.3,-85.0,-84.2,-82.7,-80.4,-78.5,-77.5,-77.2,-77.6,-78.3,-80.5,-79.7,-80.4,-82.3,-84.2,-85.0,-84.2,-82.4,652.2,652.7,652.2,651.1,649.9,649.5,649.8,651.0,657.1,654.3,651.5,649.6,649.2,649.8,650.7,649.5,648.7,649.2,651.0,654.0,651.8,651.3,651.1,651.3,651.8,652.3,652.5,652.3,606.6,607.6,608.3,608.3,607.6,606.6,605.9,606.1,607.9,606.6,605.7,605.5,607.0,609.4,612.0,609.1,606.5,605.1,605.1,606.3,607.4,607.4,607.7,608.1,608.4,608.4,608.1,607.7,39.1,-54.7,698.5,0.019,0.284,0.061,288.8,287.7,287.9,289.0,290.8,294.4,299.5,306.5,316.1,327.2,338.2,348.5,356.6,362.0,364.9,366.7,368.2,291.8,295.4,301.4,308.0,313.8,326.2,334.1,342.4,349.9,355.1,319.1,317.8,316.5,315.1,309.5,312.8,316.4,320.8,324.9,297.8,301.5,306.5,310.7,306.3,301.2,331.4,336.1,341.4,345.9,341.6,336.3,304.6,308.7,313.1,316.3,320.2,326.1,332.5,326.0,320.3,316.1,312.6,308.4,306.8,312.9,316.3,320.2,329.8,320.1,316.1,312.8,118.2,128.3,138.6,148.8,158.4,167.0,173.8,179.3,181.5,181.5,178.5,173.4,165.9,155.9,144.5,132.5,120.5,107.0,100.9,98.7,99.2,101.5,101.1,98.5,98.5,101.3,107.3,111.7,118.0,124.2,130.6,138.2,139.6,140.5,139.8,139.0,115.2,112.0,112.1,115.3,116.6,116.7,115.4,112.0,112.4,115.4,116.9,116.8,155.4,151.7,149.8,150.8,150.0,152.3,155.9,158.9,159.7,159.8,159.4,158.3,155.3,153.7,154.0,153.8,155.7,154.8,154.9,154.5,-15.3,-17.3,-16.9,-14.8,-11.4,-4.8,4.5,16.5,32.9,51.9,71.8,90.9,106.2,116.2,121.7,124.8,127.6,-9.4,-2.9,7.8,19.0,28.8,49.7,63.0,77.2,90.3,99.5,37.7,35.1,32.4,29.7,21.1,26.6,32.4,39.8,46.7,1.5,8.0,16.7,23.9,16.2,7.4,59.0,66.8,75.7,83.5,75.9,67.0,13.1,19.7,26.9,32.2,38.6,48.6,59.9,48.4,38.7,31.8,26.0,19.3,16.7,26.7,32.2,38.7,55.3,38.5,32.0,26.5,-94.8,-75.8,-56.6,-37.6,-19.5,-3.6,8.6,18.0,21.4,21.5,16.6,7.8,-5.6,-23.4,-44.0,-65.4,-86.9,-111.9,-121.5,-123.8,-121.2,-115.8,-115.3,-119.7,-120.1,-115.5,-105.7,-97.6,-85.9,-74.6,-63.2,-52.0,-49.5,-47.6,-48.8,-50.3,-95.7,-100.4,-99.7,-93.6,-91.8,-92.0,-91.8,-97.4,-96.6,-91.6,-88.7,-89.1,-23.3,-29.3,-32.2,-30.3,-31.7,-27.9,-22.1,-16.9,-15.5,-15.4,-16.1,-18.1,-23.5,-25.7,-25.1,-25.4,-22.4,-23.6,-23.5,-24.4,762.0,760.2,759.4,758.8,754.0,744.3,729.3,711.2,701.3,702.2,711.4,720.7,726.8,730.2,731.2,730.5,731.8,736.4,728.5,718.6,708.4,700.7,693.0,692.8,695.0,696.4,698.8,695.2,687.4,679.4,671.5,690.2,685.7,681.8,682.0,683.0,725.1,719.1,714.6,711.3,713.9,718.0,699.1,697.4,696.1,697.2,694.8,696.1,702.9,689.5,683.5,680.8,679.4,682.2,689.4,681.2,678.1,679.5,682.3,689.6,698.6,684.7,681.9,680.5,687.6,680.1,681.4,684.4,0.580,-0.044,0.254,0.060,320.005,137.022,-5.855,-18.860,-21.656,13.575,-7.366,-0.924,4.368,0.716,-0.848,5.376,-7.339,-1.725,-0.060,-3.811,-0.507,0.648,-1.870,-2.578,-1.933,0.163,1.671,0.302,-0.136,-0.203,0.035,-0.655,0.177,-0.073,-0.098,-0.010,0.041,-0.003,-0.029,0.049,0.45,0.16,0.63,0.00,0.00,2.09,0.00,0.05,0.00,0.00,0.40,0.05,0.04,0.07,0.17,0.22,0.84,0.00,0.00,1.00,0.00,1.00,1.00,0.00,0.00,0.00,0.00,0.00,0.00,0.00,0.00,0.00,0.00,0.00,1.00
306,0,30.500,0.98,1,-0.141384,0.117854,-0.982915,-0.281601,0.115296,-0.952579,-0.215,0.120,300.5,301.6,304.2,306.7,307.7,306.8,304.0,301.5,297.5,298.7,300.8,303.5,306.4,308.7,310.3,308.4,305.8,303.2,300.8,298.8,303.1,304.2,305.3,305.8,305.3,304.2,303.1,302.6,334.2,335.4,338.2,341.0,342.2,341.0,338.2,335.2,331.5,333.2,335.6,338.8,341.8,344.2,345.7,344.1,341.8,339.0,336.2,333.5,336.9,338.1,339.4,339.9,339.4,338.2,336.9,336.4,113.3,110.6,109.5,110.5,113.1,116.0,116.9,115.9,114.9,113.1,111.9,111.3,111.8,113.1,115.0,115.9,116.3,116.5,116.4,115.9,114.5,115.0,114.5,113.3,112.1,111.7,112.2,113.4,113.1,110.3,109.2,110.5,113.3,116.2,117.3,116.2,115.0,113.1,111.8,111.3,111.9,113.2,115.0,116.1,116.5,116.6,116.4,116.0,114.6,115.1,114.6,113.4,112.1,111.6,112.1,113.3,5.5,7.2,11.3,15.3,16.9,15.5,11.1,7.1,0.8,2.8,6.0,10.2,14.8,18.4,21.0,18.0,13.9,9.7,6.0,2.9,9.6,11.3,13.1,13.9,13.2,11.4,9.6,8.9,54.8,56.6,60.9,65.0,66.6,64.8,60.5,56.1,50.9,53.3,56.8,61.4,66.0,69.8,72.4,69.6,65.9,61.7,57.5,53.6,58.8,60.6,62.5,63.3,62.6,60.8,58.9,58.1,-88.1,-92.3,-94.1,-92.3,-88.0,-83.5,-82.0,-83.8,-86.2,-88.7,-90.2,-90.9,-90.1,-88.0,-85.2,-83.6,-82.9,-82.6,-83.1,-84.2,-86.1,-85.3,-86.1,-88.0,-89.8,-90.6,-89.9,-88.0,-82.2,-86.5,-88.2,-86.4,-82.1,-77.8,-76.1,-77.6,-79.6,-82.3,-84.1,-84.8,-84.1,-82.5,-80.2,-78.3,-77.3,-76.9,-77.3,-78.0,-80.2,-79.4,-80.2,-82.0,-83.9,-84.7,-84.0,-82.1,645.2,645.7,645.2,644.0,642.9,642.6,642.9,644.1,650.2,647.4,644.6,642.6,642.2,642.8,643.7,642.6,641.8,642.2,644.1,647.1,644.8,644.3,644.1,644.3,644.8,645.3,645.5,645.3,600.6,601.6,602.3,602.4,601.7,600.7,600.0,600.1,601.8,600.6,599.7,599.6,601.1,603.6,606.2,603.2,600.6,599.1,599.1,600.3,601.4,601.4,601.8,602.2,602.5,602.5,602.1,601.7,38.5,-53.7,690.6,0.034,0.285,0.054,288.4,287.4,287.7,288.9,290.7,294.3,299.4,306.5,316.3,327.5,338.6,348.9,357.0,362.3,365.1,366.8,368.1,291.4,294.9,301.0,307.6,313.5,326.0,334.0,342.3,349.8,355.0,318.9,317.6,316.2,314.8,309.3,312.6,316.2,320.6,324.8,297.4,301.1,306.1,310.3,305.9,300.8,331.4,336.0,341.4,345.9,341.6,336.3,304.6,308.6,313.0,316.2,320.0,326.0,332.4,326.0,320.2,316.1,312.6,308.4,306.8,312.9,316.2,320.1,329.7,320.0,316.1,312.8,117.8,128.0,138.4,148.7,158.6,167.4,174.5,180.2,182.4,182.4,179.2,173.7,165.9,155.7,144.1,132.0,119.9,106.8,100.7,98.4,98.9,101.3,100.8,98.1,98.0,100.9,106.9,111.5,117.9,124.2,130.8,138.5,139.9,140.9,140.1,139.2,114.9,111.7,111.7,115.0,116.3,116.5,115.1,111.6,111.9,115.0,116.6,116.5,156.3,152.4,150.5,151.5,150.7,153.0,156.6,159.8,160.6,160.7,160.3,159.2,156.1,154.4,154.7,154.6,156.4,155.7,155.8,155.3,-15.8,-17.7,-17.1,-14.9,-11.4,-4.9,4.3,16.4,32.8,52.0,71.7,90.7,105.8,115.5,120.7,123.5,126.0,-9.9,-3.7,7.0,18.2,28.0,48.7,62.0,76.2,89.0,98.1,36.8,34.2,31.6,28.9,20.5,26.0,31.8,39.1,46.0,0.7,7.1,15.8,23.0,15.4,6.7,58.1,65.9,74.8,82.5,75.1,66.2,13.0,19.4,26.5,31.7,37.9,47.9,59.1,47.8,38.2,31.5,25.8,19.1,16.6,26.4,31.7,38.0,54.5,37.9,31.6,26.2,-94.5,-75.5,-56.3,-37.3,-19.1,-2.9,9.7,19.4,22.9,22.8,17.5,8.2,-5.5,-23.6,-44.1,-65.4,-87.0,-110.9,-120.5,-122.8,-120.2,-114.8,-114.4,-118.9,-119.4,-114.7,-105.0,-96.8,-85.1,-73.7,-62.1,-50.9,-48.3,-46.5,-47.8,-49.3,-95.0,-99.8,-99.1,-93.0,-91.0,-91.2,-91.3,-96.9,-96.2,-91.1,-88.2,-88.5,-21.7,-27.7,-30.7,-28.8,-30.1,-26.4,-20.7,-15.2,-13.8,-13.7,-14.3,-16.4,-21.9,-24.2,-23.6,-23.8,-20.9,-22.0,-21.9,-22.7,752.8,751.5,751.1,750.9,746.3,736.9,722.3,704.4,694.3,695.1,704.0,713.2,719.1,722.2,722.9,721.7,722.6,727.3,719.5,709.7,699.5,692.1,684.7,684.2,686.3,687.6,690.0,686.7,678.8,670.8,663.0,682.0,677.5,673.7,673.9,674.8,716.6,710.6,706.1,702.7,705.5,709.7,690.6,688.9,687.5,688.7,686.3,687.7,694.9,681.5,675.5,673.0,671.6,674.4,681.6,673.6,670.8,672.1,674.8,681.9,690.5,676.9,674.1,672.8,679.8,672.5,673.8,676.7,0.586,-0.029,0.255,0.054,319.912,137.204,-7.606,-18.438,-22.458,16.152,-8.166,-1.375,4.532,0.637,0.404,5.622,-6.978,-1.339,0.069,-4.511,-0.800,0.803,-1.940,-2.189,-1.522,0.459,1.687,0.597,0.079,-0.046,0.107,-0.827,0.118,-0.075,-0.121,-0.038,0.027,-0.026,-0.020,0.063,0.44,0.24,0.56,0.00,0.00,2.15,0.00,0.00,0.00,0.00,0.44,0.05,0.08,0.12,0.00,0.12,0.69,0.00,0.00,1.00,0.00,1.00,0.00,0.00,0.00,0.00,0.00,0.00,0.00,0.00,0.00,0.00,0.00,0.00,1.00
307,0,30.600,0.98,1,-0.141596,0.120267,-0.982592,-0.281388,0.117835,-0.952332,-0.215,0.122,300.5,301.6,304.2,306.7,307.7,306.8,304.0,301.5,297.5,298.7,300.8,303.5,306.4,308.7,310.3,308.4,305.8,303.2,300.8,298.8,303.1,304.2,305.3,305.8,305.3,304.2,303.1,302.6,334.2,335.4,338.2,341.0,342.2,341.0,338.2,335.2,331.5,333.2,335.6,338.8,341.8,344.2,345.7,344.1,341.7,339.0,336.2,333.4,336.9,338.1,339.4,339.9,339.4,338.2,336.9,336.4,113.3,110.6,109.4,110.5,113.1,116.0,116.9,115.9,114.8,113.1,111.8,111.2,111.7,113.1,115.0,115.9,116.2,116.5,116.3,115.9,114.5,114.9,114.4,113.2,112.1,111.7,112.2,113.3,113.1,110.3,109.2,110.4,113.3,116.1,117.2,116.2,115.0,113.1,111.8,111.3,111.9,113.2,115.0,116.0,116.5,116.6,116.4,116.0,114.6,115.1,114.6,113.4,112.1,111.6,112.1,113.3,5.5,7.2,11.3,15.3,16.9,15.5,11.1,7.1,0.8,2.8,5.9,10.2,14.8,18.4,21.0,18.0,13.9,9.7,6.0,2.8,9.6,11.3,13.1,13.9,13.2,11.4,9.6,8.9,54.8,56.6,60.8,65.0,66.6,64.8,60.5,56.1,50.9,53.3,56.8,61.4,66.0,69.8,72.4,69.6,65.9,61.7,57.5,53.6,58.8,60.6,62.5,63.3,62.6,60.8,58.9,58.1,-88.1,-92.4,-94.1,-92.3,-88.0,-83.5,-82.0,-83.8,-86.2,-88.7,-90.2,-90.9,-90.0,-88.0,-85.2,-83.6,-82.9,-82.6,-83.1,-84.2,-86.1,-85.3,-86.1,-88.0,-89.8,-90.6,-89.9,-88.0,-82.3,-86.5,-88.3,-86.4,-82.1,-77.8,-76.1,-77.6,-79.6,-82.3,-84.1,-84.8,-84.1,-82.6,-80.2,-78.3,-77.3,-76.9,-77.3,-78.0,-80.2,-79.4,-80.2,-82.1,-84.0,-84.8,-84.0,-82.1,644.8,645.2,644.7,643.6,642.5,642.2,642.5,643.7,649.8,647.0,644.1,642.2,641.8,642.4,643.3,642.1,641.3,641.8,643.7,646.7,644.4,643.9,643.7,643.9,644.4,644.9,645.1,644.9,600.5,601.5,602.2,602.3,601.6,600.7,600.0,600.1,601.8,600.6,599.6,599.5,601.0,603.5,606.1,603.2,600.6,599.1,599.0,600.3,601.4,601.4,601.7,602.1,602.4,602.4,602.1,601.7,38.5,-53.8,690.8,0.037,0.285,0.054,288.4,287.4,287.7,288.9,290.7,294.3,299.4,306.5,316.3,327.5,338.5,348.9,357.0,362.2,365.1,366.8,368.1,291.4,295.0,301.1,307.6,313.5,326.1,334.0,342.3,349.8,354.9,318.9,317.6,316.2,314.8,309.3,312.6,316.2,320.7,324.8,297.4,301.1,306.1,310.3,305.9,300.8,331.4,336.0,341.4,345.9,341.6,336.3,304.6,308.6,313.0,316.2,320.0,326.0,332.4,326.0,320.3,316.1,312.6,308.4,306.8,312.9,316.2,320.1,329.7,320.0,316.1,312.8,117.7,127.9,138.3,148.6,158.5,167.3,174.4,180.2,182.5,182.4,179.2,173.7,165.8,155.6,144.0,131.9,119.8,106.6,100.5,98.3,98.8,101.3,100.8,98.0,98.0,100.8,106.8,111.4,117.9,124.2,130.8,138.5,139.9,140.9,140.1,139.2,114.9,111.6,111.7,115.0,116.3,116.5,115.0,111.6,111.9,115.0,116.6,116.4,156.2,152.4,150.5,151.6,150.7,153.0,156.6,159.8,160.6,160.7,160.3,159.2,156.1,154.5,154.7,154.6,156.4,155.7,155.8,155.3,-15.8,-17.7,-17.2,-14.9,-11.4,-4.9,4.3,16.4,32.8,52.0,71.7,90.7,105.7,115.4,120.7,123.4,125.8,-9.9,-3.6,7.1,18.3,28.0,48.7,62.0,76.1,88.9,98.0,36.8,34.2,31.6,28.9,20.5,26.0,31.8,39.1,46.0,0.7,7.1,15.8,23.0,15.4,6.7,58.1,65.8,74.8,82.5,75.1,66.2,13.0,19.4,26.5,31.7,37.9,48.0,59.2,47.9,38.2,31.5,25.9,19.1,16.6,26.4,31.7,38.0,54.6,37.9,31.6,26.2,-94.6,-75.7,-56.6,-37.5,-19.3,-3.1,9.6,19.4,22.9,22.8,17.5,8.2,-5.6,-23.7,-44.2,-65.6,-87.1,-111.3,-120.7,-122.9,-120.3,-114.9,-114.4,-119.0,-119.5,-114.8,-105.2,-96.9,-85.1,-73.7,-62.0,-50.9,-48.3,-46.4,-47.7,-49.3,-95.1,-99.9,-99.1,-93.0,-91.1,-91.3,-91.3,-96.9,-96.2,-91.2,-88.2,-88.6,-21.7,-27.7,-30.7,-28.8,-30.1,-26.4,-20.7,-15.2,-13.8,-13.6,-14.3,-16.4,-21.9,-24.1,-23.6,-23.8,-20.9,-22.0,-21.9,-22.7,752.6,751.4,751.1,750.9,746.5,737.1,722.7,704.8,694.7,695.5,704.3,713.6,719.4,722.4,723.0,721.7,722.5,727.2,719.3,709.6,699.5,692.2,684.7,684.1,686.2,687.6,690.0,686.7,678.9,671.0,663.2,682.2,677.7,673.9,674.1,675.1,716.7,710.6,706.1,702.8,705.6,709.8,690.6,688.9,687.5,688.7,686.4,687.7,695.1,681.7,675.7,673.2,671.8,674.7,681.9,673.9,671.1,672.4,675.1,682.1,690.8,677.1,674.3,673.0,680.1,672.8,674.0,676.9,0.586,-0.026,0.255,0.054,319.907,137.175,-8.125,-18.624,-22.596,16.229,-8.348,-1.346,4.430,0.770,0.124,5.552,-6.883,-1.332,-0.129,-4.606,-0.762,0.768,-1.981,-2.230,-1.484,0.426,1.672,0.648,0.065,-0.072,0.110,-0.832,0.124,-0.084,-0.124,-0.041,0.029,-0.025,-0.018,0.060,0.54,0.19,0.68,0.00,0.16,2.19,0.00,0.09,0.00,0.00,0.32,0.08,0.12,0.10,0.25,0.26,0.41,0.00,0.00,1.00,0.00,1.00,0.00,0.00,0.00,0.00,0.00,0.00,0.00,1.00,0.00,0.00,0.00,0.00,1.00
308,0,30.700,0.98,1,-0.151609,0.143631,-0.977949,-0.293572,0.145269,-0.944834,-0.228,0.149,299.4,300.6,303.3,305.9,306.8,305.8,302.9,300.4,296.4,297.7,299.8,302.6,305.6,307.9,309.5,307.5,304.9,302.1,299.7,297.7,302.0,303.2,304.3,304.8,304.4,303.3,302.1,301.6,333.8,334.9,337.8,340.7,341.9,340.8,338.0,334.8,331.1,332.8,335.2,338.4,341.5,343.9,345.6,343.9,341.6,338.8,335.9,333.1,336.6,337.8,339.1,339.6,339.0,337.8,336.5,336.0,114.7,112.0,110.9,112.0,114.7,117.6,118.5,117.4,116.3,114.5,113.2,112.6,113.2,114.7,116.8,117.7,117.9,118.1,117.9,117.4,116.0,116.5,116.0,114.8,113.6,113.2,113.7,114.8,114.8,111.9,110.8,112.0,114.8,117.7,118.9,118.0,116.9,114.8,113.3,112.7,113.3,114.6,116.6,117.6,118.1,118.3,118.1,117.8,116.2,116.8,116.2,115.0,113.7,113.2,113.7,115.0,3.7,5.5,9.6,13.6,15.0,13.5,9.1,5.2,-0.9,1.1,4.3,8.5,13.1,16.7,19.2,16.1,12.0,7.9,4.1,1.1,7.7,9.4,11.2,12.0,11.4,9.7,7.9,7.1,53.0,54.7,58.9,63.0,64.8,63.0,58.9,54.4,49.1,51.5,54.9,59.5,64.1,67.9,70.5,67.8,64.1,60.0,55.8,51.9,57.0,58.9,60.7,61.4,60.7,58.9,57.0,56.3,-83.4,-87.6,-89.3,-87.4,-83.1,-78.5,-77.2,-79.1,-81.5,-84.1,-85.6,-86.3,-85.2,-83.0,-80.0,-78.5,-78.0,-77.8,-78.3,-79.5,-81.3,-80.5,-81.2,-83.1,-85.0,-85.8,-85.0,-83.2,-78.0,-82.3,-84.1,-82.4,-78.1,-73.8,-72.0,-73.4,-75.1,-78.0,-80.0,-80.9,-80.2,-78.7,-76.2,-74.2,-73.2,-72.8,-73.0,-73.6,-76.0,-75.3,-76.1,-78.0,-79.8,-80.6,-79.8,-77.9,626.8,627.3,626.7,625.4,624.2,623.9,624.4,625.6,631.8,629.0,626.1,624.1,623.7,624.2,625.0,623.9,623.2,623.7,625.7,628.6,626.3,625.8,625.5,625.7,626.3,626.8,627.1,626.9,587.2,588.3,589.1,589.1,588.4,587.3,586.5,586.6,588.3,587.2,586.4,586.3,587.8,590.3,592.8,589.8,587.2,585.6,585.6,586.8,588.0,588.0,588.3,588.8,589.2,589.2,588.8,588.3,37.2,-48.0,679.6,0.110,0.309,0.030,287.7,286.9,287.3,288.8,290.8,294.3,299.4,306.6,316.4,327.9,339.0,349.4,357.5,362.6,365.3,366.7,367.6,290.3,294.0,299.8,306.3,312.0,325.6,333.4,341.6,349.1,354.2,318.1,316.8,315.6,314.2,308.6,312.1,315.9,320.5,324.8,296.3,300.0,305.2,309.5,305.0,299.8,330.9,335.5,341.1,345.7,341.4,336.0,303.5,307.3,312.2,315.9,320.2,327.3,334.2,327.6,320.8,316.1,312.0,307.2,305.8,312.3,316.0,320.3,331.6,320.5,316.0,312.2,119.7,130.0,140.3,150.6,160.6,169.9,177.9,184.6,187.2,186.7,182.6,176.1,167.5,156.9,145.2,133.0,120.8,107.2,101.7,100.0,100.7,103.3,103.1,100.0,99.6,102.2,107.7,113.7,120.7,127.5,134.6,141.7,143.2,144.4,143.4,142.4,116.4,112.9,113.2,116.9,118.0,118.0,117.0,113.1,113.3,116.5,118.2,118.2,159.5,155.4,153.5,154.6,153.8,156.1,160.0,165.7,167.7,167.9,167.3,164.9,159.6,157.6,158.0,157.8,160.1,162.3,162.4,161.8,-16.7,-18.2,-17.4,-14.7,-11.2,-4.9,4.2,16.3,32.6,51.8,71.2,89.9,104.4,113.4,117.7,119.8,121.3,-11.6,-5.2,4.8,15.5,24.9,46.9,59.5,73.0,85.3,94.0,34.6,32.2,29.9,27.4,19.1,24.6,30.6,38.0,45.0,-1.2,5.1,13.8,21.1,13.5,4.8,56.1,63.4,72.4,80.1,72.9,64.1,11.0,17.0,24.8,30.7,37.5,49.2,61.2,49.9,38.7,31.1,24.6,16.9,14.7,24.9,30.8,37.8,56.8,38.2,31.0,24.9,-88.7,-70.2,-51.6,-33.3,-15.1,1.6,15.5,26.6,30.5,29.8,23.0,12.2,-2.6,-20.9,-41.1,-61.9,-82.9,-107.3,-115.6,-117.0,-114.2,-108.7,-107.9,-112.7,-113.5,-109.4,-100.6,-90.7,-78.6,-66.8,-54.8,-44.8,-42.0,-39.9,-41.4,-43.1,-90.4,-95.4,-94.4,-87.7,-86.2,-86.7,-85.9,-92.0,-91.4,-86.2,-83.2,-83.5,-16.0,-22.4,-25.3,-23.3,-24.6,-21.0,-14.8,-5.3,-2.1,-1.9,-2.8,-6.8,-15.8,-18.6,-17.9,-18.1,-14.6,-10.9,-10.7,-11.8,734.1,734.1,735.1,736.8,734.3,726.8,714.1,696.6,685.2,684.6,691.9,699.7,703.7,705.0,703.6,701.7,701.6,709.0,701.1,691.7,681.8,675.4,667.9,666.6,667.7,668.4,670.2,670.0,663.3,656.6,649.9,669.8,665.2,661.3,661.1,661.6,700.8,694.6,690.1,687.0,690.1,694.4,673.8,671.5,669.7,670.8,669.0,670.7,688.4,673.1,665.0,661.9,660.1,663.4,671.2,665.2,662.7,664.5,667.8,676.0,684.3,667.1,663.6,661.8,670.4,663.6,665.4,668.9,0.598,0.050,0.282,0.032,319.595,140.068,-27.923,-19.205,-12.100,15.887,-7.413,-4.964,2.853,3.183,1.917,9.532,-3.404,-1.065,0.525,-3.669,-1.236,1.886,0.944,-1.832,-0.957,0.627,1.040,0.799,-0.303,0.014,0.071,-0.798,0.379,0.037,0.039,0.002,0.097,-0.001,0.003,0.082,0.50,0.11,0.86,0.00,0.27,2.34,0.00,0.15,0.00,0.00,0.34,0.22,0.13,0.05,0.46,0.23,0.19,0.00,0.00,1.00,0.00,1.00,0.00,0.00,0.00,0.00,0.00,0.00,0.00,1.00,0.00,0.00,0.00,0.00,0.00
309,0,30.800,0.98,1,-0.142762,0.105859,-0.984080,-0.287686,0.102379,-0.952237,-0.219,0.107,300.4,301.7,304.4,307.0,307.9,306.9,303.9,301.3,297.3,298.7,300.8,303.7,306.7,309.0,310.6,308.6,305.9,303.1,300.6,298.6,303.0,304.2,305.4,305.9,305.5,304.4,303.2,302.6,335.3,336.5,339.4,342.3,343.5,342.3,339.4,336.3,332.5,334.2,336.7,339.9,343.0,345.5,347.1,345.4,343.0,340.2,337.3,334.5,338.0,339.3,340.6,341.1,340.6,339.3,338.0,337.5,111.4,108.7,107.6,108.7,111.4,114.4,115.2,114.1,113.1,111.1,109.8,109.2,109.9,111.5,113.6,114.4,114.6,114.7,114.6,114.1,112.7,113.2,112.8,111.6,110.4,109.9,110.4,111.5,111.9,109.1,108.0,109.2,112.1,115.0,116.1,115.1,114.0,111.9,110.4,109.9,110.6,112.0,114.0,115.0,115.4,115.5,115.3,114.9,113.4,114.0,113.5,112.2,111.0,110.4,110.9,112.2,5.2,7.1,11.3,15.2,16.6,14.9,10.5,6.6,0.4,2.5,5.8,10.1,14.7,18.2,20.6,17.5,13.4,9.2,5.5,2.4,9.2,10.9,12.7,13.5,12.9,11.2,9.4,8.6,54.6,56.4,60.6,64.8,66.4,64.6,60.4,55.9,50.7,53.1,56.5,61.2,65.8,69.5,72.1,69.4,65.6,61.5,57.3,53.4,58.6,60.4,62.3,63.1,62.4,60.6,58.7,57.9,-87.5,-91.7,-93.3,-91.4,-87.1,-82.6,-81.3,-83.2,-85.7,-88.2,-89.8,-90.4,-89.3,-87.0,-83.9,-82.5,-82.1,-82.0,-82.5,-83.6,-85.4,-84.6,-85.3,-87.1,-89.0,-89.8,-89.1,-87.3,-81.4,-85.7,-87.4,-85.6,-81.3,-77.0,-75.3,-76.8,-78.6,-81.4,-83.4,-84.2,-83.4,-81.7,-79.2,-77.3,-76.4,-76.1,-76.4,-77.1,-79.4,-78.6,-79.3,-81.2,-83.1,-83.9,-83.1,-81.3,619.9,620.5,620.1,618.8,617.5,616.9,617.3,618.5,624.7,622.1,619.3,617.4,616.9,617.4,618.1,616.9,616.1,616.6,618.5,621.5,619.4,618.8,618.6,618.9,619.5,620.0,620.2,620.0,582.2,583.4,584.2,584.2,583.3,582.1,581.3,581.5,583.2,582.2,581.4,581.4,582.8,585.2,587.7,584.7,582.0,580.5,580.4,581.7,582.9,582.9,583.3,583.8,584.2,584.2,583.8,583.3,38.3,-53.0,678.5,0.051,0.296,0.060,288.4,287.4,287.7,289.0,290.8,294.3,299.4,306.2,315.9,327.3,338.5,349.0,357.3,362.6,365.6,367.3,368.5,291.1,295.1,301.3,307.8,313.7,327.3,335.2,343.4,351.0,356.1,319.6,318.2,316.8,315.2,309.2,312.7,316.5,321.1,325.5,297.2,301.1,306.3,310.6,306.0,300.7,332.3,337.1,342.7,347.2,342.9,337.4,303.5,307.7,312.7,316.3,320.7,327.6,334.4,327.6,320.8,316.1,312.0,307.2,305.7,312.6,316.3,320.8,331.7,320.7,316.2,312.4,117.2,127.8,138.5,149.1,159.1,168.0,175.4,181.3,183.6,183.5,179.9,174.1,166.1,155.8,144.2,132.1,120.1,104.7,99.0,97.1,97.7,100.4,100.4,97.6,97.5,100.3,106.0,110.4,117.1,123.8,130.7,138.0,139.5,140.6,139.8,138.9,113.1,109.6,109.9,113.7,114.7,114.7,114.1,110.3,110.6,114.0,115.5,115.3,155.9,151.7,149.7,150.9,150.1,152.6,156.8,161.8,163.5,163.6,163.0,160.9,156.0,153.8,154.2,154.1,156.8,158.1,158.2,157.5,-15.6,-17.3,-16.7,-14.5,-11.1,-4.8,4.1,15.6,31.6,50.5,70.1,88.9,103.8,113.3,118.4,121.3,123.5,-10.3,-3.3,7.3,18.2,27.8,49.8,62.8,76.4,88.9,97.6,37.2,34.5,31.8,29.0,20.1,25.5,31.5,39.0,46.1,0.3,7.0,15.8,23.0,15.2,6.3,58.5,66.3,75.3,82.9,75.5,66.6,10.9,17.5,25.5,31.3,38.3,49.7,61.3,49.7,38.5,30.9,24.4,16.8,14.6,25.4,31.3,38.4,56.9,38.4,31.2,25.1,-93.7,-74.4,-55.0,-36.0,-17.8,-1.7,11.1,20.8,24.4,24.2,18.4,8.8,-5.0,-22.8,-42.8,-63.6,-84.5,-112.2,-120.7,-122.4,-119.5,-113.9,-112.8,-117.2,-117.6,-113.3,-104.1,-96.5,-84.4,-72.8,-61.0,-50.8,-48.0,-45.9,-47.2,-48.7,-96.2,-101.3,-100.2,-93.3,-92.0,-92.5,-91.0,-97.1,-96.3,-90.8,-88.1,-88.5,-21.9,-28.5,-31.4,-29.3,-30.6,-26.6,-20.0,-11.6,-9.0,-8.8,-9.8,-13.4,-21.8,-24.8,-24.0,-24.1,-19.9,-17.7,-17.6,-18.7,737.2,736.3,736.2,736.5,732.5,723.4,709.4,691.3,680.3,680.3,688.7,697.5,702.4,704.6,704.4,703.6,704.7,711.5,703.7,694.5,684.5,677.5,671.0,670.3,671.7,672.4,674.2,671.8,664.2,656.7,649.2,668.7,663.8,659.8,659.7,660.4,701.9,696.1,691.6,688.3,691.1,695.3,676.1,674.3,672.7,673.6,671.5,673.1,685.8,671.2,663.3,660.2,658.7,662.1,669.7,662.8,659.7,661.3,664.5,672.9,681.8,665.0,661.6,660.2,668.7,661.2,662.7,666.1,0.598,-0.013,0.270,0.060,320.245,137.054,-22.886,-15.257,-11.347,14.587,-6.067,-2.269,3.080,3.297,2.872,8.137,-2.582,-0.518,1.484,-2.702,-1.608,1.802,0.997,-2.176,-0.937,0.756,1.221,0.572,-0.330,0.305,0.143,-0.914,0.402,0.052,0.012,-0.001,0.110,-0.013,-0.011,0.082,0.49,0.01,1.04,0.00,0.40,2.38,0.00,0.19,0.00,0.00,0.30,0.41,0.16,0.00,0.67,0.25,0.00,0.00,0.00,1.00,0.00,1.00,1.00,0.00,0.00,0.00,0.00,0.00,0.00,1.00,0.00,0.00,0.00,0.00,0.00
310,0,30.900,0.98,1,-0.145625,0.114847,-0.982651,-0.288853,0.111420,-0.950868,-0.221,0.116,300.6,301.8,304.6,307.2,308.1,307.0,304.1,301.5,297.4,298.8,301.0,303.8,306.8,309.1,310.7,308.7,306.0,303.2,300.8,298.7,303.2,304.3,305.5,306.1,305.7,304.5,303.3,302.8,335.3,336.5,339.4,342.3,343.5,342.3,339.4,336.3,332.5,334.2,336.7,340.0,343.1,345.5,347.1,345.5,343.1,340.3,337.3,334.5,338.1,339.3,340.6,341.1,340.6,339.4,338.1,337.6,111.2,108.5,107.4,108.6,111.3,114.2,115.1,113.9,112.8,110.9,109.6,109.1,109.8,111.3,113.4,114.3,114.5,114.6,114.4,113.9,112.5,113.1,112.6,111.4,110.2,109.7,110.2,111.3,111.9,109.0,107.9,109.2,112.1,115.0,116.1,115.1,113.9,111.9,110.4,109.9,110.6,112.0,114.0,115.0,115.4,115.5,115.2,114.9,113.4,114.0,113.5,112.2,110.9,110.4,110.9,112.1,5.4,7.3,11.5,15.4,16.7,15.1,10.7,6.8,0.7,2.8,6.0,10.3,14.9,18.4,20.8,17.7,13.6,9.4,5.7,2.6,9.4,11.1,12.9,13.7,13.1,11.4,9.6,8.8,54.6,56.4,60.6,64.7,66.4,64.5,60.3,55.9,50.6,53.0,56.5,61.1,65.7,69.5,72.1,69.3,65.6,61.4,57.2,53.4,58.6,60.4,62.2,63.0,62.3,60.5,58.7,57.9,-87.7,-91.9,-93.5,-91.6,-87.2,-82.7,-81.5,-83.4,-85.9,-88.5,-90.0,-90.6,-89.4,-87.2,-84.1,-82.6,-82.2,-82.1,-82.7,-83.9,-85.6,-84.8,-85.4,-87.3,-89.2,-90.0,-89.3,-87.5,-81.3,-85.6,-87.3,-85.5,-81.1,-76.9,-75.2,-76.7,-78.5,-81.4,-83.3,-84.1,-83.3,-81.6,-79.1,-77.2,-76.3,-76.0,-76.3,-77.0,-79.3,-78.5,-79.2,-81.1,-83.0,-83.8,-83.0,-81.2,619.2,619.8,619.3,618.0,616.7,616.3,616.7,617.9,624.2,621.5,618.6,616.7,616.2,616.6,617.4,616.3,615.5,616.0,618.0,621.0,618.7,618.2,618.0,618.2,618.8,619.3,619.6,619.3,581.1,582.3,583.1,583.1,582.3,581.1,580.3,580.4,582.2,581.1,580.3,580.3,581.7,584.2,586.7,583.6,581.0,579.5,579.4,580.7,581.9,581.9,582.2,582.7,583.1,583.1,582.7,582.2,38.3,-53.3,678.4,0.061,0.297,0.062,288.6,287.5,287.8,289.0,290.7,294.2,299.2,306.2,315.8,327.2,338.4,348.9,357.2,362.6,365.6,367.4,368.6,291.4,295.3,301.5,308.0,313.8,327.4,335.4,343.6,351.1,356.1,319.7,318.2,316.8,315.3,309.3,312.8,316.5,321.2,325.5,297.3,301.2,306.5,310.8,306.1,300.9,332.3,337.1,342.7,347.3,342.9,337.4,303.5,307.7,312.7,316.3,320.7,327.5,334.4,327.5,320.8,316.1,312.0,307.2,305.8,312.6,316.3,320.7,331.7,320.7,316.2,312.4,116.6,127.1,137.8,148.3,158.4,167.4,174.9,181.1,183.5,183.4,179.8,174.0,165.9,155.6,144.0,131.9,119.8,103.9,98.4,96.5,97.3,100.0,100.0,97.2,97.2,99.9,105.7,110.3,117.0,123.6,130.5,137.9,139.4,140.5,139.8,138.9,112.8,109.4,109.7,113.5,114.6,114.5,114.0,110.2,110.6,114.0,115.5,115.3,155.9,151.6,149.7,150.9,150.1,152.7,156.9,161.9,163.5,163.5,163.0,160.8,155.9,153.9,154.2,154.2,156.9,158.1,158.1,157.5,-15.2,-17.1,-16.7,-14.5,-11.2,-5.0,3.9,15.5,31.5,50.3,69.9,88.8,103.7,113.3,118.4,121.3,123.5,-9.8,-2.9,7.6,18.4,27.9,50.0,62.9,76.6,89.0,97.6,37.3,34.5,31.8,29.0,20.1,25.6,31.6,39.1,46.2,0.6,7.2,16.0,23.2,15.4,6.6,58.5,66.2,75.3,82.9,75.5,66.6,11.0,17.5,25.5,31.3,38.2,49.6,61.3,49.6,38.5,30.9,24.4,16.8,14.7,25.4,31.3,38.3,56.8,38.3,31.2,25.1,-94.6,-75.5,-56.3,-37.3,-19.1,-2.8,10.3,20.4,24.2,24.0,18.2,8.5,-5.3,-23.1,-43.2,-64.0,-84.9,-113.3,-121.7,-123.2,-120.2,-114.5,-113.2,-117.7,-118.1,-113.7,-104.5,-96.6,-84.6,-73.0,-61.3,-50.9,-48.2,-46.0,-47.3,-48.8,-96.5,-101.6,-100.4,-93.5,-92.2,-92.8,-91.0,-97.0,-96.3,-90.7,-88.0,-88.4,-22.1,-28.5,-31.4,-29.3,-30.5,-26.5,-19.9,-11.6,-9.0,-8.8,-9.8,-13.5,-21.9,-24.7,-23.9,-24.0,-19.9,-17.7,-17.7,-18.8,736.0,735.3,735.5,736.2,732.5,723.7,710.0,692.1,681.0,681.0,689.1,697.8,702.5,704.6,704.2,703.2,704.0,710.7,702.9,693.6,683.8,677.0,670.1,669.4,670.8,671.6,673.5,671.3,663.9,656.4,649.0,668.6,663.8,659.9,659.8,660.5,701.5,695.5,691.0,687.8,690.7,694.9,675.4,673.6,672.1,673.0,670.9,672.5,685.9,671.1,663.2,660.1,658.6,662.0,669.8,662.9,659.8,661.4,664.5,672.9,681.8,664.9,661.6,660.1,668.8,661.2,662.7,666.1,0.599,-0.004,0.270,0.063,320.275,136.860,-23.666,-16.215,-12.256,15.461,-6.303,-3.048,2.743,3.594,2.011,8.479,-3.147,-0.456,0.944,-3.279,-1.610,1.991,0.673,-2.409,-0.995,0.560,1.159,0.437,-0.428,0.211,0.157,-0.930,0.422,0.041,0.012,-0.002,0.116,-0.014,-0.012,0.081,0.40,0.00,1.05,0.00,0.36,2.59,0.00,0.17,0.00,0.00,0.30,0.33,0.12,0.00,0.43,0.11,0.00,0.00,0.00,1.00,0.00,1.00,1.00,0.00,0.00,0.00,0.00,0.00,0.00,0.00,0.00,0.00,0.00,0.00,0.00
311,0,31.000,0.98,1,-0.143502,0.114279,-0.983030,-0.287924,0.111673,-0.951120,-0.219,0.116,300.5,301.7,304.4,307.0,307.9,306.9,304.0,301.4,297.4,298.7,300.8,303.7,306.6,309.0,310.6,308.6,305.9,303.1,300.7,298.7,303.1,304.2,305.4,305.9,305.5,304.4,303.2,302.7,334.9,336.1,339.0,341.8,343.0,341.8,338.9,335.9,332.1,333.9,336.3,339.5,342.6,345.0,346.6,344.9,342.6,339.8,336.9,334.1,337.7,338.9,340.2,340.7,340.2,338.9,337.7,337.1,112.2,109.5,108.4,109.5,112.2,115.2,116.1,114.9,113.8,112.0,110.7,110.1,110.8,112.2,114.3,115.2,115.5,115.6,115.4,114.9,113.5,114.0,113.5,112.4,111.2,110.7,111.2,112.4,112.7,109.8,108.7,110.0,112.9,115.7,116.8,115.8,114.7,112.6,111.2,110.6,111.3,112.7,114.7,115.7,116.1,116.2,116.0,115.7,114.1,114.7,114.2,113.0,111.7,111.1,111.6,112.9,5.3,7.2,11.3,15.2,16.6,15.1,10.7,6.7,0.6,2.7,5.9,10.1,14.7,18.2,20.7,17.6,13.5,9.4,5.7,2.6,9.3,11.0,12.8,13.6,13.0,11.3,9.5,8.7,54.8,56.6,60.8,64.9,66.5,64.7,60.5,56.1,50.8,53.2,56.7,61.3,65.9,69.7,72.3,69.5,65.8,61.6,57.4,53.6,58.8,60.6,62.4,63.2,62.5,60.7,58.9,58.1,-87.0,-91.2,-92.8,-90.9,-86.6,-82.0,-80.8,-82.6,-85.1,-87.7,-89.2,-89.8,-88.8,-86.5,-83.5,-82.0,-81.5,-81.3,-81.9,-83.0,-84.9,-84.0,-84.8,-86.6,-88.5,-89.3,-88.6,-86.8,-81.3,-85.6,-87.3,-85.5,-81.2,-76.9,-75.2,-76.7,-78.6,-81.4,-83.3,-84.1,-83.3,-81.7,-79.2,-77.3,-76.3,-76.0,-76.3,-77.0,-79.3,-78.5,-79.3,-81.1,-83.0,-83.8,-83.1,-81.2,624.9,625.4,624.9,623.6,622.4,622.0,622.5,623.7,630.0,627.2,624.3,622.3,621.8,622.3,623.1,622.0,621.3,621.8,623.8,626.8,624.5,623.9,623.7,623.9,624.4,625.0,625.2,625.0,589.3,590.4,591.1,591.1,590.3,589.2,588.5,588.7,590.4,589.3,588.4,588.3,589.8,592.2,594.7,591.7,589.1,587.6,587.6,588.9,590.0,590.0,590.3,590.8,591.2,591.2,590.8,590.4,38.7,-53.1,685.4,0.056,0.291,0.055,288.4,287.6,288.0,289.3,291.1,294.5,299.6,306.5,316.1,327.4,338.7,349.2,357.5,362.7,365.6,367.3,368.4,291.1,294.9,301.1,307.6,313.5,326.9,334.8,343.0,350.5,355.7,319.4,318.0,316.7,315.2,309.5,312.9,316.6,321.1,325.3,297.3,301.1,306.3,310.6,306.0,300.8,332.0,336.7,342.2,346.8,342.4,337.0,304.5,308.4,313.1,316.5,320.6,326.9,333.3,326.9,320.8,316.4,312.6,308.1,306.7,313.0,316.5,320.6,330.6,320.6,316.4,312.9,117.4,127.8,138.3,148.6,158.6,167.5,174.8,180.8,183.2,183.1,179.5,173.8,165.9,155.6,144.1,132.1,120.1,105.6,99.8,98.0,98.7,101.3,101.3,98.5,98.4,101.0,106.8,111.3,118.0,124.6,131.5,138.7,140.1,141.2,140.4,139.5,113.9,110.5,110.7,114.4,115.6,115.6,114.8,111.0,111.3,114.7,116.2,116.1,156.4,152.2,150.2,151.4,150.5,153.0,157.0,160.9,162.2,162.3,161.8,160.2,156.3,154.4,154.7,154.6,156.9,156.9,157.0,156.4,-15.6,-17.1,-16.3,-14.1,-10.7,-4.5,4.5,16.2,32.3,51.4,71.3,90.5,105.6,115.1,120.1,122.8,124.9,-10.4,-3.7,7.0,18.0,27.7,49.6,62.7,76.5,89.1,98.0,37.2,34.7,32.0,29.4,20.7,26.2,32.0,39.4,46.3,0.6,7.1,15.9,23.1,15.4,6.5,58.7,66.3,75.4,83.1,75.7,66.7,12.6,19.0,26.4,31.9,38.5,49.0,60.1,49.0,38.8,31.7,25.6,18.5,16.3,26.4,31.9,38.6,55.5,38.6,31.9,26.2,-94.3,-75.2,-56.1,-37.2,-19.0,-2.8,10.2,20.3,23.9,23.8,18.0,8.4,-5.5,-23.4,-43.6,-64.5,-85.5,-111.8,-120.5,-122.1,-119.2,-113.6,-112.5,-117.0,-117.5,-113.2,-104.0,-96.0,-83.9,-72.3,-60.4,-50.2,-47.5,-45.4,-46.8,-48.4,-95.9,-100.9,-99.9,-93.1,-91.5,-92.0,-90.9,-96.9,-96.2,-90.8,-87.9,-88.3,-21.4,-27.8,-30.8,-28.8,-30.2,-26.2,-19.9,-13.2,-11.2,-11.0,-11.8,-14.7,-21.4,-24.1,-23.4,-23.6,-20.1,-19.8,-19.7,-20.7,745.5,744.8,744.8,745.0,741.1,732.0,718.0,700.0,689.1,689.4,698.0,707.1,712.6,714.9,714.7,713.2,713.7,719.2,711.1,701.6,691.8,684.8,677.9,677.3,678.8,679.9,682.1,679.5,672.1,664.5,657.1,676.4,671.7,667.8,667.8,668.5,709.5,703.5,698.9,695.8,698.6,702.9,683.9,682.0,680.6,681.7,679.5,681.0,691.0,677.1,670.3,667.6,666.1,669.3,676.6,669.4,666.5,668.0,671.0,678.4,686.8,672.1,669.0,667.6,675.2,667.9,669.4,672.5,0.592,-0.007,0.262,0.056,320.234,137.292,-14.271,-16.458,-18.158,14.740,-7.614,-1.755,3.959,2.775,2.420,5.959,-3.808,-0.303,1.094,-2.754,0.342,0.583,0.267,-2.633,-0.553,0.692,1.169,0.713,-0.136,0.034,0.293,-0.977,0.385,-0.053,-0.078,-0.066,0.110,-0.025,-0.025,0.055,0.41,0.00,0.96,0.00,0.39,2.55,0.00,0.13,0.00,0.00,0.13,0.19,0.07,0.00,0.22,0.08,0.00,0.00,0.00,1.00,0.00,1.00,0.00,0.00,0.00,0.00,0.00,0.00,0.00,0.00,0.00,0.00,0.00,0.00,0.00
312,0,31.100,0.98,1,-0.141290,0.102317,-0.984667,-0.282126,0.099655,-0.954187,-0.215,0.104,300.8,302.1,304.8,307.4,308.3,307.3,304.4,301.8,297.8,299.1,301.2,304.0,307.0,309.4,311.0,309.0,306.3,303.5,301.1,299.1,303.5,304.6,305.8,306.3,305.9,304.8,303.6,303.0,335.2,336.4,339.3,342.2,343.4,342.2,339.3,336.2,332.5,334.2,336.7,339.9,343.0,345.4,347.0,345.3,342.9,340.2,337.2,334.5,338.0,339.2,340.5,341.0,340.5,339.2,338.0,337.5,111.5,108.8,107.7,108.8,111.5,114.5,115.4,114.3,113.2,111.3,110.0,109.4,110.0,111.5,113.6,114.5,114.8,114.9,114.8,114.3,112.9,113.3,112.9,111.7,110.5,110.0,110.5,111.7,111.9,109.1,108.0,109.2,112.1,115.0,116.1,115.1,114.0,111.9,110.5,109.9,110.6,112.0,114.0,115.0,115.4,115.5,115.3,114.9,113.4,114.0,113.5,112.2,111.0,110.4,110.9,112.1,5.8,7.7,11.8,15.7,17.1,15.6,11.2,7.2,1.2,3.2,6.4,10.6,15.2,18.7,21.2,18.1,14.0,9.9,6.2,3.1,9.8,11.5,13.3,14.2,13.5,11.8,10.0,9.2,55.0,56.8,61.1,65.2,66.8,65.0,60.8,56.4,51.1,53.5,57.0,61.6,66.2,70.0,72.6,69.8,66.1,61.9,57.7,53.8,59.0,60.9,62.7,63.5,62.8,61.0,59.1,58.3,-87.5,-91.7,-93.3,-91.4,-87.1,-82.6,-81.3,-83.1,-85.6,-88.2,-89.7,-90.3,-89.3,-87.1,-84.0,-82.5,-82.0,-81.9,-82.4,-83.6,-85.4,-84.5,-85.3,-87.1,-89.0,-89.8,-89.1,-87.3,-82.1,-86.4,-88.1,-86.3,-82.0,-77.7,-76.0,-77.5,-79.3,-82.1,-84.1,-84.9,-84.0,-82.4,-79.9,-78.0,-77.1,-76.8,-77.1,-77.7,-80.1,-79.3,-80.0,-81.9,-83.8,-84.6,-83.8,-82.0,621.0,621.5,621.0,619.7,618.4,618.0,618.4,619.7,626.0,623.3,620.4,618.3,617.9,618.3,619.1,618.0,617.2,617.8,619.8,622.8,620.5,619.9,619.7,619.9,620.5,621.0,621.3,621.0,587.1,588.2,589.0,589.0,588.2,587.1,586.3,586.4,588.2,587.1,586.3,586.2,587.7,590.1,592.6,589.6,587.0,585.5,585.4,586.7,587.8,587.8,588.2,588.7,589.0,589.0,588.7,588.2,39.2,-54.5,684.9,0.037,0.283,0.060,288.7,287.9,288.3,289.4,291.2,294.6,299.7,306.6,316.3,327.6,338.9,349.5,357.7,362.9,365.8,367.4,368.6,291.3,295.1,301.4,308.0,313.8,327.1,335.0,343.3,350.9,356.1,319.7,318.4,317.1,315.7,309.8,313.3,316.9,321.5,325.7,297.7,301.5,306.7,311.0,306.4,301.1,332.3,337.0,342.6,347.1,342.8,337.3,304.7,308.8,313.5,316.9,321.1,327.3,333.8,327.3,321.2,316.7,313.0,308.5,306.9,313.4,316.9,321.1,331.1,321.0,316.8,313.3,116.9,127.3,137.8,148.2,158.1,166.9,174.1,180.0,182.3,182.3,179.1,173.7,165.8,155.6,144.0,131.9,119.7,105.1,99.3,97.4,98.1,100.8,100.7,97.9,97.8,100.4,106.2,110.6,117.3,123.9,130.7,137.9,139.3,140.4,139.6,138.6,113.2,109.8,110.0,113.7,114.8,114.9,114.0,110.3,110.6,113.9,115.5,115.3,155.2,151.2,149.3,150.5,149.6,152.0,155.8,159.4,160.5,160.6,160.1,158.7,155.1,153.4,153.7,153.6,155.7,155.3,155.4,154.9,-15.2,-16.7,-15.9,-13.8,-10.5,-4.3,4.7,16.4,32.5,51.6,71.7,91.0,106.2,115.7,120.7,123.3,125.4,-10.1,-3.3,7.5,18.6,28.3,50.1,63.2,77.1,89.9,99.0,37.9,35.3,32.7,30.0,21.3,26.7,32.6,40.0,47.1,1.2,7.7,16.6,23.9,16.0,7.1,59.3,67.1,76.2,83.9,76.4,67.4,13.0,19.6,27.1,32.6,39.3,49.7,61.1,49.6,39.4,32.2,26.2,19.1,16.7,27.0,32.6,39.4,56.4,39.3,32.4,26.8,-95.3,-76.2,-56.9,-37.9,-19.7,-3.7,9.0,18.8,22.4,22.5,17.3,8.1,-5.5,-23.5,-43.9,-65.1,-86.4,-112.8,-121.6,-123.3,-120.3,-114.6,-113.6,-118.2,-118.7,-114.5,-105.1,-97.4,-85.3,-73.5,-61.6,-51.5,-48.8,-46.7,-48.1,-49.7,-97.1,-102.2,-101.2,-94.4,-92.8,-93.3,-92.2,-98.3,-97.6,-92.2,-89.3,-89.7,-23.3,-29.4,-32.3,-30.3,-31.7,-27.9,-21.9,-15.7,-13.9,-13.8,-14.5,-17.1,-23.3,-25.7,-25.0,-25.2,-22.0,-22.4,-22.3,-23.2,746.7,745.6,745.1,744.9,740.7,731.2,716.7,698.2,687.4,688.1,697.6,707.5,713.6,716.2,716.3,714.8,715.4,720.4,712.2,702.7,692.8,685.6,678.8,678.4,680.1,681.4,683.7,680.3,672.5,664.6,656.9,676.3,671.3,667.4,667.5,668.5,710.1,704.2,699.7,696.6,699.2,703.4,685.1,683.4,682.0,683.1,680.8,682.1,690.4,676.5,669.9,667.2,665.8,669.0,676.4,668.4,665.0,666.5,669.4,677.0,686.2,671.4,668.4,667.1,674.7,666.9,668.2,671.4,0.592,-0.027,0.253,0.059,320.559,136.501,-10.172,-16.526,-18.165,14.208,-8.931,1.082,3.595,3.808,1.959,5.029,-4.438,-0.619,0.542,-2.486,0.663,0.266,0.342,-2.875,-0.703,0.747,1.130,0.543,-0.288,0.189,0.351,-0.944,0.269,-0.057,-0.073,-0.063,0.108,-0.037,-0.037,0.058,0.36,0.02,0.86,0.00,0.33,2.59,0.00,0.14,0.00,0.00,0.07,0.05,0.00,0.04,0.01,0.00,0.00,0.00,0.00,1.00,0.00,1.00,0.00,0.00,0.00,0.00,0.00,0.00,0.00,0.00,0.00,0.00,0.00,0.00,0.00
313,0,31.200,0.98,1,-0.139398,0.101806,-0.984989,-0.278817,0.098847,-0.955244,-0.212,0.103,300.8,302.1,304.8,307.4,308.4,307.3,304.4,301.8,297.8,299.1,301.2,304.1,307.1,309.4,311.1,309.0,306.3,303.5,301.1,299.1,303.5,304.6,305.8,306.4,306.0,304.8,303.6,303.1,335.4,336.6,339.4,342.3,343.5,342.3,339.4,336.3,332.5,334.3,336.8,340.0,343.1,345.5,347.1,345.4,343.1,340.3,337.3,334.5,338.1,339.4,340.6,341.1,340.6,339.4,338.1,337.6,111.2,108.5,107.4,108.5,111.3,114.2,115.1,114.0,112.9,111.0,109.7,109.1,109.8,111.3,113.3,114.2,114.5,114.7,114.5,114.0,112.6,113.1,112.6,111.4,110.2,109.7,110.2,111.4,111.7,108.9,107.8,109.1,112.0,114.9,116.0,114.9,113.7,111.7,110.3,109.8,110.5,111.9,113.8,114.8,115.3,115.3,115.1,114.7,113.2,113.8,113.3,112.1,110.8,110.2,110.7,112.0,5.8,7.7,11.8,15.7,17.2,15.6,11.2,7.3,1.2,3.2,6.4,10.6,15.2,18.7,21.2,18.1,14.0,9.9,6.2,3.1,9.8,11.5,13.3,14.2,13.6,11.8,10.0,9.2,54.9,56.7,60.9,65.1,66.7,64.8,60.6,56.2,50.9,53.4,56.9,61.5,66.1,69.8,72.4,69.6,65.9,61.8,57.5,53.7,58.9,60.7,62.5,63.4,62.7,60.8,59.0,58.2,-87.5,-91.7,-93.3,-91.4,-87.1,-82.6,-81.3,-83.2,-85.7,-88.2,-89.7,-90.3,-89.2,-87.0,-84.0,-82.5,-82.0,-81.9,-82.4,-83.6,-85.4,-84.6,-85.3,-87.1,-89.0,-89.8,-89.1,-87.3,-81.9,-86.2,-87.9,-86.1,-81.8,-77.5,-75.8,-77.3,-79.2,-82.0,-83.9,-84.6,-83.8,-82.2,-79.7,-77.9,-76.9,-76.6,-77.0,-77.6,-79.9,-79.1,-79.8,-81.7,-83.6,-84.4,-83.7,-81.8,618.0,618.5,617.9,616.7,615.4,615.0,615.5,616.8,623.1,620.3,617.4,615.3,614.8,615.3,616.1,615.0,614.3,614.9,616.8,619.9,617.5,616.9,616.7,616.9,617.5,618.0,618.3,618.1,584.0,585.1,585.9,586.0,585.2,584.1,583.3,583.4,585.1,584.0,583.2,583.1,584.6,587.1,589.6,586.6,584.0,582.4,582.4,583.6,584.8,584.8,585.2,585.6,586.0,586.0,585.6,585.1,39.3,-55.1,684.9,0.034,0.278,0.063,288.7,287.8,288.2,289.3,291.1,294.5,299.6,306.6,316.3,327.6,338.9,349.4,357.7,362.9,365.8,367.5,368.7,291.3,295.2,301.4,308.0,313.9,327.3,335.2,343.5,351.1,356.4,319.8,318.5,317.1,315.7,309.8,313.3,317.0,321.5,325.8,297.7,301.5,306.7,311.1,306.4,301.1,332.4,337.2,342.7,347.3,342.9,337.4,304.8,309.0,313.6,317.0,321.1,327.3,333.8,327.2,321.2,316.8,313.1,308.7,307.0,313.5,317.0,321.1,331.0,321.0,316.9,313.4,116.6,126.9,137.4,147.8,157.7,166.5,173.7,179.5,181.8,181.8,178.7,173.4,165.7,155.5,143.8,131.7,119.6,104.7,99.0,97.1,97.9,100.5,100.4,97.7,97.6,100.3,106.2,110.3,117.0,123.6,130.4,137.6,139.0,140.1,139.2,138.3,112.9,109.5,109.7,113.4,114.6,114.6,113.8,110.1,110.5,113.8,115.3,115.2,154.7,150.8,149.0,150.1,149.2,151.6,155.3,158.6,159.5,159.6,159.2,157.9,154.6,153.0,153.3,153.1,155.1,154.4,154.5,154.0,-15.2,-16.8,-16.1,-14.0,-10.7,-4.4,4.6,16.4,32.6,51.7,71.7,91.0,106.3,115.9,121.0,123.7,125.9,-10.0,-3.2,7.6,18.7,28.4,50.3,63.6,77.5,90.4,99.6,38.1,35.4,32.8,30.1,21.3,26.8,32.7,40.1,47.1,1.2,7.8,16.7,24.0,16.1,7.1,59.5,67.3,76.5,84.3,76.7,67.6,13.1,19.8,27.2,32.7,39.3,49.7,61.0,49.4,39.4,32.3,26.3,19.3,16.8,27.1,32.7,39.5,56.3,39.3,32.5,26.9,-96.1,-77.0,-57.7,-38.8,-20.6,-4.5,8.2,17.9,21.5,21.7,16.7,7.7,-5.8,-23.8,-44.2,-65.5,-86.8,-113.5,-122.3,-123.8,-120.8,-115.2,-114.1,-118.5,-119.1,-114.8,-105.4,-97.9,-85.7,-74.0,-62.1,-52.1,-49.4,-47.3,-48.7,-50.3,-97.7,-102.7,-101.8,-95.0,-93.3,-93.8,-92.7,-98.7,-97.9,-92.5,-89.6,-90.1,-24.2,-30.1,-32.8,-30.9,-32.3,-28.5,-22.7,-17.1,-15.5,-15.3,-16.1,-18.5,-24.2,-26.4,-25.7,-25.9,-22.9,-23.8,-23.7,-24.6,747.4,746.3,745.6,745.3,741.0,731.5,716.9,698.2,687.6,688.6,698.4,708.5,714.8,717.5,717.7,716.2,716.8,720.9,712.6,703.0,693.1,685.9,678.9,678.7,680.7,682.2,684.8,680.7,672.8,664.7,656.8,676.3,671.4,667.4,667.6,668.7,710.6,704.7,700.2,697.1,699.7,703.9,685.7,684.1,682.8,684.0,681.6,682.8,690.2,676.3,669.9,667.2,665.9,669.3,676.7,668.2,664.7,666.1,668.9,676.5,686.0,671.4,668.4,667.2,674.9,666.7,667.9,671.0,0.591,-0.031,0.247,0.062,320.603,136.115,-6.608,-16.520,-18.850,14.112,-8.973,1.968,3.094,3.922,1.426,4.086,-4.657,-0.655,0.132,-2.897,1.083,0.065,0.009,-2.872,-0.679,0.677,1.040,0.740,-0.480,0.086,0.246,-0.877,0.219,-0.089,-0.082,-0.071,0.110,-0.037,-0.034,0.053,0.37,0.04,0.93,0.00,0.30,2.66,0.00,0.11,0.00,0.00,0.07,0.07,0.00,0.04,0.12,0.23,0.00,0.00,0.00,1.00,0.00,1.00,1.00,0.00,0.00,0.00,0.00,0.00,0.00,0.00,0.00,0.00,0.00,0.00,0.00
314,0,31.300,0.98,1,-0.157298,0.120901,-0.980123,-0.296795,0.117702,-0.947660,-0.231,0.123,300.8,302.1,304.9,307.4,308.4,307.3,304.3,301.8,297.8,299.1,301.2,304.1,307.1,309.5,311.1,309.0,306.3,303.5,301.0,299.0,303.5,304.6,305.8,306.4,306.0,304.8,303.6,303.1,335.5,336.8,339.6,342.5,343.7,342.5,339.6,336.5,332.7,334.5,336.9,340.2,343.3,345.8,347.3,345.7,343.3,340.5,337.5,334.7,338.3,339.6,340.8,341.4,340.8,339.6,338.3,337.8,109.8,107.0,105.9,107.1,109.8,112.8,113.7,112.5,111.4,109.4,108.1,107.5,108.2,109.8,112.1,113.0,113.2,113.3,113.1,112.6,111.1,111.6,111.1,109.9,108.7,108.2,108.7,109.9,110.5,107.7,106.6,107.8,110.8,113.6,114.8,113.7,112.6,110.5,109.0,108.4,109.1,110.6,112.7,113.7,114.2,114.2,114.0,113.6,112.0,112.6,112.1,110.9,109.6,109.0,109.5,110.8,5.7,7.7,11.8,15.6,17.0,15.4,11.0,7.1,1.2,3.2,6.3,10.6,15.1,18.6,21.0,17.9,13.8,9.7,6.0,3.1,9.7,11.4,13.2,14.0,13.4,11.7,9.9,9.1,54.8,56.6,60.8,65.0,66.5,64.7,60.5,56.1,50.9,53.3,56.7,61.3,65.9,69.7,72.3,69.5,65.8,61.7,57.5,53.6,58.8,60.6,62.4,63.2,62.5,60.7,58.9,58.1,-88.7,-92.9,-94.5,-92.5,-88.2,-83.7,-82.5,-84.4,-87.0,-89.6,-91.1,-91.7,-90.5,-88.2,-85.0,-83.5,-83.0,-82.9,-83.5,-84.8,-86.6,-85.8,-86.4,-88.3,-90.1,-91.0,-90.3,-88.5,-83.1,-87.4,-89.1,-87.2,-82.9,-78.7,-77.0,-78.5,-80.3,-83.2,-85.3,-86.1,-85.2,-83.5,-80.8,-78.9,-77.9,-77.6,-78.0,-78.6,-81.1,-80.3,-81.0,-82.9,-84.8,-85.6,-84.8,-83.0,611.2,611.6,611.0,609.6,608.4,608.0,608.6,609.9,616.2,613.5,610.5,608.4,607.9,608.2,609.0,608.0,607.3,608.0,610.0,613.0,610.6,610.0,609.7,609.9,610.5,611.0,611.3,611.1,580.2,581.3,582.1,582.1,581.3,580.2,579.4,579.5,581.3,580.2,579.4,579.4,580.8,583.3,585.7,582.7,580.1,578.6,578.5,579.8,580.9,580.9,581.3,581.8,582.1,582.1,581.8,581.3,38.6,-53.6,671.4,0.074,0.311,0.054,288.9,288.2,288.8,290.2,292.1,295.4,300.3,307.1,316.8,328.1,339.3,349.8,358.0,363.2,366.1,367.8,368.9,291.4,295.4,301.6,308.1,313.9,327.5,335.4,343.5,351.1,356.2,319.8,318.4,316.9,315.3,309.8,313.1,316.8,321.3,325.6,297.7,301.5,306.8,311.0,306.4,301.1,332.6,337.3,343.0,347.5,343.2,337.6,304.9,308.6,313.4,316.8,320.8,327.3,333.7,327.4,321.1,316.7,313.0,308.4,307.1,313.4,316.8,320.9,331.0,321.0,316.8,313.3,115.0,125.9,136.9,147.7,158.1,167.5,175.5,182.0,184.4,184.3,180.4,174.2,165.7,155.2,143.4,131.0,118.6,102.9,97.3,95.6,96.6,99.4,99.5,96.7,96.5,99.1,104.8,109.2,116.2,123.1,130.3,137.6,139.1,140.2,139.4,138.4,111.4,107.8,108.1,112.1,113.3,113.3,112.7,108.7,109.1,112.7,114.3,114.1,156.1,151.7,149.6,150.8,149.9,152.5,156.8,161.6,163.1,163.2,162.7,160.7,156.0,153.8,154.1,154.0,156.8,157.6,157.7,157.1,-14.5,-15.8,-14.7,-12.1,-8.7,-2.8,5.8,17.0,32.7,51.3,70.8,89.4,103.9,113.0,117.9,120.4,122.2,-9.6,-2.8,7.7,18.4,27.7,49.5,62.2,75.6,87.8,96.5,37.1,34.4,31.6,28.9,20.8,25.9,31.6,38.8,45.8,1.2,7.6,16.4,23.4,15.8,6.9,58.3,65.8,74.8,82.3,75.0,66.2,13.1,18.9,26.4,31.7,38.1,48.7,59.6,48.8,38.6,31.7,25.7,18.5,16.7,26.4,31.8,38.3,55.0,38.5,31.8,26.3,-96.7,-77.2,-57.5,-38.2,-19.4,-2.6,11.2,21.8,25.5,25.2,19.1,8.8,-5.5,-23.6,-43.7,-64.6,-85.7,-113.9,-122.1,-123.2,-119.9,-114.2,-112.8,-117.1,-117.7,-113.6,-104.6,-97.2,-84.9,-73.0,-60.8,-50.9,-48.2,-46.0,-47.4,-49.0,-97.9,-103.1,-101.9,-94.8,-93.3,-93.9,-92.1,-98.3,-97.6,-91.9,-89.0,-89.5,-21.4,-28.2,-31.2,-29.2,-30.5,-26.5,-19.8,-11.9,-9.4,-9.2,-10.1,-13.5,-21.4,-24.5,-23.9,-24.0,-19.8,-18.3,-18.1,-19.2,730.2,730.2,730.4,730.6,726.2,716.9,703.6,685.9,674.9,674.7,682.5,690.8,695.4,696.9,696.0,693.9,693.7,702.5,694.5,685.3,675.8,669.3,662.4,661.4,662.4,663.0,664.9,663.8,656.5,649.2,641.9,661.6,656.6,652.7,652.5,653.2,693.8,688.0,683.4,680.2,683.2,687.6,668.1,666.0,664.4,665.4,663.5,665.0,677.1,662.9,656.0,653.3,651.8,654.7,661.7,655.4,653.1,654.7,657.6,664.7,672.9,657.9,654.7,653.4,660.5,654.4,655.9,659.0,0.605,0.007,0.285,0.056,320.711,136.342,-23.786,-12.528,-15.988,19.032,-8.276,-1.297,7.140,4.737,4.697,4.372,-3.018,-0.188,-0.024,-3.347,0.303,0.317,1.074,-1.976,0.011,1.034,0.922,0.714,-0.375,0.240,0.223,-0.966,0.485,0.011,-0.007,-0.067,0.082,-0.030,-0.010,0.064,0.45,0.04,0.92,0.00,0.16,2.61,0.00,0.08,0.00,0.00,0.13,0.07,0.00,0.13,0.12,0.24,0.00,0.00,0.00,1.00,0.00,1.00,1.00,0.00,0.00,0.00,0.00,0.00,0.00,0.00,0.00,0.00,0.00,0.00,0.00
315,0,31.400,0.98,1,-0.148066,0.105414,-0.983343,-0.284852,0.100545,-0.953284,-0.220,0.106,301.8,303.1,305.9,308.5,309.4,308.3,305.4,302.7,298.8,300.1,302.2,305.1,308.2,310.5,312.1,310.1,307.3,304.5,302.0,300.0,304.5,305.6,306.8,307.4,307.0,305.9,304.7,304.1,336.8,338.0,340.9,343.8,345.0,343.7,340.8,337.7,333.9,335.7,338.2,341.5,344.6,347.0,348.5,346.9,344.5,341.7,338.8,336.0,339.5,340.8,342.1,342.6,342.1,340.8,339.6,339.0,109.1,106.3,105.2,106.4,109.2,112.2,113.0,111.9,110.7,108.7,107.4,106.8,107.5,109.1,111.4,112.3,112.6,112.7,112.5,111.9,110.4,111.0,110.5,109.3,108.0,107.5,108.0,109.2,110.1,107.2,106.1,107.5,110.4,113.3,114.4,113.3,112.2,110.0,108.5,107.9,108.7,110.2,112.4,113.4,113.9,113.9,113.6,113.2,111.6,112.2,111.7,110.5,109.2,108.6,109.1,110.3,7.2,9.1,13.2,17.0,18.3,16.7,12.3,8.5,2.7,4.6,7.7,12.0,16.5,20.0,22.4,19.3,15.1,11.0,7.4,4.5,11.1,12.8,14.6,15.4,14.8,13.2,11.4,10.5,56.4,58.3,62.5,66.6,68.1,66.2,62.0,57.6,52.4,54.8,58.3,62.9,67.5,71.3,73.7,71.0,67.3,63.2,59.0,55.2,60.3,62.1,64.0,64.8,64.1,62.3,60.5,59.7,-88.9,-93.1,-94.6,-92.6,-88.3,-83.8,-82.6,-84.6,-87.2,-89.8,-91.3,-91.9,-90.7,-88.3,-85.1,-83.6,-83.1,-83.0,-83.7,-85.0,-86.8,-85.9,-86.6,-88.4,-90.3,-91.2,-90.5,-88.7,-83.5,-87.7,-89.4,-87.5,-83.2,-79.0,-77.3,-78.9,-80.7,-83.6,-85.6,-86.4,-85.5,-83.7,-81.0,-79.1,-78.1,-77.8,-78.2,-79.0,-81.4,-80.6,-81.3,-83.2,-85.0,-85.9,-85.1,-83.3,605.2,605.7,605.0,603.6,602.4,602.1,602.6,604.0,610.4,607.6,604.6,602.5,601.9,602.3,603.0,602.0,601.4,602.1,604.1,607.2,604.7,604.1,603.8,604.0,604.5,605.1,605.4,605.2,578.2,579.3,580.2,580.3,579.5,578.4,577.5,577.6,579.2,578.2,577.5,577.4,579.0,581.5,584.0,581.0,578.3,576.7,576.6,577.8,579.0,579.1,579.4,579.9,580.2,580.2,579.8,579.3,40.2,-55.3,674.1,0.048,0.290,0.068,289.4,288.6,289.1,290.3,292.0,295.2,300.2,307.1,316.9,328.3,339.8,350.4,358.6,363.8,366.8,368.6,369.7,292.2,296.2,302.6,309.2,315.1,328.9,336.7,344.8,352.3,357.4,321.1,319.6,318.1,316.6,310.9,314.2,317.8,322.2,326.4,298.7,302.5,307.9,312.1,307.4,302.1,333.9,338.6,344.2,348.7,344.4,338.8,305.8,310.0,314.5,317.8,321.7,327.6,333.7,327.4,321.6,317.4,313.9,309.5,308.0,314.4,317.7,321.7,331.0,321.5,317.6,314.3,114.7,125.5,136.4,147.1,157.3,166.4,173.9,179.9,182.2,182.4,179.0,173.4,165.3,155.0,143.3,131.0,118.6,102.5,96.8,95.1,96.1,98.8,99.1,96.5,96.3,98.8,104.5,108.6,115.7,122.6,129.8,137.1,138.6,139.7,138.9,137.9,110.7,107.1,107.4,111.5,112.7,112.7,112.3,108.3,108.7,112.4,114.0,113.7,155.0,151.3,149.5,150.6,149.8,152.2,155.9,159.2,160.0,160.0,159.6,158.2,154.9,153.4,153.8,153.7,155.7,154.8,154.9,154.3,-13.6,-15.1,-14.1,-12.0,-9.0,-3.2,5.5,17.0,32.9,51.9,71.9,91.0,105.9,115.3,120.4,123.0,125.0,-8.3,-1.4,9.5,20.3,29.9,52.2,64.9,78.3,90.6,99.4,39.5,36.7,33.8,30.9,22.7,27.8,33.4,40.5,47.4,2.9,9.4,18.3,25.3,17.5,8.6,60.8,68.4,77.6,85.0,77.7,68.7,14.6,21.1,28.3,33.4,39.6,49.3,59.9,49.0,39.5,32.9,27.2,20.4,18.1,28.2,33.4,39.7,55.2,39.5,33.2,27.9,-97.8,-78.3,-58.7,-39.4,-20.8,-4.5,8.5,18.3,21.9,22.1,16.9,7.5,-6.3,-24.2,-44.4,-65.4,-86.5,-115.4,-123.7,-124.9,-121.6,-115.8,-114.3,-118.5,-119.0,-115.0,-106.0,-99.0,-86.4,-74.2,-61.9,-52.0,-49.2,-47.1,-48.3,-50.0,-99.7,-105.0,-103.8,-96.5,-94.8,-95.5,-93.6,-99.9,-99.0,-93.2,-90.2,-90.8,-23.3,-28.9,-31.6,-29.6,-30.8,-27.1,-21.3,-15.9,-14.5,-14.4,-15.2,-17.6,-23.3,-25.2,-24.5,-24.7,-21.5,-22.8,-22.7,-23.7,735.0,734.7,734.5,734.2,729.3,719.4,704.9,686.7,676.0,676.7,686.0,695.7,701.8,704.1,703.7,701.4,701.2,707.7,699.4,690.2,680.5,673.7,667.5,666.7,668.0,668.7,670.8,668.6,660.7,652.8,645.1,664.7,659.8,656.0,655.9,656.9,697.9,692.1,687.5,684.6,687.2,691.5,673.4,671.5,670.1,671.4,669.1,670.5,677.9,665.0,659.2,656.8,655.6,658.4,664.7,657.4,654.8,656.0,658.7,665.2,673.6,660.6,657.9,656.9,662.9,656.5,657.5,660.4,0.602,-0.019,0.259,0.068,321.520,135.488,-14.434,-12.830,-23.376,17.285,-8.011,4.171,5.667,3.804,4.421,4.906,-3.150,-0.113,0.544,-3.628,0.864,-0.742,0.734,-2.017,-0.544,1.359,1.037,0.521,-0.897,0.458,0.289,-0.984,0.255,-0.012,-0.073,-0.063,0.047,-0.017,-0.001,0.071,0.49,0.13,0.91,0.09,0.11,2.85,0.00,0.03,0.00,0.00,0.10,0.05,0.00,0.13,0.12,0.29,0.00,0.00,0.00,1.00,0.00,1.00,1.00,0.00,0.00,0.00,0.00,0.00,0.00,0.00,0.00,0.00,0.00,0.00,0.00
316,0,31.500,0.98,1,-0.138782,0.105632,-0.984673,-0.272889,0.098988,-0.956939,-0.209,0.105,303.3,304.7,307.6,310.2,311.1,309.9,306.8,304.2,300.2,301.6,303.8,306.7,309.8,312.2,313.8,311.6,308.8,305.9,303.4,301.4,306.0,307.1,308.4,309.0,308.6,307.5,306.2,305.6,338.9,340.2,343.1,346.0,347.1,345.8,342.8,339.7,335.9,337.8,340.4,343.7,346.8,349.2,350.6,349.0,346.6,343.8,340.8,338.0,341.6,342.9,344.1,344.7,344.2,343.0,341.7,341.1,108.3,105.5,104.5,105.8,108.7,111.7,112.5,111.2,109.9,107.9,106.6,106.1,106.9,108.7,111.0,111.9,112.1,112.1,111.8,111.1,109.8,110.4,109.9,108.7,107.4,106.9,107.3,108.5,110.4,107.6,106.5,107.9,111.0,113.8,114.8,113.7,112.4,110.3,108.8,108.4,109.2,110.8,113.0,114.0,114.4,114.4,114.0,113.6,112.0,112.7,112.2,111.0,109.6,109.0,109.5,110.7,9.2,11.2,15.4,19.1,20.3,18.6,14.2,10.4,4.6,6.7,9.8,14.1,18.6,22.0,24.3,21.2,17.0,12.9,9.3,6.4,13.1,14.7,16.5,17.4,16.9,15.2,13.4,12.5,58.7,60.6,64.9,68.9,70.4,68.4,64.2,59.8,54.6,57.1,60.7,65.3,69.9,73.5,75.9,73.2,69.5,65.4,61.2,57.3,62.6,64.3,66.2,67.1,66.4,64.7,62.8,61.9,-88.2,-92.3,-93.8,-91.7,-87.3,-82.9,-81.8,-83.9,-86.7,-89.2,-90.6,-91.1,-89.7,-87.3,-84.0,-82.6,-82.2,-82.3,-83.0,-84.4,-86.0,-85.1,-85.7,-87.5,-89.4,-90.3,-89.7,-87.9,-82.1,-86.3,-87.8,-85.9,-81.5,-77.3,-75.8,-77.4,-79.4,-82.2,-84.2,-84.9,-83.8,-82.0,-79.2,-77.4,-76.5,-76.3,-76.8,-77.6,-79.9,-79.1,-79.7,-81.6,-83.5,-84.3,-83.6,-81.8,593.3,593.7,593.0,591.7,590.5,590.2,590.7,592.1,598.5,595.7,592.7,590.5,590.0,590.3,591.1,590.1,589.5,590.1,592.2,595.3,592.7,592.2,591.9,592.0,592.6,593.2,593.5,593.3,571.7,572.8,573.8,573.9,573.1,571.9,571.0,571.1,572.7,571.7,571.0,571.0,572.6,575.1,577.6,574.6,571.9,570.3,570.1,571.2,572.5,572.6,573.0,573.5,573.8,573.8,573.4,572.9,42.3,-55.0,671.8,0.055,0.269,0.086,290.4,289.5,289.8,290.8,292.3,295.5,300.5,307.4,317.3,328.9,340.3,350.9,359.1,364.4,367.5,369.4,370.7,293.6,297.9,304.4,311.1,317.0,331.4,339.3,347.4,354.7,359.5,323.3,321.7,320.1,318.5,312.4,315.7,319.4,323.9,328.1,300.1,304.1,309.5,313.7,308.9,303.5,335.8,340.7,346.4,350.8,346.5,340.8,306.5,311.0,315.8,319.2,323.3,329.3,335.3,329.0,323.0,318.7,314.9,310.4,308.8,315.6,319.1,323.2,332.5,323.1,318.9,315.4,113.9,124.7,135.7,146.4,156.6,165.8,173.4,179.7,182.3,182.6,179.2,173.5,165.5,155.3,143.8,131.8,119.8,101.2,95.8,94.4,95.5,98.5,99.3,96.9,96.9,99.6,105.3,108.6,115.7,122.7,129.9,137.0,138.6,139.9,139.2,138.3,109.9,106.4,106.8,111.1,112.2,112.0,112.5,108.6,109.2,113.0,114.5,114.1,154.7,151.1,149.4,150.7,150.0,152.5,156.4,159.7,160.6,160.6,160.0,158.3,154.7,153.5,154.0,154.0,156.2,155.3,155.3,154.6,-11.8,-13.4,-12.9,-11.1,-8.3,-2.7,5.9,17.5,33.5,52.7,72.8,91.9,106.8,116.1,121.4,124.3,126.6,-5.8,1.5,12.5,23.4,32.9,56.1,69.0,82.3,94.3,102.7,42.8,39.8,36.9,33.9,25.0,30.2,35.9,43.1,49.9,5.2,11.9,20.9,27.9,20.0,10.9,63.9,71.8,81.0,88.4,80.9,71.9,15.8,22.7,30.2,35.6,42.1,51.9,62.2,51.4,41.7,34.7,28.8,21.8,19.3,30.0,35.4,42.1,57.6,41.9,35.2,29.7,-98.6,-79.3,-59.7,-40.6,-22.0,-5.7,7.6,18.0,22.0,22.6,17.2,7.7,-6.0,-23.6,-43.4,-63.9,-84.5,-116.8,-124.7,-125.5,-121.9,-115.9,-113.6,-117.5,-117.7,-113.6,-104.6,-98.5,-85.9,-73.7,-61.5,-51.9,-48.9,-46.6,-47.8,-49.3,-100.5,-105.7,-104.2,-96.7,-95.3,-96.2,-92.9,-99.1,-98.0,-92.0,-89.2,-90.0,-23.6,-29.1,-31.5,-29.3,-30.5,-26.5,-20.6,-14.9,-13.4,-13.5,-14.5,-17.4,-23.5,-25.0,-24.2,-24.1,-20.8,-21.9,-22.0,-23.2,730.9,731.0,731.2,731.3,726.6,716.8,702.7,684.9,674.4,675.6,685.4,695.4,701.4,703.4,702.8,700.5,700.3,703.4,695.1,686.2,676.8,670.4,665.0,664.7,666.5,667.6,670.0,665.8,657.9,649.9,642.0,662.0,657.2,653.6,653.6,654.7,694.1,688.5,684.0,681.6,683.9,688.1,671.6,669.9,668.7,670.4,667.9,669.0,675.7,662.7,656.9,654.5,653.5,656.9,663.8,656.4,653.3,654.3,656.8,663.3,671.6,658.5,655.8,655.0,662.0,654.8,655.6,658.4,0.604,-0.011,0.234,0.087,322.912,135.519,-15.602,-10.461,-21.964,17.905,-7.634,3.552,3.914,4.925,4.642,6.128,-2.257,0.170,1.098,-3.563,1.143,-1.237,0.782,-2.684,-0.156,0.750,0.967,0.758,-1.106,0.540,0.439,-1.185,0.258,0.014,-0.074,-0.077,0.050,-0.033,-0.017,0.056,0.49,0.22,0.78,0.17,0.06,2.93,0.00,0.00,0.00,0.00,0.18,0.05,0.00,0.20,0.00,0.17,0.00,0.00,0.00,1.00,0.00,1.00,1.00,0.00,0.00,0.00,0.00,0.00,0.00,0.00,0.00,0.00,0.00,0.00,0.00
317,0,31.600,0.98,1,-0.135711,0.110646,-0.984551,-0.268051,0.103759,-0.957801,-0.205,0.110,303.5,305.0,307.8,310.5,311.3,310.1,307.0,304.4,300.4,301.8,304.0,307.0,310.1,312.5,314.0,311.9,309.0,306.2,303.6,301.6,306.2,307.4,308.6,309.2,308.9,307.7,306.5,305.9,339.1,340.4,343.4,346.3,347.4,346.0,343.1,340.0,336.1,338.0,340.6,343.9,347.1,349.4,350.9,349.2,346.8,344.0,341.0,338.2,341.8,343.1,344.4,345.0,344.5,343.2,341.9,341.3,108.3,105.5,104.4,105.7,108.6,111.7,112.5,111.1,109.8,107.8,106.6,106.1,106.9,108.7,111.0,111.9,112.1,112.1,111.7,111.1,109.8,110.3,109.9,108.7,107.4,106.8,107.3,108.5,110.5,107.7,106.6,108.1,111.1,114.0,115.0,113.8,112.5,110.4,109.0,108.5,109.4,111.0,113.2,114.2,114.5,114.5,114.1,113.7,112.2,112.8,112.3,111.1,109.8,109.1,109.6,110.8,9.5,11.6,15.7,19.5,20.7,18.9,14.5,10.7,4.9,7.0,10.2,14.4,18.9,22.3,24.7,21.5,17.4,13.3,9.6,6.7,13.4,15.0,16.9,17.8,17.2,15.6,13.8,12.9,58.8,60.8,65.0,69.1,70.5,68.5,64.3,59.9,54.7,57.3,60.8,65.5,70.0,73.7,76.1,73.3,69.6,65.5,61.3,57.5,62.7,64.5,66.3,67.2,66.6,64.8,62.9,62.1,-88.3,-92.4,-93.8,-91.7,-87.3,-82.9,-81.8,-83.9,-86.8,-89.3,-90.6,-91.0,-89.7,-87.2,-84.0,-82.6,-82.2,-82.3,-83.0,-84.5,-86.0,-85.1,-85.7,-87.5,-89.4,-90.3,-89.7,-87.9,-81.7,-85.9,-87.4,-85.4,-81.1,-76.9,-75.4,-77.0,-79.0,-81.8,-83.7,-84.4,-83.4,-81.5,-78.8,-77.0,-76.1,-75.9,-76.4,-77.2,-79.5,-78.6,-79.3,-81.2,-83.1,-83.9,-83.2,-81.4,592.9,593.3,592.6,591.3,590.1,589.8,590.4,591.7,598.0,595.2,592.2,590.1,589.6,590.0,590.8,589.8,589.1,589.8,591.8,594.8,592.4,591.8,591.5,591.7,592.2,592.8,593.1,592.9,570.0,571.2,572.1,572.2,571.5,570.3,569.4,569.4,570.9,570.0,569.3,569.3,570.9,573.5,576.0,573.0,570.3,568.6,568.4,569.5,570.9,570.9,571.3,571.8,572.2,572.1,571.7,571.2,42.5,-55.0,671.9,0.061,0.262,0.092,290.6,289.5,289.8,290.7,292.1,295.2,300.2,307.2,317.2,328.7,340.0,350.6,358.9,364.2,367.5,369.5,370.9,294.0,298.2,304.7,311.4,317.3,331.8,339.7,347.9,355.1,360.0,323.5,321.9,320.3,318.7,312.5,315.8,319.5,324.0,328.3,300.3,304.3,309.7,314.0,309.2,303.7,336.0,341.0,346.7,351.0,346.7,341.1,306.6,311.0,315.8,319.3,323.4,329.4,335.3,329.1,323.2,318.8,315.0,310.5,308.8,315.6,319.1,323.3,332.6,323.2,319.0,315.5,113.6,124.3,135.1,145.7,156.0,165.2,173.1,179.6,182.3,182.7,179.3,173.7,165.8,155.6,144.1,132.1,120.0,101.1,95.7,94.3,95.5,98.5,99.3,96.9,97.0,99.8,105.6,108.7,115.9,122.9,130.2,137.1,138.7,140.0,139.3,138.4,109.8,106.3,106.8,111.1,112.1,111.9,112.6,108.8,109.3,113.2,114.7,114.2,154.6,151.1,149.5,150.8,150.1,152.6,156.4,159.8,160.7,160.7,160.0,158.3,154.7,153.6,154.0,154.1,156.2,155.4,155.3,154.6,-11.5,-13.4,-13.0,-11.3,-8.6,-3.1,5.6,17.2,33.4,52.5,72.4,91.6,106.6,116.1,121.6,124.7,127.0,-5.2,2.0,13.0,23.8,33.3,56.6,69.6,83.1,95.1,103.5,43.2,40.2,37.2,34.2,25.1,30.4,36.1,43.3,50.2,5.6,12.3,21.3,28.4,20.4,11.3,64.3,72.2,81.4,88.8,81.4,72.3,15.8,22.8,30.3,35.7,42.3,52.1,62.4,51.7,41.9,34.9,29.0,21.9,19.5,30.1,35.6,42.2,57.8,42.1,35.4,29.8,-99.1,-80.0,-60.7,-41.7,-23.2,-6.6,7.0,17.8,22.1,22.7,17.4,8.0,-5.6,-23.2,-42.9,-63.5,-84.2,-117.1,-124.8,-125.5,-121.8,-115.8,-113.5,-117.3,-117.5,-113.2,-104.2,-98.3,-85.7,-73.4,-61.1,-51.8,-48.8,-46.5,-47.6,-49.1,-100.7,-105.7,-104.2,-96.7,-95.4,-96.3,-92.8,-98.9,-97.8,-91.8,-89.0,-89.8,-23.8,-29.1,-31.4,-29.2,-30.3,-26.4,-20.5,-14.8,-13.3,-13.4,-14.5,-17.4,-23.6,-24.9,-24.1,-24.0,-20.7,-21.9,-22.0,-23.2,729.9,730.2,730.6,731.0,726.7,717.3,703.4,685.8,675.4,676.8,686.7,696.9,703.0,705.0,704.3,701.9,701.4,703.1,694.8,685.8,676.5,670.1,664.6,664.4,666.5,667.9,670.7,665.7,657.8,649.8,642.0,662.1,657.4,653.8,653.9,655.1,694.1,688.4,684.0,681.6,684.0,688.0,671.7,670.1,668.9,670.7,668.1,669.2,676.0,662.8,657.0,654.7,653.6,657.2,664.3,656.9,653.8,654.8,657.3,663.7,671.8,658.8,656.1,655.3,662.5,655.2,656.0,658.7,0.603,-0.005,0.225,0.093,323.023,135.537,-14.526,-12.087,-21.599,18.856,-7.800,3.396,3.650,5.282,4.453,6.040,-2.330,-0.145,1.203,-3.693,1.695,-0.915,0.461,-2.426,0.066,0.580,0.984,0.810,-1.030,0.510,0.439,-1.117,0.272,-0.019,-0.069,-0.077,0.068,-0.037,-0.018,0.055,0.49,0.22,0.81,0.25,0.08,3.20,0.00,0.00,0.00,0.00,0.33,0.41,0.00,0.14,0.00,0.16,0.00,0.00,0.00,1.00,0.00,1.00,1.00,0.00,0.00,0.00,0.00,0.00,0.00,0.00,0.00,0.00,0.00,0.00,0.00
318,0,31.700,0.98,1,-0.116581,0.096069,-0.988524,-0.253877,0.084048,-0.963578,-0.188,0.092,308.2,309.7,312.7,315.3,316.1,314.7,311.6,309.0,304.9,306.4,308.7,311.8,314.9,317.2,318.7,316.5,313.7,310.8,308.2,306.1,310.9,312.0,313.3,314.0,313.6,312.5,311.2,310.5,343.8,345.2,348.2,351.1,352.1,350.7,347.7,344.6,340.8,342.7,345.4,348.7,351.8,354.1,355.5,353.9,351.5,348.7,345.7,342.8,346.5,347.8,349.1,349.7,349.2,348.0,346.7,346.1,109.3,106.6,105.6,107.0,110.0,113.0,113.7,112.3,110.8,108.9,107.7,107.3,108.3,110.1,112.4,113.2,113.3,113.2,112.8,112.1,110.9,111.6,111.1,109.9,108.7,108.0,108.5,109.7,112.5,109.7,108.7,110.2,113.3,116.2,117.1,115.9,114.5,112.4,111.1,110.7,111.7,113.3,115.4,116.4,116.7,116.6,116.2,115.6,114.3,114.9,114.5,113.2,111.9,111.2,111.7,112.9,16.2,18.4,22.6,26.4,27.4,25.5,21.0,17.3,11.5,13.7,17.0,21.3,25.7,29.0,31.3,28.1,23.9,19.8,16.2,13.2,20.0,21.7,23.5,24.5,24.0,22.4,20.5,19.6,65.1,67.2,71.5,75.5,76.9,74.8,70.5,66.2,61.0,63.6,67.2,71.9,76.4,80.0,82.3,79.5,75.8,71.7,67.5,63.7,69.0,70.7,72.6,73.5,72.9,71.2,69.3,68.4,-86.2,-90.3,-91.6,-89.3,-84.9,-80.5,-79.6,-81.8,-84.9,-87.2,-88.5,-88.7,-87.3,-84.8,-81.5,-80.3,-80.1,-80.3,-81.1,-82.6,-83.8,-82.9,-83.4,-85.2,-87.1,-88.1,-87.5,-85.8,-78.5,-82.7,-84.1,-82.1,-77.7,-73.5,-72.1,-73.8,-76.0,-78.7,-80.4,-81.0,-79.9,-78.0,-75.3,-73.6,-72.8,-72.7,-73.3,-74.2,-76.3,-75.4,-76.0,-77.8,-79.7,-80.6,-80.0,-78.2,589.8,590.2,589.7,588.5,587.2,586.9,587.3,588.5,594.8,592.0,589.1,587.1,586.7,587.1,587.9,586.8,586.1,586.7,588.6,591.6,589.3,588.7,588.5,588.7,589.2,589.8,590.0,589.8,567.5,568.7,569.7,569.9,569.2,568.0,567.0,566.9,568.4,567.4,566.8,566.9,568.6,571.3,573.9,570.8,568.0,566.3,566.0,567.0,568.4,568.5,569.0,569.5,569.8,569.7,569.3,568.7,50.4,-55.2,684.8,0.041,0.238,0.115,294.4,293.4,293.4,293.8,295.2,298.4,303.5,310.6,320.5,331.9,343.1,353.5,361.6,366.9,370.2,372.4,374.1,298.1,302.6,309.5,316.4,322.6,336.7,344.7,352.7,360.0,364.6,328.7,327.2,325.7,324.1,316.9,320.5,324.3,328.9,333.2,304.8,309.0,314.5,318.7,313.8,308.3,340.7,345.8,351.5,355.7,351.3,345.8,309.6,314.8,319.8,323.6,328.1,334.0,340.0,333.5,327.3,322.5,318.5,313.8,311.9,319.4,323.3,327.9,337.2,327.7,323.0,319.2,114.0,124.7,135.5,146.1,156.2,165.1,172.5,178.4,181.1,181.6,178.7,173.6,166.1,156.2,145.1,133.5,121.9,102.5,97.0,95.5,96.8,99.9,101.2,99.0,99.3,102.2,108.2,110.3,117.2,124.1,131.2,137.6,139.3,140.7,140.1,139.4,110.8,107.5,108.2,112.5,113.3,112.9,114.5,110.9,111.6,115.4,116.8,116.2,153.9,150.6,149.3,150.8,150.2,152.8,156.6,159.1,159.5,159.3,158.6,157.0,153.9,153.3,153.9,154.1,156.3,154.4,154.3,153.5,-4.7,-6.7,-6.6,-5.8,-3.3,2.5,11.4,23.2,39.6,58.9,79.2,98.6,113.7,123.4,129.2,132.9,136.0,2.0,9.8,21.4,32.9,42.9,66.2,79.5,93.1,105.6,113.9,52.9,49.7,46.7,43.6,33.0,38.6,44.7,52.2,59.4,13.5,20.7,29.9,36.9,28.6,19.3,73.5,82.0,91.4,98.7,91.1,81.8,21.3,29.4,37.5,43.5,50.9,60.9,71.6,59.9,49.5,41.7,35.2,27.9,25.1,36.9,43.1,50.6,66.8,50.1,42.6,36.5,-100.4,-80.7,-61.0,-41.7,-23.3,-7.0,6.1,16.1,20.3,21.3,16.7,8.1,-5.1,-22.6,-42.2,-62.5,-83.1,-116.7,-125.0,-126.0,-122.2,-115.7,-112.9,-116.6,-116.5,-112.0,-102.4,-97.8,-85.2,-73.1,-60.8,-52.0,-48.8,-46.2,-47.2,-48.6,-100.8,-105.6,-103.9,-96.2,-95.1,-96.2,-91.6,-97.6,-96.3,-90.1,-87.5,-88.5,-25.6,-30.4,-32.4,-29.9,-30.8,-26.7,-20.6,-16.3,-15.5,-15.8,-17.1,-19.9,-25.3,-25.9,-24.7,-24.5,-21.0,-23.8,-24.1,-25.5,744.8,744.2,743.9,743.6,739.1,729.4,715.1,696.9,686.9,689.2,700.5,711.9,718.4,720.8,720.5,719.0,719.7,716.7,708.5,699.4,690.1,683.6,679.5,680.0,682.4,684.4,687.4,679.9,671.8,663.7,655.8,675.9,670.9,667.2,667.6,668.9,706.5,701.0,697.1,694.7,696.7,700.3,686.8,685.6,684.8,686.7,683.8,684.5,689.5,676.3,670.4,668.0,667.2,671.4,679.2,670.0,665.3,666.0,668.6,676.0,685.5,671.8,669.1,668.6,677.0,667.3,667.9,670.8,0.591,-0.023,0.190,0.115,327.201,136.088,-8.810,-9.169,-20.546,12.886,-7.627,5.848,-1.248,3.599,1.868,6.548,-3.856,0.718,1.388,-0.102,0.210,-0.396,1.229,-2.766,-0.138,0.186,0.192,0.391,-1.136,-0.337,0.477,-1.216,0.323,0.060,0.032,-0.032,0.102,-0.007,-0.013,0.033,0.48,0.20,0.80,0.36,0.08,3.11,0.02,0.00,0.00,0.00,0.29,0.59,0.00,0.09,0.00,0.11,0.00,0.00,1.00,1.00,0.00,1.00,1.00,0.00,0.00,0.00,0.00,0.00,0.00,0.00,0.00,0.00,0.00,0.00,0.00
319,0,31.800,0.98,1,-0.108728,0.086714,-0.990282,-0.249919,0.074095,-0.965428,-0.181,0.082,305.8,307.3,310.2,312.8,313.6,312.3,309.2,306.6,302.5,304.0,306.3,309.3,312.4,314.7,316.2,314.1,311.2,308.4,305.8,303.7,308.4,309.6,310.9,311.5,311.2,310.0,308.7,308.1,341.1,342.5,345.4,348.3,349.4,348.0,345.0,341.9,338.1,340.0,342.6,346.0,349.1,351.4,352.8,351.1,348.7,346.0,343.0,340.1,343.8,345.1,346.4,346.9,346.5,345.2,343.9,343.3,108.8,106.1,105.1,106.5,109.4,112.4,113.1,111.7,110.4,108.4,107.2,106.8,107.7,109.5,111.8,112.6,112.7,112.6,112.3,111.6,110.4,111.0,110.6,109.4,108.1,107.5,108.0,109.1,111.7,108.8,107.9,109.3,112.4,115.2,116.2,114.9,113.6,111.6,110.2,109.8,110.7,112.3,114.5,115.5,115.7,115.6,115.2,114.7,113.3,114.0,113.6,112.3,111.0,110.4,110.8,112.0,12.8,15.0,19.2,23.0,24.1,22.2,17.7,13.9,8.0,10.2,13.5,17.9,22.3,25.7,27.9,24.7,20.6,16.5,12.8,9.8,16.6,18.3,20.1,21.1,20.6,18.9,17.1,16.2,61.8,63.8,68.1,72.1,73.5,71.4,67.2,62.8,57.6,60.2,63.8,68.5,73.0,76.6,78.9,76.2,72.5,68.4,64.2,60.3,65.6,67.4,69.3,70.2,69.5,67.8,65.9,65.0,-87.6,-91.6,-93.0,-90.8,-86.4,-82.0,-81.0,-83.2,-86.0,-88.5,-89.8,-90.2,-88.8,-86.3,-83.0,-81.7,-81.5,-81.6,-82.4,-83.8,-85.2,-84.3,-84.8,-86.6,-88.5,-89.5,-88.9,-87.1,-80.3,-84.4,-85.9,-83.9,-79.5,-75.3,-73.9,-75.6,-77.6,-80.4,-82.2,-82.8,-81.7,-79.8,-77.1,-75.3,-74.6,-74.5,-75.0,-75.9,-78.0,-77.1,-77.8,-79.6,-81.5,-82.4,-81.8,-79.9,593.9,594.5,594.0,592.7,591.4,591.0,591.4,592.6,598.9,596.2,593.3,591.3,590.9,591.3,592.1,591.0,590.2,590.8,592.7,595.7,593.4,592.9,592.7,592.9,593.4,594.0,594.2,594.0,571.2,572.5,573.5,573.6,572.8,571.6,570.6,570.6,572.1,571.2,570.5,570.7,572.3,574.9,577.4,574.3,571.5,569.8,569.6,570.7,572.1,572.2,572.6,573.2,573.5,573.4,573.0,572.4,46.5,-56.4,685.4,0.031,0.230,0.112,291.9,290.7,290.7,291.3,292.9,296.4,301.7,308.9,318.8,329.9,340.9,351.1,359.2,364.6,368.0,370.3,372.0,295.9,300.4,307.1,313.9,319.9,334.4,342.5,350.6,357.8,362.4,326.0,324.6,323.1,321.6,314.6,318.1,321.8,326.3,330.5,302.4,306.6,312.1,316.2,311.4,305.8,338.0,343.0,348.7,352.9,348.6,343.0,308.2,313.0,318.0,321.3,325.4,331.2,337.1,330.8,325.0,320.6,316.9,312.3,310.5,317.7,321.2,325.3,334.4,325.2,321.0,317.5,114.1,124.6,135.4,145.9,155.9,164.8,172.2,178.2,180.7,181.1,178.0,172.9,165.5,155.8,144.9,133.5,122.0,102.2,96.9,95.5,96.6,99.5,100.5,98.6,99.0,102.1,108.1,109.6,116.4,123.1,130.0,136.6,138.2,139.5,138.9,138.1,110.4,107.0,107.6,111.9,112.7,112.4,113.7,110.0,110.7,114.5,115.8,115.3,153.1,149.6,148.0,149.3,148.7,151.3,155.2,158.1,158.7,158.6,158.0,156.5,153.1,152.1,152.6,152.6,155.0,153.5,153.5,152.8,-9.3,-11.5,-11.5,-10.3,-7.4,-1.1,8.3,20.4,36.8,55.7,75.4,94.5,109.7,119.6,125.7,129.6,132.7,-2.0,6.0,17.4,28.7,38.5,62.4,76.0,89.9,102.4,110.7,48.5,45.5,42.5,39.5,29.2,34.7,40.6,48.0,55.0,9.3,16.6,25.8,32.8,24.6,15.2,69.2,77.5,87.0,94.4,86.7,77.4,18.9,26.6,34.5,39.9,46.5,56.4,66.9,55.6,45.7,38.6,32.7,25.4,22.6,34.0,39.6,46.4,62.2,46.1,39.3,33.7,-100.5,-81.1,-61.5,-42.2,-23.8,-7.5,5.6,15.7,19.8,20.4,15.4,6.8,-6.2,-23.3,-42.6,-62.8,-83.2,-117.6,-125.4,-126.3,-122.8,-116.8,-114.3,-117.6,-117.5,-112.6,-103.0,-99.1,-86.8,-74.8,-62.8,-53.7,-50.7,-48.3,-49.3,-50.7,-101.8,-106.8,-105.2,-97.5,-96.3,-97.3,-93.3,-99.4,-98.2,-92.0,-89.3,-90.2,-26.9,-32.1,-34.4,-32.2,-33.2,-29.1,-22.9,-17.9,-16.8,-16.9,-18.0,-20.8,-26.7,-27.9,-27.0,-26.9,-23.3,-25.3,-25.5,-26.7,746.7,746.1,745.5,744.6,739.9,730.4,716.5,698.6,688.8,690.9,701.7,712.5,719.3,722.0,722.4,721.2,721.9,718.0,710.0,701.2,692.1,685.4,680.4,681.5,684.6,687.1,690.7,681.2,673.0,664.7,656.6,676.0,671.3,667.7,668.3,669.8,708.5,703.1,699.0,696.5,698.4,702.2,688.4,687.3,686.7,688.6,685.4,686.0,689.8,676.5,670.4,668.3,667.4,671.7,679.9,670.9,666.7,667.5,669.8,676.7,686.0,672.2,669.7,669.1,677.7,668.5,669.0,671.7,0.590,-0.034,0.187,0.111,324.889,135.396,-5.937,-9.037,-18.514,14.138,-6.214,2.865,2.006,3.420,2.903,4.032,-2.941,1.150,1.338,-2.786,3.383,-0.283,0.468,-2.091,0.989,0.666,0.797,0.823,-0.944,0.716,0.220,-0.901,0.352,-0.012,-0.102,-0.115,0.084,-0.025,-0.027,0.063,0.46,0.14,0.88,0.46,0.11,3.14,0.02,0.00,0.00,0.00,0.21,0.64,0.00,0.06,0.00,0.33,0.00,0.00,1.00,1.00,0.00,1.00,1.00,0.00,0.00,0.00,0.00,0.00,0.00,0.00,0.00,0.00,0.00,0.00,0.00
320,0,31.900,0.98,1,-0.123502,0.125867,-0.984330,-0.262946,0.117802,-0.957592,-0.196,0.125,304.2,305.6,308.5,311.2,312.0,310.8,307.7,305.0,300.9,302.4,304.7,307.7,310.8,313.1,314.7,312.6,309.7,306.9,304.3,302.2,306.9,308.0,309.3,309.9,309.5,308.4,307.1,306.5,339.6,340.9,343.9,346.8,347.8,346.5,343.5,340.4,336.6,338.5,341.1,344.4,347.5,349.9,351.4,349.7,347.3,344.5,341.5,338.7,342.3,343.6,344.9,345.4,345.0,343.7,342.4,341.8,109.7,106.9,105.9,107.2,110.1,113.2,113.9,112.6,111.2,109.2,108.0,107.6,108.4,110.2,112.5,113.4,113.5,113.5,113.1,112.4,111.2,111.8,111.3,110.1,108.9,108.3,108.7,109.9,112.2,109.4,108.3,109.8,112.8,115.7,116.7,115.5,114.2,112.1,110.7,110.2,111.1,112.7,114.9,115.9,116.2,116.2,115.8,115.3,113.8,114.5,114.0,112.8,111.5,110.8,111.3,112.5,10.5,12.6,16.7,20.5,21.7,19.9,15.5,11.7,5.8,7.9,11.2,15.5,20.0,23.4,25.7,22.5,18.4,14.3,10.6,7.6,14.3,16.0,17.8,18.7,18.2,16.6,14.7,13.8,59.7,61.7,65.9,70.0,71.4,69.4,65.1,60.8,55.6,58.2,61.7,66.4,70.9,74.6,77.0,74.2,70.5,66.4,62.2,58.3,63.6,65.3,67.2,68.1,67.5,65.7,63.8,63.0,-86.3,-90.4,-91.7,-89.6,-85.2,-80.8,-79.8,-81.9,-84.8,-87.2,-88.6,-88.9,-87.6,-85.1,-81.9,-80.5,-80.2,-80.3,-81.1,-82.5,-84.0,-83.0,-83.7,-85.4,-87.4,-88.3,-87.7,-85.9,-79.6,-83.7,-85.3,-83.3,-78.9,-74.8,-73.2,-74.9,-76.9,-79.7,-81.6,-82.2,-81.2,-79.4,-76.6,-74.8,-74.0,-73.8,-74.3,-75.2,-77.4,-76.5,-77.2,-79.0,-80.9,-81.8,-81.1,-79.3,593.3,593.7,593.2,591.9,590.8,590.5,590.9,592.2,598.4,595.6,592.6,590.6,590.2,590.7,591.5,590.5,589.7,590.3,592.2,595.2,592.9,592.3,592.1,592.3,592.8,593.3,593.6,593.4,571.8,572.9,573.9,574.0,573.2,572.1,571.1,571.2,572.7,571.8,571.0,571.1,572.7,575.2,577.8,574.7,572.0,570.4,570.2,571.3,572.6,572.7,573.1,573.6,573.9,573.9,573.5,573.0,43.9,-52.8,675.6,0.089,0.250,0.091,290.8,289.8,290.1,291.1,292.7,296.0,301.1,308.1,318.0,329.2,340.2,350.6,358.8,364.2,367.5,369.7,371.2,294.4,298.6,305.2,312.0,318.0,332.5,340.7,348.9,356.2,360.8,324.1,322.7,321.3,319.8,313.3,316.8,320.5,324.9,329.1,300.9,305.0,310.4,314.7,309.9,304.4,336.6,341.5,347.2,351.5,347.2,341.6,307.5,311.8,316.8,320.2,324.2,330.3,336.1,330.1,324.1,319.8,316.0,311.3,309.9,316.7,320.1,324.2,333.4,324.1,320.0,316.5,114.1,124.7,135.5,146.0,156.4,166.0,174.3,181.5,184.5,184.6,180.7,174.5,166.3,156.1,144.8,133.0,121.2,102.7,97.4,96.0,97.3,100.3,101.2,99.0,99.3,102.4,108.3,110.6,117.6,124.4,131.6,138.2,139.9,141.2,140.5,139.6,111.2,107.8,108.3,112.6,113.6,113.3,114.3,110.5,111.1,114.9,116.3,115.9,155.9,151.9,150.2,151.5,150.8,153.4,157.7,162.2,163.5,163.5,162.8,160.6,156.0,154.4,154.8,154.9,157.5,157.9,157.9,157.1,-11.1,-12.9,-12.4,-10.7,-7.7,-1.8,7.1,18.9,35.1,54.0,73.5,92.3,107.2,116.7,122.4,125.8,128.3,-4.5,2.8,13.8,24.9,34.6,58.0,71.5,85.2,97.5,105.6,44.4,41.6,38.9,36.1,26.6,32.0,37.8,45.0,51.9,6.6,13.5,22.6,29.6,21.7,12.5,65.4,73.3,82.6,90.0,82.6,73.4,17.5,24.3,32.1,37.4,43.8,54.0,64.2,53.8,43.8,36.9,30.9,23.4,21.4,31.9,37.4,43.9,59.7,43.8,37.2,31.6,-98.5,-79.5,-60.2,-41.3,-22.5,-5.4,9.3,21.2,26.0,26.2,19.9,9.5,-4.6,-22.4,-42.0,-62.3,-82.7,-114.4,-122.0,-122.8,-119.1,-113.1,-110.7,-114.4,-114.4,-109.7,-100.4,-95.6,-83.2,-71.3,-59.2,-50.2,-47.2,-44.8,-45.9,-47.4,-98.6,-103.5,-102.0,-94.4,-93.2,-94.2,-90.5,-96.6,-95.4,-89.5,-86.7,-87.5,-21.9,-27.9,-30.5,-28.3,-29.4,-25.2,-18.6,-11.1,-8.8,-8.9,-10.0,-13.8,-21.6,-23.7,-22.9,-22.8,-18.8,-18.0,-18.0,-19.3,731.7,732.4,733.1,733.5,729.8,721.5,709.6,693.1,683.1,684.3,693.3,702.5,707.8,709.1,708.3,706.1,705.5,704.0,695.7,686.7,677.8,671.9,666.6,667.0,669.6,671.8,675.5,667.8,660.3,652.8,645.3,665.3,660.7,657.4,657.6,658.9,695.7,690.1,685.9,683.7,686.1,690.0,674.7,673.1,672.2,674.3,671.6,672.4,680.9,666.9,660.5,658.3,657.2,661.4,669.7,662.6,659.5,660.6,662.9,669.2,677.0,662.9,660.3,659.5,668.1,660.3,661.2,663.8,0.600,0.026,0.209,0.093,323.719,137.003,-17.007,-10.667,-15.480,20.422,-7.650,-2.401,4.690,4.119,6.229,3.464,-3.202,0.489,0.972,-3.775,3.112,-1.000,0.811,-2.691,1.285,0.490,1.035,0.892,-0.512,0.824,0.251,-0.995,0.551,0.017,-0.047,-0.106,0.060,-0.048,0.008,0.049,0.36,0.14,0.88,0.57,0.15,3.04,0.02,0.00,0.00,0.00,0.00,0.38,0.00,0.04,0.00,0.63,0.00,0.00,1.00,1.00,0.00,1.00,1.00,0.00,0.00,0.00,0.00,0.00,0.00,0.00,0.00,0.00,0.00,0.00,0.00
321,0,32.000,0.98,1,-0.126816,0.123344,-0.984228,-0.263480,0.115676,-0.957704,-0.198,0.122,304.1,305.6,308.4,311.1,311.9,310.7,307.6,305.0,300.9,302.4,304.7,307.6,310.7,313.1,314.6,312.5,309.7,306.8,304.3,302.2,306.8,308.0,309.2,309.8,309.5,308.3,307.1,306.5,339.5,340.8,343.8,346.6,347.7,346.3,343.4,340.3,336.5,338.4,341.0,344.3,347.4,349.7,351.2,349.5,347.1,344.3,341.3,338.5,342.2,343.4,344.7,345.3,344.8,343.6,342.3,341.7,109.6,106.9,105.9,107.2,110.1,113.1,113.9,112.5,111.1,109.2,108.0,107.5,108.4,110.1,112.5,113.3,113.5,113.5,113.1,112.4,111.2,111.7,111.3,110.1,108.8,108.2,108.7,109.9,112.2,109.3,108.3,109.8,112.8,115.6,116.6,115.4,114.1,112.0,110.6,110.2,111.1,112.7,114.8,115.8,116.2,116.1,115.8,115.3,113.8,114.4,114.0,112.7,111.4,110.8,111.2,112.5,10.4,12.5,16.7,20.5,21.7,19.9,15.4,11.6,5.8,7.9,11.2,15.4,19.9,23.3,25.6,22.5,18.3,14.2,10.6,7.6,14.3,16.0,17.8,18.7,18.2,16.5,14.7,13.8,59.8,61.8,66.0,70.1,71.5,69.5,65.2,60.9,55.7,58.2,61.8,66.4,71.0,74.6,77.0,74.2,70.5,66.4,62.2,58.4,63.6,65.4,67.3,68.2,67.5,65.8,63.9,63.0,-86.6,-90.7,-92.0,-89.9,-85.5,-81.1,-80.1,-82.2,-85.1,-87.6,-88.9,-89.3,-87.9,-85.5,-82.2,-80.8,-80.5,-80.6,-81.3,-82.8,-84.3,-83.4,-84.0,-85.7,-87.7,-88.6,-88.0,-86.2,-80.0,-84.2,-85.7,-83.7,-79.3,-75.2,-73.6,-75.3,-77.3,-80.1,-82.0,-82.6,-81.6,-79.7,-77.0,-75.2,-74.4,-74.2,-74.7,-75.6,-77.8,-76.9,-77.6,-79.4,-81.3,-82.2,-81.5,-79.7,595.1,595.5,594.9,593.6,592.5,592.2,592.7,594.0,600.2,597.4,594.4,592.4,591.9,592.4,593.2,592.2,591.5,592.1,594.0,597.0,594.6,594.1,593.8,594.0,594.5,595.0,595.3,595.1,574.3,575.4,576.3,576.5,575.7,574.5,573.6,573.7,575.2,574.3,573.5,573.6,575.2,577.7,580.2,577.2,574.5,572.9,572.7,573.8,575.1,575.2,575.6,576.1,576.4,576.4,576.0,575.4,43.8,-52.6,673.4,0.083,0.254,0.087,290.8,289.9,290.2,291.2,292.8,296.1,301.2,308.3,318.2,329.6,340.7,351.0,359.1,364.3,367.6,369.6,371.0,294.4,298.6,305.2,312.1,318.1,332.3,340.4,348.7,355.9,360.4,324.1,322.7,321.3,319.8,313.3,316.8,320.5,324.9,329.1,300.9,304.9,310.4,314.6,309.8,304.3,336.4,341.3,347.0,351.3,347.0,341.4,307.6,311.9,316.8,320.2,324.2,330.3,336.1,330.1,324.1,319.8,316.0,311.3,309.9,316.7,320.1,324.2,333.3,324.1,320.0,316.5,114.2,125.0,135.9,146.6,157.0,166.5,174.9,181.9,184.9,184.9,180.8,174.5,166.2,155.9,144.6,132.9,121.1,102.6,97.1,95.6,96.8,99.9,100.8,98.6,98.9,102.0,108.1,110.4,117.4,124.3,131.4,138.2,139.8,141.2,140.5,139.6,111.2,107.7,108.3,112.6,113.5,113.3,114.2,110.4,111.1,114.8,116.3,115.8,156.1,152.0,150.2,151.5,150.7,153.5,157.8,162.3,163.6,163.6,163.0,160.8,156.1,154.4,154.9,154.9,157.6,158.0,158.0,157.3,-11.1,-12.8,-12.3,-10.5,-7.4,-1.5,7.3,19.1,35.3,54.4,73.9,92.6,107.2,116.4,121.9,125.1,127.5,-4.4,2.8,13.8,25.0,34.6,57.5,70.8,84.6,96.7,104.6,44.3,41.5,38.7,35.9,26.5,31.9,37.7,44.8,51.7,6.5,13.3,22.4,29.4,21.5,12.4,65.0,72.9,82.1,89.4,82.1,72.9,17.6,24.2,32.0,37.3,43.6,53.8,63.9,53.5,43.6,36.7,30.8,23.4,21.3,31.9,37.3,43.8,59.3,43.7,37.1,31.6,-98.0,-78.8,-59.4,-40.2,-21.4,-4.3,10.1,21.8,26.5,26.5,20.0,9.5,-4.8,-22.6,-42.2,-62.2,-82.5,-114.3,-122.2,-123.3,-119.6,-113.5,-111.1,-114.8,-114.8,-109.9,-100.5,-95.6,-83.2,-71.3,-59.3,-50.0,-47.1,-44.7,-45.8,-47.4,-98.3,-103.3,-101.7,-94.2,-93.0,-94.0,-90.3,-96.3,-95.2,-89.2,-86.5,-87.3,-21.5,-27.7,-30.4,-28.2,-29.3,-25.1,-18.4,-10.9,-8.7,-8.7,-9.8,-13.5,-21.3,-23.6,-22.8,-22.7,-18.6,-17.7,-17.7,-19.0,730.4,731.2,731.7,732.0,727.9,719.2,706.9,690.4,680.5,681.6,690.4,699.5,704.6,706.0,705.2,703.2,702.7,702.0,693.9,684.9,675.9,670.2,665.0,665.3,667.8,669.8,673.2,666.1,658.5,650.9,643.3,663.1,658.6,655.2,655.4,656.7,693.5,687.9,683.7,681.5,683.9,687.8,672.8,671.1,670.2,672.2,669.5,670.4,678.1,664.3,658.0,655.9,654.8,658.9,667.3,660.1,657.0,658.0,660.2,666.3,674.3,660.4,657.8,657.1,665.6,657.9,658.7,661.2,0.602,0.020,0.215,0.089,323.716,137.004,-17.715,-8.309,-16.347,20.916,-8.278,-2.770,5.596,4.134,5.163,4.125,-3.592,0.320,0.828,-3.833,2.798,-1.550,0.642,-3.212,1.369,0.781,0.968,0.997,-0.510,0.690,0.220,-0.991,0.494,0.041,-0.068,-0.114,0.054,-0.058,0.002,0.049,0.29,0.09,0.84,0.49,0.22,3.03,0.04,0.00,0.00,0.00,0.00,0.17,0.00,0.05,0.00,0.63,0.00,0.00,1.00,1.00,0.00,1.00,1.00,0.00,0.00,0.00,0.00,0.00,0.00,0.00,0.00,0.00,0.00,0.00,0.00
322,0,32.100,0.98,1,-0.101676,0.093283,-0.990434,-0.244965,0.088115,-0.965519,-0.175,0.092,303.9,305.3,308.2,310.9,311.8,310.6,307.5,304.8,300.6,302.1,304.4,307.4,310.6,312.9,314.5,312.4,309.6,306.7,304.1,301.9,306.6,307.8,309.1,309.7,309.3,308.1,306.8,306.2,339.4,340.7,343.6,346.6,347.8,346.5,343.6,340.4,336.5,338.3,340.9,344.3,347.4,349.8,351.3,349.6,347.3,344.5,341.5,338.6,342.2,343.5,344.8,345.3,344.8,343.5,342.2,341.7,109.8,107.0,105.9,107.2,110.0,113.1,113.9,112.6,111.4,109.4,108.2,107.6,108.4,110.1,112.3,113.2,113.4,113.4,113.1,112.6,111.3,111.8,111.3,110.1,108.9,108.3,108.8,110.0,111.3,108.4,107.3,108.6,111.6,114.6,115.6,114.5,113.3,111.2,109.7,109.2,110.0,111.5,113.7,114.7,115.0,115.0,114.7,114.3,112.8,113.4,113.0,111.7,110.4,109.8,110.3,111.5,10.0,12.1,16.2,20.1,21.4,19.7,15.2,11.3,5.2,7.4,10.7,15.1,19.6,23.0,25.4,22.3,18.2,14.0,10.3,7.2,14.0,15.7,17.5,18.4,17.8,16.1,14.3,13.4,59.1,60.9,65.2,69.3,70.9,69.0,64.7,60.3,55.0,57.5,61.1,65.7,70.3,73.9,76.4,73.7,70.0,65.9,61.7,57.8,63.0,64.8,66.7,67.5,66.8,65.0,63.2,62.3,-86.0,-90.1,-91.6,-89.6,-85.3,-80.8,-79.6,-81.6,-84.3,-86.8,-88.2,-88.7,-87.5,-85.2,-82.0,-80.6,-80.3,-80.3,-80.9,-82.2,-83.8,-82.9,-83.6,-85.4,-87.3,-88.2,-87.5,-85.7,-80.4,-84.6,-86.3,-84.4,-80.1,-75.8,-74.2,-75.7,-77.6,-80.4,-82.4,-83.1,-82.2,-80.5,-77.9,-76.1,-75.2,-74.9,-75.3,-76.0,-78.3,-77.5,-78.2,-80.0,-81.9,-82.8,-82.0,-80.2,592.4,593.0,592.6,591.4,590.1,589.6,589.9,591.1,597.2,594.6,591.8,589.9,589.5,590.1,590.9,589.7,588.8,589.3,591.1,594.1,592.0,591.4,591.3,591.5,592.1,592.6,592.8,592.5,568.0,569.2,570.2,570.4,569.6,568.4,567.4,567.3,568.8,567.9,567.3,567.4,569.1,571.7,574.2,571.1,568.3,566.6,566.4,567.4,568.9,568.9,569.4,569.9,570.3,570.2,569.8,569.2,44.6,-55.5,682.6,0.046,0.220,0.083,290.3,289.2,289.4,290.3,292.1,295.6,301.1,308.4,318.3,329.4,340.2,350.4,358.7,364.2,367.5,369.6,371.0,293.9,298.2,304.8,311.7,317.7,332.3,340.4,348.5,355.9,360.7,324.0,322.9,321.7,320.4,313.6,317.2,321.0,325.6,329.8,300.5,304.7,310.2,314.5,309.7,304.2,336.4,341.3,347.0,351.4,347.2,341.5,307.4,312.2,317.4,320.9,325.2,331.4,337.5,331.3,325.1,320.6,316.6,311.7,309.8,317.2,320.8,325.1,334.9,325.0,320.7,316.9,115.4,125.7,136.1,146.4,156.3,165.3,172.9,179.3,182.0,182.2,178.8,173.3,165.6,155.6,144.2,132.3,120.4,103.1,97.7,96.1,96.9,99.6,100.0,97.7,97.8,100.8,106.7,109.7,116.5,123.2,130.1,137.0,138.5,139.7,138.9,138.1,111.4,107.9,108.3,112.5,113.4,113.3,113.4,109.5,110.0,113.6,115.1,114.8,154.0,150.1,148.3,149.5,148.7,151.2,155.2,159.4,160.7,160.7,160.1,158.2,154.0,152.4,152.8,152.8,155.1,155.2,155.3,154.6,-12.2,-14.1,-13.7,-12.1,-8.8,-2.5,7.1,19.5,35.9,54.7,74.0,92.9,108.3,118.5,124.4,127.9,130.5,-5.4,2.1,13.3,24.8,34.6,58.5,72.1,86.0,98.7,107.3,44.9,42.5,40.0,37.6,27.4,33.0,39.2,46.6,53.6,6.0,13.1,22.5,29.8,21.7,12.3,66.1,74.2,83.7,91.4,83.8,74.5,17.6,25.1,33.3,39.0,45.9,56.4,67.3,56.2,45.8,38.4,32.1,24.3,21.5,33.1,38.9,45.9,62.7,45.7,38.7,32.8,-97.1,-78.4,-59.5,-40.9,-22.8,-6.6,6.9,17.7,21.9,22.3,16.9,7.6,-5.9,-23.7,-43.8,-64.7,-85.8,-115.3,-123.4,-124.7,-121.7,-116.1,-114.4,-118.5,-118.8,-114.2,-104.8,-98.5,-86.2,-74.3,-62.3,-52.8,-50.0,-47.7,-49.0,-50.5,-99.5,-104.7,-103.5,-96.1,-94.8,-95.5,-93.3,-99.6,-98.7,-92.9,-90.1,-90.6,-25.4,-31.3,-33.9,-31.8,-33.1,-29.1,-22.9,-15.8,-13.6,-13.5,-14.5,-17.9,-25.2,-27.2,-26.4,-26.5,-23.0,-22.5,-22.4,-23.6,739.3,738.5,738.2,738.4,735.0,726.8,714.2,697.1,687.2,688.9,699.1,709.8,716.6,719.5,720.0,719.0,719.6,714.4,706.5,697.8,688.7,682.5,677.2,678.1,681.2,683.7,687.1,678.0,670.0,661.8,653.9,673.1,668.4,665.0,665.7,667.3,705.5,700.0,696.0,693.5,695.6,699.3,684.8,683.8,683.1,684.9,681.8,682.5,688.3,674.3,667.7,665.3,664.3,668.8,677.5,669.1,664.8,665.9,668.4,675.6,684.5,669.7,667.0,666.1,675.7,666.3,667.2,670.0,0.593,-0.017,0.176,0.083,323.856,135.762,-13.018,-17.103,-13.583,16.528,-6.805,-0.236,2.036,4.207,3.211,4.563,-3.262,0.625,1.403,-2.896,2.682,-0.425,0.589,-2.927,0.725,0.470,1.055,0.665,-0.719,0.972,0.367,-0.986,0.400,-0.009,-0.057,-0.097,0.057,-0.038,-0.005,0.055,0.22,0.03,0.70,0.48,0.27,2.94,0.06,0.00,0.00,0.00,0.00,0.09,0.00,0.01,0.00,0.31,0.00,0.00,1.00,1.00,0.00,1.00,1.00,0.00,0.00,0.00,0.00,0.00,0.00,0.00,0.00,0.00,0.00,0.00,0.00
323,0,32.200,0.98,1,-0.100179,0.096984,-0.990231,-0.244293,0.091859,-0.965341,-0.174,0.096,303.9,305.2,308.1,310.8,311.8,310.6,307.5,304.8,300.5,302.0,304.3,307.4,310.5,312.9,314.5,312.4,309.6,306.7,304.0,301.9,306.6,307.8,309.0,309.6,309.2,308.0,306.8,306.2,339.5,340.7,343.7,346.6,347.8,346.5,343.6,340.4,336.5,338.4,341.0,344.3,347.4,349.8,351.3,349.7,347.3,344.5,341.5,338.6,342.2,343.5,344.8,345.3,344.8,343.5,342.3,341.7,109.8,107.0,105.9,107.2,110.0,113.1,113.9,112.7,111.4,109.4,108.2,107.6,108.4,110.1,112.4,113.2,113.4,113.4,113.2,112.6,111.3,111.8,111.3,110.1,108.9,108.3,108.8,110.0,111.3,108.3,107.3,108.6,111.6,114.5,115.6,114.5,113.3,111.2,109.7,109.2,110.0,111.5,113.6,114.6,115.0,115.0,114.7,114.3,112.8,113.4,113.0,111.7,110.4,109.8,110.2,111.5,10.0,12.0,16.2,20.0,21.3,19.6,15.2,11.3,5.1,7.3,10.6,15.0,19.5,23.0,25.3,22.2,18.1,13.9,10.2,7.1,13.9,15.6,17.4,18.3,17.7,16.0,14.2,13.3,59.0,60.9,65.1,69.3,70.8,68.9,64.7,60.3,55.0,57.5,61.1,65.7,70.3,73.9,76.4,73.7,70.0,65.9,61.7,57.8,63.0,64.8,66.7,67.5,66.8,65.0,63.1,62.3,-86.0,-90.1,-91.6,-89.6,-85.2,-80.8,-79.6,-81.6,-84.3,-86.8,-88.2,-88.7,-87.5,-85.2,-82.0,-80.6,-80.2,-80.2,-80.9,-82.1,-83.8,-82.9,-83.5,-85.3,-87.2,-88.1,-87.5,-85.7,-80.3,-84.5,-86.2,-84.3,-80.0,-75.8,-74.1,-75.7,-77.6,-80.4,-82.3,-83.1,-82.2,-80.5,-77.8,-76.0,-75.1,-74.9,-75.3,-75.9,-78.2,-77.4,-78.1,-80.0,-81.9,-82.7,-82.0,-80.1,592.3,592.9,592.5,591.3,590.0,589.6,589.9,591.0,597.1,594.5,591.7,589.8,589.5,590.0,590.8,589.6,588.8,589.2,591.0,594.0,591.9,591.4,591.2,591.4,592.0,592.5,592.7,592.4,567.5,568.8,569.8,570.0,569.2,568.0,567.0,566.9,568.4,567.5,566.9,567.0,568.7,571.3,573.8,570.7,567.9,566.2,566.0,567.0,568.5,568.5,569.0,569.5,569.9,569.8,569.3,568.8,44.7,-55.6,683.1,0.052,0.219,0.081,290.2,289.2,289.3,290.3,292.0,295.6,301.1,308.5,318.4,329.5,340.3,350.5,358.8,364.3,367.5,369.6,371.0,293.8,298.1,304.7,311.6,317.7,332.2,340.4,348.6,355.9,360.7,324.0,322.9,321.7,320.5,313.6,317.2,321.1,325.6,329.8,300.4,304.6,310.1,314.5,309.7,304.1,336.4,341.3,347.1,351.5,347.2,341.5,307.5,312.3,317.4,320.9,325.2,331.4,337.5,331.3,325.2,320.6,316.7,311.7,309.9,317.2,320.8,325.1,334.9,325.0,320.7,317.0,115.4,125.6,136.0,146.2,156.1,165.0,172.7,179.2,181.9,182.0,178.6,173.1,165.3,155.3,143.9,132.1,120.2,103.2,97.8,96.1,97.0,99.7,100.1,97.7,97.8,100.8,106.8,109.8,116.6,123.2,130.1,137.0,138.5,139.7,138.9,138.1,111.4,107.9,108.3,112.5,113.4,113.3,113.4,109.5,110.0,113.6,115.1,114.8,153.9,150.1,148.3,149.5,148.7,151.2,155.2,159.4,160.6,160.7,160.1,158.2,154.0,152.4,152.8,152.8,155.1,155.2,155.3,154.6,-12.4,-14.2,-13.9,-12.2,-8.9,-2.5,7.1,19.6,36.1,54.9,74.2,93.1,108.6,118.7,124.6,128.1,130.6,-5.6,1.9,13.2,24.7,34.6,58.5,72.1,86.1,98.8,107.4,44.9,42.5,40.1,37.6,27.4,33.1,39.3,46.6,53.7,5.9,13.1,22.4,29.8,21.6,12.2,66.1,74.3,83.8,91.5,83.9,74.5,17.7,25.3,33.4,39.1,45.9,56.5,67.3,56.3,45.9,38.5,32.2,24.4,21.7,33.2,39.0,45.9,62.8,45.8,38.8,32.9,-97.2,-78.6,-59.8,-41.3,-23.3,-7.1,6.5,17.4,21.7,22.0,16.5,7.1,-6.4,-24.2,-44.3,-65.1,-86.2,-115.2,-123.3,-124.6,-121.6,-116.0,-114.4,-118.5,-118.9,-114.2,-104.8,-98.4,-86.1,-74.3,-62.3,-52.9,-50.0,-47.8,-49.1,-50.6,-99.6,-104.8,-103.5,-96.1,-94.8,-95.5,-93.3,-99.7,-98.8,-93.0,-90.1,-90.7,-25.4,-31.3,-33.9,-31.8,-33.0,-29.1,-23.0,-15.8,-13.6,-13.5,-14.5,-17.9,-25.2,-27.2,-26.4,-26.5,-23.1,-22.5,-22.5,-23.6,739.5,738.8,738.6,738.9,735.5,727.4,715.0,698.0,688.1,689.9,700.0,710.7,717.4,720.3,720.8,719.8,720.3,714.7,706.7,697.9,688.9,682.6,677.4,678.3,681.4,683.9,687.5,678.2,670.2,662.2,654.3,673.5,668.9,665.6,666.2,667.8,705.8,700.3,696.2,693.8,695.9,699.6,685.1,684.0,683.4,685.2,682.2,682.8,688.7,674.9,668.2,665.9,664.8,669.4,678.1,669.8,665.5,666.6,669.1,676.2,685.0,670.3,667.5,666.7,676.3,667.0,667.9,670.6,0.592,-0.012,0.174,0.082,323.863,135.718,-12.428,-17.355,-13.808,16.273,-6.605,-0.726,1.725,3.816,3.555,4.698,-3.216,0.528,1.568,-2.922,2.661,-0.482,0.613,-2.823,0.776,0.529,0.988,0.673,-0.642,0.970,0.376,-0.995,0.419,-0.011,-0.057,-0.099,0.053,-0.037,-0.005,0.056,0.13,0.03,0.63,0.29,0.35,2.84,0.20,0.00,0.00,0.00,0.00,0.00,0.00,0.01,0.00,0.00,0.00,0.00,1.00,1.00,0.00,1.00,1.00,0.00,0.00,0.00,0.00,0.00,0.00,0.00,0.00,0.00,0.00,0.00,0.00
324,0,32.300,0.98,1,-0.123364,0.100945,-0.987214,-0.275920,0.103310,-0.955612,-0.203,0.105,298.5,299.6,302.4,305.0,306.1,305.2,302.3,299.6,295.4,296.7,298.8,301.7,304.8,307.2,308.9,306.9,304.2,301.4,298.9,296.8,301.2,302.4,303.6,304.1,303.6,302.4,301.3,300.7,333.4,334.5,337.3,340.3,341.7,340.6,337.8,334.6,330.7,332.4,334.8,338.0,341.2,343.7,345.5,343.8,341.4,338.6,335.6,332.8,336.3,337.6,338.8,339.3,338.7,337.4,336.2,335.7,112.1,109.3,108.1,109.1,111.8,114.8,115.8,114.8,113.9,112.0,110.6,109.9,110.4,111.8,113.8,114.7,115.1,115.3,115.3,114.9,113.3,113.8,113.2,112.0,110.8,110.4,110.9,112.2,110.8,107.8,106.5,107.7,110.5,113.5,114.8,113.9,113.0,110.8,109.2,108.5,109.1,110.3,112.2,113.3,113.8,114.0,113.9,113.8,112.1,112.6,112.0,110.8,109.5,109.0,109.6,110.9,2.2,4.0,8.1,12.1,13.7,12.3,7.9,3.9,-2.5,-0.5,2.7,7.0,11.6,15.2,17.8,14.8,10.7,6.5,2.8,-0.3,6.3,8.1,9.9,10.6,9.9,8.2,6.4,5.6,51.7,53.3,57.4,61.7,63.5,61.9,57.7,53.2,47.9,50.2,53.5,58.1,62.7,66.6,69.4,66.7,62.9,58.8,54.6,50.7,55.8,57.7,59.5,60.2,59.4,57.5,55.7,55.0,-85.6,-89.9,-91.7,-90.0,-85.7,-81.1,-79.6,-81.4,-83.5,-86.1,-87.8,-88.6,-87.8,-85.7,-82.8,-81.3,-80.6,-80.3,-80.6,-81.6,-83.7,-82.9,-83.7,-85.6,-87.4,-88.2,-87.4,-85.5,-82.6,-87.0,-88.9,-87.3,-83.1,-78.7,-76.8,-78.1,-79.7,-82.5,-84.7,-85.7,-85.1,-83.7,-81.3,-79.4,-78.3,-77.8,-77.9,-78.3,-80.8,-80.1,-80.9,-82.8,-84.7,-85.4,-84.5,-82.6,613.8,614.5,614.1,612.8,611.5,610.9,611.2,612.5,618.7,616.0,613.2,611.3,610.9,611.4,612.1,610.9,610.1,610.6,612.5,615.5,613.3,612.8,612.6,612.9,613.5,614.0,614.2,613.9,578.9,580.1,580.9,580.8,580.0,578.8,577.9,578.2,579.9,578.9,578.1,578.0,579.4,581.8,584.3,581.2,578.6,577.1,577.1,578.4,579.6,579.6,579.9,580.4,580.8,580.8,580.5,580.0,37.9,-55.4,685.5,0.049,0.272,0.011,286.2,285.8,286.7,288.3,290.8,295.0,300.7,308.0,317.9,329.1,340.1,350.2,358.2,363.1,365.5,366.8,367.5,288.4,292.5,298.8,305.4,311.4,324.9,333.2,341.8,349.8,355.5,317.7,316.8,315.7,314.7,308.9,312.4,316.2,320.7,325.0,295.3,299.1,304.4,308.9,304.2,298.9,330.5,335.2,340.8,345.6,341.2,335.7,304.3,308.4,313.1,316.7,320.8,327.4,334.2,327.7,321.5,317.0,313.1,308.5,306.6,313.2,316.8,321.1,331.5,321.1,316.8,313.1,118.4,128.8,139.4,149.7,159.4,167.8,174.5,179.7,181.4,180.7,176.8,170.8,162.8,152.5,141.1,129.2,117.3,106.4,101.0,99.1,99.4,101.5,100.5,97.6,97.2,99.7,105.3,110.4,117.1,123.6,130.5,137.8,139.0,139.9,138.9,137.8,114.0,110.4,110.3,113.9,115.1,115.4,113.1,109.0,109.1,112.2,113.9,114.0,154.9,150.8,148.6,149.6,148.5,150.6,154.0,157.9,159.4,159.8,159.5,158.2,154.7,152.7,152.8,152.5,154.0,154.0,154.4,154.1,-19.7,-20.4,-18.9,-15.9,-11.3,-3.6,6.6,18.9,35.2,54.2,73.8,92.5,107.3,116.3,120.7,122.7,124.1,-15.1,-7.9,3.1,14.3,24.1,46.4,60.3,74.8,88.5,98.5,34.5,32.6,30.5,28.5,19.7,25.3,31.4,38.8,45.9,-3.0,3.7,12.7,20.4,12.4,3.3,56.4,64.1,73.4,81.6,73.9,64.8,12.4,19.0,26.5,32.2,38.9,49.9,61.7,50.3,40.0,32.7,26.5,19.1,16.1,26.8,32.5,39.5,57.1,39.4,32.4,26.6,-92.8,-73.6,-54.1,-35.3,-17.5,-2.1,9.7,18.4,20.9,19.7,13.3,3.2,-10.9,-29.0,-49.1,-70.0,-91.0,-110.6,-118.7,-120.4,-118.2,-113.4,-113.8,-118.7,-119.9,-116.2,-107.3,-97.7,-85.6,-73.9,-62.0,-51.8,-49.4,-47.6,-49.3,-51.2,-95.9,-101.3,-100.8,-94.3,-92.5,-92.5,-94.1,-100.7,-100.4,-95.3,-92.1,-92.1,-23.9,-30.3,-33.5,-31.8,-33.5,-30.3,-25.0,-18.2,-15.7,-15.1,-15.6,-17.9,-24.1,-26.9,-26.5,-27.0,-24.8,-24.5,-24.0,-24.6,748.1,746.9,746.2,745.8,741.6,732.5,718.0,699.3,688.4,689.5,699.3,708.8,715.0,717.7,718.3,717.5,718.5,721.2,712.5,703.0,693.0,685.4,678.2,678.7,681.4,683.9,687.8,680.2,672.6,664.7,657.1,676.3,671.5,667.6,667.9,669.1,711.2,705.4,700.8,697.7,700.0,704.3,686.2,684.7,683.5,684.7,682.1,683.3,692.4,677.8,670.6,667.8,666.3,670.1,677.9,669.7,666.2,667.8,670.8,679.0,688.2,672.4,669.3,668.0,676.4,667.7,669.1,672.4,0.591,-0.016,0.243,0.012,319.743,135.944,-5.158,-15.397,-13.682,10.226,-5.439,0.308,1.049,0.659,3.181,3.567,-1.269,-0.301,0.445,-2.258,2.930,2.872,-0.071,-1.823,0.323,-0.091,1.374,0.916,-0.034,1.209,0.018,-0.752,0.391,-0.103,-0.016,-0.096,0.085,-0.013,-0.004,0.062,0.06,0.00,0.95,0.16,0.40,2.90,0.16,0.00,0.00,0.00,0.00,0.00,0.00,0.00,0.41,0.08,0.11,0.00,0.00,1.00,0.00,1.00,0.00,0.00,0.00,0.00,0.00,0.00,0.00,0.00,0.00,0.00,0.00,0.00,0.00
325,0,32.400,0.98,1,-0.153424,0.118575,-0.981020,-0.303729,0.125941,-0.944398,-0.233,0.126,295.1,296.1,298.7,301.3,302.5,301.7,298.9,296.2,292.2,293.4,295.4,298.1,301.2,303.5,305.3,303.4,300.7,298.0,295.6,293.6,297.8,299.0,300.1,300.5,300.0,298.9,297.7,297.3,329.4,330.4,333.2,336.1,337.5,336.6,333.8,330.6,326.8,328.3,330.6,333.8,337.0,339.6,341.4,339.8,337.4,334.6,331.6,328.9,332.3,333.6,334.8,335.2,334.6,333.3,332.1,331.7,113.3,110.6,109.3,110.2,112.8,115.7,116.8,115.9,115.3,113.3,111.8,110.9,111.3,112.7,114.7,115.7,116.1,116.5,116.5,116.2,114.4,114.8,114.3,113.1,111.9,111.5,112.1,113.3,110.9,107.9,106.6,107.6,110.4,113.3,114.7,113.9,113.2,110.9,109.2,108.4,108.9,110.1,112.0,113.1,113.7,114.0,114.0,114.0,112.1,112.6,112.0,110.7,109.5,109.0,109.6,110.9,-2.9,-1.4,2.6,6.7,8.4,7.2,2.9,-1.2,-7.5,-5.6,-2.5,1.7,6.4,10.0,12.7,9.8,5.7,1.6,-2.2,-5.3,1.2,3.0,4.7,5.4,4.7,2.9,1.1,0.5,46.5,48.0,52.0,56.3,58.2,56.7,52.7,48.2,42.9,44.9,48.2,52.7,57.4,61.3,64.2,61.5,57.8,53.7,49.5,45.7,50.7,52.5,54.3,54.9,54.1,52.2,50.5,49.8,-85.6,-89.9,-91.9,-90.3,-86.2,-81.5,-79.9,-81.4,-83.2,-86.1,-87.9,-89.0,-88.3,-86.3,-83.3,-81.6,-80.9,-80.4,-80.6,-81.4,-83.8,-83.2,-84.0,-85.9,-87.7,-88.4,-87.6,-85.7,-83.4,-87.7,-89.8,-88.3,-84.2,-79.8,-77.8,-78.9,-80.2,-83.3,-85.6,-86.8,-86.3,-84.9,-82.5,-80.4,-79.2,-78.6,-78.6,-78.9,-81.7,-81.0,-81.9,-83.8,-85.6,-86.3,-85.4,-83.5,627.7,628.3,627.8,626.5,625.2,624.7,625.0,626.3,632.6,629.9,627.1,625.2,624.7,625.1,625.8,624.6,623.9,624.4,626.3,629.3,627.1,626.6,626.4,626.6,627.2,627.8,628.0,627.7,585.2,586.4,587.1,586.9,586.0,584.8,584.1,584.4,586.4,585.3,584.4,584.2,585.5,587.8,590.1,587.1,584.6,583.2,583.4,584.7,585.8,585.7,586.0,586.5,587.0,587.1,586.7,586.2,32.2,-51.8,673.3,0.082,0.321,-0.023,284.0,283.9,285.1,287.3,289.8,293.9,299.5,306.7,316.4,327.6,338.6,348.8,356.8,361.6,363.8,364.7,365.1,285.3,288.6,294.5,301.0,306.9,320.3,328.3,336.8,344.8,350.6,313.3,312.4,311.4,310.4,305.7,309.1,312.7,317.1,321.3,292.1,295.6,300.8,305.3,300.8,295.7,326.7,331.0,336.6,341.5,337.2,331.7,302.3,305.3,310.0,313.4,317.4,324.5,331.7,325.6,319.1,314.7,310.9,306.0,304.5,310.3,313.7,317.8,329.1,318.4,314.3,310.7,119.6,130.1,140.6,150.9,160.9,169.9,177.3,183.4,185.2,184.1,179.5,172.7,164.0,153.4,141.5,129.2,117.0,107.6,101.8,99.5,99.6,101.8,100.5,97.1,96.3,98.5,103.9,111.0,117.5,124.0,130.7,138.9,140.0,140.7,139.6,138.4,115.3,111.5,111.3,114.8,116.2,116.6,113.3,109.0,108.9,111.9,113.8,114.1,157.9,152.8,150.2,151.1,149.9,152.1,156.2,162.4,164.8,165.3,165.1,163.1,157.6,154.4,154.4,154.0,156.4,159.3,159.8,159.4,-23.3,-23.5,-21.3,-17.4,-12.8,-5.5,4.4,16.4,32.2,50.6,69.6,87.6,101.7,110.2,114.0,115.5,116.2,-20.3,-14.3,-4.2,6.6,16.3,37.9,50.9,64.8,78.0,87.8,26.6,24.8,23.0,21.1,14.1,19.4,25.2,32.3,39.0,-8.4,-2.3,6.3,13.9,6.5,-2.2,48.7,55.6,64.7,72.8,65.5,56.7,8.9,13.6,20.9,26.3,32.6,44.2,56.4,46.0,35.5,28.6,22.5,14.8,12.5,21.5,26.9,33.4,52.1,34.5,27.9,22.2,-88.7,-69.8,-50.9,-32.5,-14.5,1.5,14.4,24.2,26.9,25.0,17.5,6.3,-8.5,-26.7,-46.9,-67.8,-88.8,-106.3,-115.2,-117.4,-115.4,-110.6,-111.4,-116.9,-118.4,-114.9,-106.5,-94.6,-83.0,-71.8,-60.3,-48.9,-46.8,-45.3,-47.1,-49.1,-91.7,-97.4,-97.1,-90.8,-88.9,-88.7,-91.4,-98.2,-98.1,-93.2,-89.9,-89.7,-18.5,-26.4,-30.3,-28.7,-30.5,-27.1,-20.8,-10.7,-6.7,-5.9,-6.3,-9.7,-18.9,-23.6,-23.4,-24.0,-20.5,-15.6,-14.9,-15.5,733.3,732.4,732.1,732.3,728.3,719.7,706.5,688.4,676.4,675.2,682.2,689.7,694.2,696.3,696.3,695.6,696.4,707.1,698.9,689.1,678.9,671.6,663.9,663.0,664.3,665.3,667.7,665.2,658.1,651.0,643.8,663.3,658.4,654.4,654.0,654.3,697.6,691.6,686.8,683.4,686.4,691.0,669.6,667.6,665.9,666.5,664.6,666.4,680.7,665.6,657.4,654.3,652.4,655.4,662.9,657.1,655.2,657.4,660.6,668.7,676.7,659.4,656.0,654.1,662.3,656.2,658.2,661.6,0.603,0.018,0.304,-0.022,316.756,137.493,-22.025,-17.341,-8.481,15.834,-5.623,-7.764,6.786,4.134,7.362,6.335,-2.898,-0.130,0.094,-3.561,0.738,2.361,0.953,-1.340,-1.030,0.914,1.205,0.535,0.424,0.932,0.171,-0.824,0.660,0.012,0.027,-0.056,0.066,0.002,0.021,0.057,0.00,0.00,1.30,0.00,0.44,2.94,0.13,0.00,0.00,0.00,0.00,0.00,0.00,0.00,0.81,0.17,0.26,0.00,0.00,1.00,0.00,1.00,0.00,0.00,0.00,0.00,0.00,0.00,0.00,0.00,0.00,0.00,0.00,0.00,0.00
326,0,32.500,0.98,1,-0.157461,0.120503,-0.980145,-0.307780,0.129925,-0.942545,-0.237,0.130,294.8,295.8,298.3,301.0,302.1,301.3,298.6,295.9,291.9,293.1,295.0,297.8,300.8,303.1,304.9,303.0,300.4,297.7,295.3,293.3,297.5,298.6,299.7,300.2,299.7,298.5,297.4,297.0,328.9,329.8,332.6,335.5,336.9,336.0,333.3,330.1,326.4,327.9,330.1,333.2,336.4,338.9,340.7,339.1,336.8,334.0,331.1,328.4,331.8,333.0,334.2,334.6,334.0,332.7,331.5,331.1,113.5,110.8,109.5,110.3,112.9,115.8,116.9,116.1,115.5,113.4,112.0,111.1,111.5,112.8,114.7,115.8,116.2,116.6,116.7,116.4,114.6,115.0,114.4,113.2,112.1,111.7,112.3,113.5,110.8,107.9,106.5,107.5,110.2,113.1,114.5,113.8,113.1,110.9,109.2,108.3,108.7,109.9,111.7,112.9,113.5,113.8,113.9,113.8,112.0,112.4,111.8,110.5,109.4,108.9,109.5,110.8,-3.4,-1.9,2.1,6.1,7.9,6.7,2.4,-1.6,-7.9,-6.1,-3.0,1.2,5.8,9.5,12.2,9.3,5.2,1.1,-2.6,-5.8,0.7,2.5,4.2,4.9,4.1,2.4,0.6,-0.0,46.5,47.9,52.0,56.2,58.2,56.8,52.7,48.2,42.9,45.0,48.2,52.7,57.4,61.4,64.3,61.6,57.9,53.8,49.6,45.7,50.7,52.6,54.3,55.0,54.1,52.2,50.5,49.8,-86.2,-90.5,-92.5,-91.0,-86.8,-82.2,-80.5,-82.0,-83.8,-86.6,-88.5,-89.6,-88.9,-86.9,-84.0,-82.3,-81.5,-81.0,-81.1,-82.0,-84.4,-83.8,-84.6,-86.5,-88.3,-89.0,-88.1,-86.2,-84.8,-89.2,-91.3,-89.9,-85.8,-81.4,-79.3,-80.4,-81.6,-84.7,-87.1,-88.3,-87.9,-86.5,-84.1,-82.0,-80.8,-80.1,-80.1,-80.3,-83.2,-82.5,-83.5,-85.4,-87.2,-87.8,-86.9,-85.0,633.8,634.5,634.0,632.7,631.3,630.8,631.2,632.5,638.7,636.1,633.3,631.3,630.8,631.2,631.9,630.8,630.0,630.5,632.5,635.5,633.3,632.7,632.5,632.8,633.4,634.0,634.2,633.9,594.7,595.9,596.6,596.4,595.4,594.2,593.5,593.9,595.9,594.8,593.9,593.7,594.9,597.2,599.5,596.5,594.0,592.7,592.8,594.2,595.2,595.1,595.4,596.0,596.4,596.5,596.2,595.7,31.9,-51.9,675.4,0.084,0.329,-0.033,283.8,283.8,285.2,287.4,290.0,294.0,299.6,306.8,316.4,327.6,338.7,349.0,356.9,361.6,363.6,364.3,364.4,285.0,288.4,294.1,300.5,306.4,319.9,327.5,335.6,343.3,349.1,312.9,312.0,311.1,310.1,305.6,308.9,312.5,316.9,321.0,291.9,295.3,300.4,304.9,300.5,295.4,326.3,330.5,336.0,340.9,336.6,331.2,302.3,305.2,309.8,313.3,317.3,324.4,331.6,325.5,319.0,314.7,310.8,306.0,304.5,310.2,313.6,317.7,328.9,318.3,314.2,310.6,119.9,130.4,140.9,151.2,161.2,170.2,177.7,183.6,185.4,184.2,179.6,172.8,163.9,153.2,141.2,128.8,116.4,107.8,102.0,99.9,100.0,102.1,100.8,97.3,96.3,98.1,103.0,111.0,117.6,124.1,130.9,139.1,140.2,140.9,139.7,138.4,115.5,111.7,111.4,114.8,116.3,116.8,113.2,108.9,108.7,111.7,113.6,114.0,158.1,153.0,150.3,151.2,150.0,152.1,156.1,162.4,164.8,165.4,165.2,163.2,157.8,154.6,154.6,154.1,156.4,159.3,159.8,159.5,-23.7,-23.7,-21.3,-17.3,-12.6,-5.3,4.5,16.5,32.2,50.7,69.8,88.0,102.0,110.3,113.7,114.7,115.0,-20.8,-14.8,-4.8,5.8,15.5,37.5,49.8,63.0,75.6,85.2,26.0,24.3,22.6,20.7,14.0,19.3,25.0,32.0,38.6,-8.8,-2.9,5.7,13.3,5.9,-2.7,48.2,54.9,63.8,71.8,64.7,56.0,8.8,13.5,20.8,26.2,32.5,44.1,56.2,46.0,35.5,28.5,22.4,14.7,12.5,21.4,26.8,33.3,51.9,34.4,27.8,22.1,-88.4,-69.5,-50.5,-32.1,-13.9,2.2,15.1,24.7,27.3,25.3,17.7,6.4,-8.6,-27.0,-47.5,-68.5,-89.7,-106.3,-115.0,-117.1,-115.2,-110.6,-111.4,-117.0,-118.6,-115.7,-107.9,-94.9,-83.2,-71.9,-60.3,-48.8,-46.7,-45.3,-47.1,-49.2,-91.6,-97.4,-97.2,-90.9,-88.9,-88.7,-91.8,-98.5,-98.6,-93.7,-90.4,-90.1,-18.3,-26.2,-30.2,-28.7,-30.5,-27.2,-21.0,-10.7,-6.7,-5.8,-6.2,-9.5,-18.6,-23.4,-23.3,-23.9,-20.6,-15.7,-14.9,-15.4,735.0,734.3,734.2,734.6,730.5,721.6,708.2,689.9,677.9,676.4,683.3,690.8,695.3,697.2,696.9,695.8,696.3,708.6,700.7,691.4,681.5,674.5,666.9,665.5,666.1,666.1,667.3,667.6,660.6,653.5,646.4,665.7,660.7,656.7,656.1,656.3,699.5,693.5,688.7,685.2,688.3,692.9,671.4,669.1,667.2,667.6,666.0,667.9,682.7,667.8,659.7,656.5,654.7,657.3,664.2,658.8,657.0,659.3,662.5,670.6,678.6,661.6,658.0,656.2,663.8,658.1,660.2,663.6,0.602,0.020,0.314,-0.032,316.494,137.565,-25.317,-17.753,-9.994,14.553,-7.946,-6.727,7.872,4.850,7.177,6.068,-2.491,0.651,0.585,-3.594,-0.280,1.444,1.343,-1.082,-1.327,0.911,1.125,0.198,0.215,0.850,0.145,-0.916,0.653,0.061,0.003,-0.033,0.055,0.002,0.017,0.052,0.00,0.00,1.45,0.00,0.45,3.02,0.06,0.00,0.00,0.00,0.00,0.00,0.00,0.02,0.88,0.17,0.26,0.00,0.00,1.00,0.00,1.00,1.00,0.00,0.00,0.00,0.00,0.00,0.00,0.00,0.00,0.00,0.00,0.00,0.00
327,0,32.600,0.98,1,-0.147832,0.095574,-0.984384,-0.296764,0.107761,-0.948851,-0.226,0.105,295.1,296.0,298.5,301.2,302.4,301.7,299.0,296.3,292.3,293.4,295.3,298.0,301.0,303.4,305.2,303.3,300.7,298.1,295.7,293.7,297.8,299.0,300.1,300.5,299.9,298.8,297.7,297.3,329.0,329.9,332.6,335.5,337.0,336.1,333.5,330.3,326.6,328.0,330.2,333.3,336.4,339.0,340.8,339.2,336.9,334.2,331.3,328.6,331.9,333.2,334.4,334.7,334.1,332.8,331.6,331.2,113.8,111.0,109.6,110.4,112.9,115.9,117.1,116.3,115.8,113.8,112.3,111.3,111.6,112.8,114.7,115.7,116.2,116.7,116.8,116.6,114.8,115.1,114.5,113.3,112.2,111.8,112.4,113.7,110.1,107.2,105.8,106.7,109.3,112.2,113.7,113.0,112.4,110.2,108.5,107.6,107.9,109.0,110.7,111.9,112.5,112.9,113.1,113.1,111.2,111.6,111.0,109.7,108.5,108.1,108.8,110.0,-2.9,-1.5,2.4,6.5,8.4,7.3,3.0,-1.1,-7.4,-5.6,-2.6,1.5,6.2,9.9,12.7,9.8,5.8,1.7,-2.1,-5.2,1.3,3.1,4.8,5.4,4.6,2.8,1.1,0.4,46.9,48.2,52.2,56.5,58.6,57.3,53.3,48.7,43.4,45.4,48.5,53.0,57.7,61.7,64.7,62.1,58.4,54.3,50.0,46.2,51.1,53.0,54.8,55.4,54.5,52.6,50.8,50.2,-85.9,-90.3,-92.4,-90.9,-86.8,-82.2,-80.4,-81.8,-83.4,-86.2,-88.1,-89.3,-88.8,-87.0,-84.2,-82.4,-81.5,-80.9,-80.9,-81.6,-84.3,-83.6,-84.6,-86.5,-88.3,-88.9,-88.0,-86.0,-86.3,-90.7,-92.9,-91.6,-87.5,-83.0,-80.9,-81.8,-83.0,-86.1,-88.4,-89.8,-89.5,-88.2,-86.0,-83.9,-82.6,-81.8,-81.7,-81.8,-84.7,-84.1,-85.1,-87.0,-88.8,-89.4,-88.4,-86.5,634.5,635.1,634.6,633.3,631.9,631.4,631.7,633.0,639.4,636.7,633.9,631.9,631.4,631.8,632.4,631.3,630.5,631.1,633.1,636.1,633.9,633.3,633.1,633.4,634.0,634.6,634.8,634.5,597.5,598.7,599.4,599.2,598.2,597.1,596.4,596.7,598.7,597.6,596.7,596.5,597.7,600.0,602.4,599.4,596.9,595.5,595.6,597.0,598.1,598.0,598.3,598.8,599.2,599.3,599.0,598.5,33.4,-55.3,687.2,0.040,0.305,-0.041,284.0,284.1,285.5,287.7,290.4,294.5,300.2,307.5,317.2,328.4,339.6,349.9,357.9,362.5,364.3,364.7,364.6,285.2,288.6,294.4,300.7,306.5,319.8,327.3,335.3,343.1,349.3,313.1,312.5,311.7,310.9,306.3,309.7,313.3,317.7,321.8,292.2,295.6,300.6,305.2,300.8,295.7,326.4,330.6,336.1,341.0,336.8,331.4,303.3,306.7,311.0,314.4,318.3,324.9,332.0,325.7,319.7,315.4,311.7,307.3,305.5,311.4,314.7,318.8,329.3,319.0,314.9,311.4,120.7,130.8,141.0,151.0,160.6,168.9,175.3,180.2,181.5,180.6,176.7,170.9,162.7,152.2,140.3,127.9,115.6,108.6,102.9,100.7,100.7,102.4,100.7,97.1,96.0,97.5,102.2,110.7,117.2,123.7,130.4,138.3,139.3,139.9,138.6,137.2,115.8,112.0,111.6,114.7,116.3,117.0,112.5,108.3,107.9,110.7,112.6,113.1,156.0,151.4,149.0,149.6,148.3,150.1,153.3,157.5,159.2,159.8,159.9,159.0,155.6,153.0,152.9,152.3,153.4,154.1,154.6,154.6,-23.9,-23.8,-21.2,-17.1,-12.1,-4.5,5.7,18.0,34.1,52.9,72.8,91.7,106.5,115.0,118.2,118.7,118.7,-20.9,-14.8,-4.5,6.3,16.0,38.0,50.6,64.1,77.2,87.8,27.0,25.6,24.1,22.5,15.5,21.0,26.8,33.9,40.7,-8.4,-2.5,6.3,14.1,6.5,-2.2,49.6,56.4,65.5,73.8,66.5,57.7,10.7,16.1,23.1,28.5,34.9,45.8,58.1,47.1,37.1,30.2,24.3,17.1,14.3,23.7,29.1,35.7,53.4,36.0,29.4,23.8,-88.9,-70.2,-51.3,-33.0,-15.4,-0.3,11.1,19.2,21.1,19.5,13.2,3.2,-11.0,-29.5,-50.4,-72.1,-93.8,-107.3,-116.1,-118.3,-116.7,-112.5,-114.2,-120.0,-122.1,-119.8,-112.1,-97.7,-85.8,-74.2,-62.4,-51.1,-49.1,-47.8,-49.9,-52.2,-93.2,-99.0,-99.1,-93.2,-90.9,-90.3,-95.1,-102.1,-102.3,-97.8,-94.3,-93.7,-22.0,-29.2,-33.0,-31.8,-33.8,-31.0,-26.1,-18.9,-16.0,-15.0,-15.0,-16.7,-22.6,-26.4,-26.5,-27.4,-25.8,-24.5,-23.6,-23.8,751.2,749.6,748.8,748.4,744.2,734.4,719.1,699.5,687.8,687.8,697.1,707.0,713.6,716.8,717.2,716.0,716.7,725.0,716.7,707.4,697.5,690.0,682.1,681.3,682.6,683.2,684.9,683.4,675.7,667.9,660.1,679.1,674.0,669.9,669.7,670.4,715.1,709.1,704.3,700.8,703.5,708.0,687.6,685.7,684.1,684.6,682.6,684.2,693.2,678.8,672.0,669.0,667.4,670.1,676.8,669.3,666.4,668.4,671.5,679.6,688.7,673.4,670.1,668.5,675.5,668.4,670.2,673.6,0.589,-0.023,0.283,-0.042,317.028,136.137,-6.841,-21.619,-16.876,9.515,-9.775,0.700,5.965,5.883,4.302,3.744,-2.597,0.367,0.444,-2.895,1.122,1.369,0.313,-1.522,-0.988,0.493,1.599,0.460,0.001,0.866,0.309,-0.870,0.226,-0.043,-0.046,-0.065,0.079,-0.022,-0.009,0.056,0.02,0.00,1.30,0.00,0.44,3.02,0.06,0.07,0.00,0.00,0.00,0.00,0.00,0.03,0.65,0.09,0.16,0.00,0.00,1.00,0.00,1.00,1.00,0.00,0.00,0.00,0.00,0.00,0.00,0.00,0.00,0.00,0.00,0.00,0.00
328,0,32.700,0.98,1,-0.144716,0.117353,-0.982489,-0.290657,0.135516,-0.947182,-0.222,0.130,295.4,296.2,298.7,301.4,302.7,302.1,299.4,296.7,292.6,293.7,295.6,298.2,301.3,303.7,305.6,303.8,301.2,298.5,296.1,294.1,298.2,299.3,300.4,300.8,300.2,299.0,298.0,297.6,329.5,330.3,332.9,335.9,337.4,336.7,334.0,330.9,327.1,328.5,330.6,333.7,336.8,339.4,341.3,339.8,337.5,334.7,331.9,329.1,332.4,333.7,334.8,335.2,334.5,333.2,332.0,331.7,117.3,114.5,113.0,113.7,116.3,119.3,120.5,119.8,119.3,117.3,115.8,114.8,115.0,116.1,117.9,119.1,119.7,120.2,120.4,120.2,118.2,118.5,117.9,116.7,115.6,115.2,115.9,117.1,112.9,110.0,108.5,109.3,112.0,114.9,116.4,115.8,115.3,113.1,111.3,110.3,110.6,111.6,113.3,114.5,115.2,115.7,115.9,115.9,114.0,114.3,113.7,112.4,111.2,110.9,111.5,112.8,-2.5,-1.2,2.7,6.8,8.8,7.9,3.7,-0.4,-6.8,-5.2,-2.2,1.9,6.6,10.4,13.3,10.4,6.4,2.3,-1.4,-4.6,1.8,3.6,5.3,5.8,5.0,3.2,1.5,0.9,47.5,48.7,52.7,57.0,59.2,57.9,54.0,49.4,44.0,46.0,49.1,53.5,58.2,62.3,65.3,62.7,59.1,55.0,50.8,46.9,51.8,53.7,55.4,55.9,55.0,53.1,51.3,50.8,-80.1,-84.5,-86.7,-85.4,-81.3,-76.6,-74.7,-76.0,-77.5,-80.3,-82.3,-83.6,-83.2,-81.5,-78.8,-76.9,-75.9,-75.2,-75.1,-75.8,-78.6,-78.0,-78.9,-80.9,-82.7,-83.2,-82.3,-80.3,-82.0,-86.4,-88.7,-87.5,-83.5,-79.0,-76.7,-77.6,-78.6,-81.8,-84.2,-85.7,-85.5,-84.3,-82.2,-80.0,-78.5,-77.7,-77.4,-77.5,-80.5,-80.0,-81.0,-82.9,-84.7,-85.2,-84.2,-82.3,631.7,632.2,631.7,630.4,629.1,628.7,629.1,630.4,636.6,633.9,631.0,629.0,628.6,629.0,629.8,628.7,627.9,628.5,630.4,633.4,631.2,630.6,630.4,630.6,631.2,631.7,632.0,631.7,596.5,597.6,598.3,598.2,597.3,596.2,595.5,595.8,597.6,596.5,595.6,595.4,596.8,599.1,601.5,598.6,596.1,594.6,594.7,596.0,597.1,597.1,597.4,597.9,598.2,598.3,598.0,597.5,35.2,-49.6,686.4,0.081,0.299,-0.076,284.4,284.8,286.4,288.9,291.7,295.9,301.8,309.5,319.4,330.7,341.7,351.8,359.4,363.6,365.0,365.0,364.6,285.3,288.2,294.0,300.3,306.3,319.9,327.4,335.4,343.1,349.2,313.5,313.0,312.5,312.0,307.6,311.1,314.8,319.1,323.2,292.5,295.8,300.9,305.6,301.3,296.2,327.0,331.0,336.5,341.4,337.3,332.0,304.9,308.2,312.6,316.2,320.2,327.0,334.2,328.2,322.1,317.7,313.8,309.1,307.1,313.1,316.6,320.7,331.5,321.1,316.9,313.3,124.3,134.2,144.0,153.7,163.2,171.7,178.6,184.1,185.5,184.1,179.5,172.8,164.0,153.2,141.2,128.9,116.6,111.8,106.1,103.7,103.7,105.4,103.4,99.5,98.2,99.5,104.0,114.0,120.7,127.3,134.1,142.1,143.1,143.6,142.2,140.7,119.4,115.5,115.0,118.0,119.7,120.5,115.4,111.0,110.6,113.2,115.3,115.9,160.1,155.6,153.1,153.7,152.3,153.8,156.7,161.8,164.0,164.7,164.8,163.6,159.7,157.1,157.0,156.3,157.0,158.8,159.5,159.4,-23.0,-22.3,-19.3,-14.9,-9.7,-1.9,8.5,21.5,37.9,56.9,76.4,94.8,109.0,116.7,119.1,118.9,118.1,-20.7,-15.3,-5.2,5.7,15.7,38.2,50.4,63.8,76.8,87.2,27.4,26.5,25.4,24.2,17.6,23.2,29.2,36.2,42.9,-7.8,-2.1,6.7,14.8,7.3,-1.4,50.3,56.8,65.9,74.2,67.2,58.4,13.4,18.6,25.7,31.4,37.9,49.3,61.6,51.3,41.0,33.9,27.7,20.2,17.0,26.5,32.2,38.9,57.2,39.5,32.7,26.9,-81.7,-63.5,-45.6,-27.9,-10.5,4.8,16.9,26.0,27.8,25.5,17.9,6.5,-8.8,-27.7,-48.7,-70.1,-91.6,-101.1,-109.9,-112.5,-111.1,-107.0,-109.1,-115.4,-117.9,-115.7,-108.4,-91.7,-79.7,-68.1,-56.3,-44.7,-42.7,-41.6,-43.9,-46.4,-86.6,-92.5,-92.8,-87.2,-84.6,-83.9,-89.9,-97.0,-97.5,-93.2,-89.4,-88.6,-15.1,-22.3,-26.2,-25.0,-27.3,-25.0,-20.4,-11.9,-8.2,-7.0,-7.0,-8.9,-15.6,-19.6,-19.8,-20.9,-19.9,-16.7,-15.6,-15.8,745.6,744.7,744.7,745.5,742.1,733.4,719.5,700.8,689.0,688.8,697.3,706.7,712.6,715.1,714.8,713.1,713.2,721.3,712.9,703.4,693.5,686.5,678.9,677.8,679.0,679.5,681.2,680.4,673.1,665.8,658.5,677.8,673.0,669.1,668.9,669.4,711.9,705.8,701.2,698.1,700.8,705.2,684.7,682.6,681.0,681.8,679.9,681.5,693.3,678.8,671.7,668.7,666.9,669.9,676.9,670.1,667.4,669.3,672.5,680.4,689.0,673.4,670.0,668.3,675.7,668.8,670.6,674.0,0.591,0.025,0.274,-0.075,318.124,139.428,-15.608,-23.547,-15.967,11.513,-8.982,-1.443,3.688,5.868,5.502,6.507,-3.265,-0.169,-0.015,-3.290,0.801,0.551,0.339,-2.061,-0.970,0.434,1.394,0.244,-0.202,0.329,0.316,-1.041,0.224,-0.068,-0.026,-0.041,0.051,-0.007,0.031,0.040,0.02,0.01,1.11,0.08,0.40,2.94,0.06,0.07,0.00,0.00,0.00,0.00,0.00,0.03,0.36,0.00,0.00,0.00,0.00,1.00,0.00,1.00,1.00,0.00,0.00,0.00,0.00,0.00,0.00,0.00,0.00,0.00,0.00,0.00,0.00
329,0,32.800,0.98,1,-0.139441,0.114726,-0.983562,-0.289012,0.133565,-0.947962,-0.218,0.128,296.0,296.8,299.3,302.0,303.3,302.7,300.0,297.3,293.2,294.2,296.1,298.8,301.9,304.3,306.2,304.4,301.8,299.1,296.6,294.6,298.7,299.9,301.0,301.4,300.8,299.6,298.5,298.2,330.3,331.0,333.7,336.7,338.2,337.5,334.8,331.7,327.9,329.2,331.4,334.5,337.6,340.2,342.1,340.6,338.3,335.6,332.7,330.0,333.2,334.5,335.6,336.0,335.3,334.0,332.8,332.5,118.4,115.6,114.1,114.8,117.4,120.4,121.7,121.0,120.5,118.4,116.9,115.9,116.1,117.2,119.1,120.2,120.9,121.4,121.6,121.4,119.4,119.7,119.0,117.8,116.7,116.4,117.0,118.3,113.8,110.8,109.3,110.1,112.8,115.7,117.3,116.7,116.2,113.9,112.1,111.1,111.3,112.3,114.0,115.3,116.1,116.6,116.8,116.9,114.8,115.2,114.5,113.2,112.1,111.7,112.4,113.7,-1.6,-0.3,3.5,7.6,9.6,8.7,4.6,0.4,-5.9,-4.3,-1.4,2.7,7.4,11.2,14.1,11.3,7.3,3.2,-0.5,-3.7,2.7,4.5,6.1,6.7,5.8,4.0,2.3,1.8,48.5,49.7,53.6,58.0,60.2,59.0,55.1,50.5,45.1,47.0,50.1,54.5,59.2,63.3,66.3,63.8,60.1,56.1,51.9,48.0,52.8,54.7,56.4,56.9,56.0,54.1,52.4,51.8,-77.6,-82.1,-84.3,-83.0,-78.9,-74.3,-72.3,-73.6,-75.0,-77.9,-79.9,-81.2,-80.8,-79.1,-76.5,-74.6,-73.5,-72.7,-72.7,-73.3,-76.2,-75.6,-76.6,-78.5,-80.3,-80.8,-79.9,-77.9,-80.5,-84.9,-87.2,-86.0,-82.0,-77.6,-75.3,-76.1,-77.1,-80.3,-82.8,-84.3,-84.1,-83.0,-80.8,-78.5,-77.1,-76.2,-75.9,-75.9,-79.0,-78.5,-79.5,-81.5,-83.2,-83.8,-82.7,-80.8,626.6,627.1,626.6,625.3,624.0,623.6,624.0,625.3,631.6,628.9,626.0,624.0,623.5,623.9,624.7,623.6,622.8,623.4,625.4,628.4,626.1,625.5,625.3,625.5,626.1,626.7,626.9,626.6,594.7,595.8,596.5,596.4,595.6,594.5,593.8,594.0,595.9,594.8,593.9,593.7,595.0,597.4,599.8,596.9,594.3,592.9,593.0,594.3,595.4,595.3,595.6,596.1,596.5,596.5,596.2,595.7,36.7,-47.8,687.3,0.082,0.293,-0.084,284.9,285.4,287.2,289.8,292.7,297.1,303.1,310.7,320.4,331.6,342.5,352.6,360.2,364.5,365.9,365.8,365.3,285.7,288.8,294.6,301.0,306.9,320.9,328.3,336.2,343.9,350.1,314.3,314.0,313.6,313.1,308.7,312.1,315.8,320.1,324.1,293.1,296.4,301.5,306.2,301.8,296.8,327.8,331.7,337.3,342.2,338.2,332.8,306.1,309.6,313.9,317.4,321.3,327.9,334.8,328.9,323.0,318.7,314.9,310.4,308.3,314.3,317.8,321.8,332.2,322.0,317.9,314.4,125.5,135.5,145.6,155.3,164.8,173.1,179.6,184.8,186.0,184.6,180.1,173.4,164.7,153.8,141.8,129.4,117.0,113.2,107.6,105.4,105.3,106.7,104.7,100.8,99.4,100.5,104.9,115.1,121.9,128.6,135.6,143.5,144.5,145.0,143.6,142.0,120.6,116.6,116.0,119.1,120.9,121.7,116.3,111.9,111.4,114.0,116.2,116.8,161.5,157.2,154.8,155.4,154.0,155.4,158.1,162.5,164.5,165.2,165.3,164.4,161.2,158.7,158.6,157.9,158.4,159.4,160.1,160.0,-22.2,-21.3,-17.9,-13.3,-7.8,0.2,10.7,23.5,39.6,58.5,78.0,96.5,110.8,118.6,121.0,120.6,119.7,-20.0,-14.4,-4.2,6.7,16.7,39.8,52.1,65.3,78.2,88.9,28.9,28.0,27.0,26.0,19.4,25.0,30.9,37.9,44.5,-6.8,-1.1,7.7,15.8,8.3,-0.4,51.8,58.2,67.3,75.7,68.7,59.9,15.4,20.9,27.9,33.5,39.8,50.9,62.9,52.5,42.6,35.6,29.6,22.3,19.0,28.6,34.2,40.8,58.4,41.1,34.4,28.8,-79.6,-61.1,-42.8,-25.0,-7.7,7.3,18.8,27.2,28.7,26.4,19.0,7.7,-7.6,-26.6,-47.7,-69.4,-91.1,-98.7,-107.3,-109.8,-108.5,-104.8,-107.2,-113.4,-116.1,-114.3,-107.3,-90.0,-77.8,-66.0,-54.0,-42.5,-40.5,-39.4,-41.8,-44.3,-84.6,-90.7,-91.1,-85.4,-82.7,-81.8,-88.5,-95.7,-96.4,-92.1,-88.1,-87.2,-12.7,-19.6,-23.4,-22.3,-24.6,-22.4,-18.2,-10.6,-7.4,-6.2,-6.2,-7.7,-13.3,-17.0,-17.2,-18.3,-17.7,-15.7,-14.7,-14.8,746.5,745.6,745.7,746.5,742.9,734.0,720.0,701.6,689.9,689.8,698.8,708.5,714.8,717.4,717.2,715.2,715.2,721.9,713.3,704.0,694.3,687.2,679.9,679.0,680.2,680.8,682.7,681.2,674.0,666.6,659.3,678.7,673.8,670.0,669.8,670.3,712.5,706.4,701.8,698.8,701.3,705.8,685.8,683.7,682.2,683.1,681.1,682.7,693.8,680.0,673.3,670.4,668.7,671.7,678.2,671.4,668.7,670.6,673.7,681.4,689.4,674.8,671.6,670.0,676.9,670.0,671.8,675.1,0.590,0.029,0.264,-0.083,319.013,140.547,-14.212,-23.275,-19.091,11.233,-7.088,1.610,3.405,4.406,6.379,6.168,-2.335,1.018,0.764,-3.348,0.642,1.209,0.486,-2.081,-1.320,-0.041,1.296,0.272,-0.203,0.560,0.444,-1.132,0.263,-0.024,-0.028,-0.047,0.056,-0.007,0.018,0.069,0.03,0.01,1.13,0.08,0.36,3.06,0.00,0.07,0.00,0.00,0.00,0.00,0.00,0.01,0.42,0.00,0.00,0.00,1.00,1.00,0.00,1.00,1.00,0.00,0.00,0.00,0.00,0.00,0.00,0.00,0.00,0.00,0.00,0.00,0.00
330,0,32.900,0.98,1,-0.139138,0.107376,-0.984434,-0.289293,0.126017,-0.948909,-0.218,0.120,296.0,296.8,299.3,302.0,303.3,302.7,300.0,297.3,293.2,294.2,296.1,298.8,301.9,304.4,306.2,304.4,301.8,299.1,296.7,294.6,298.8,299.9,301.0,301.4,300.8,299.6,298.5,298.2,330.3,331.0,333.6,336.6,338.2,337.5,334.8,331.7,327.9,329.2,331.4,334.4,337.6,340.2,342.1,340.6,338.3,335.6,332.7,329.9,333.2,334.5,335.6,335.9,335.3,334.0,332.8,332.5,118.6,115.8,114.3,115.0,117.5,120.5,121.8,121.1,120.7,118.6,117.0,116.0,116.2,117.4,119.2,120.3,121.0,121.5,121.7,121.5,119.5,119.8,119.2,117.9,116.8,116.5,117.2,118.4,113.8,110.9,109.3,110.1,112.8,115.7,117.2,116.7,116.2,113.9,112.1,111.1,111.3,112.3,114.1,115.3,116.1,116.6,116.8,116.9,114.8,115.2,114.5,113.2,112.1,111.7,112.4,113.7,-1.6,-0.3,3.5,7.7,9.7,8.8,4.6,0.5,-5.9,-4.3,-1.3,2.8,7.5,11.3,14.2,11.3,7.3,3.2,-0.5,-3.6,2.7,4.5,6.2,6.7,5.9,4.0,2.4,1.8,48.5,49.7,53.6,58.0,60.2,59.0,55.1,50.5,45.1,47.0,50.1,54.5,59.2,63.3,66.3,63.8,60.2,56.1,51.9,48.0,52.8,54.7,56.4,57.0,56.0,54.1,52.4,51.8,-77.6,-82.0,-84.2,-83.0,-78.9,-74.2,-72.3,-73.6,-74.9,-77.8,-79.9,-81.2,-80.8,-79.1,-76.4,-74.6,-73.5,-72.7,-72.6,-73.3,-76.1,-75.6,-76.5,-78.5,-80.2,-80.8,-79.8,-77.9,-80.5,-85.0,-87.3,-86.1,-82.1,-77.7,-75.4,-76.2,-77.1,-80.3,-82.9,-84.4,-84.2,-83.1,-80.8,-78.6,-77.2,-76.3,-76.0,-76.0,-79.1,-78.6,-79.6,-81.6,-83.3,-83.8,-82.8,-80.9,627.9,628.5,628.0,626.7,625.4,625.0,625.3,626.6,632.8,630.2,627.3,625.4,624.9,625.3,626.1,624.9,624.1,624.7,626.6,629.6,627.4,626.8,626.6,626.9,627.5,628.0,628.2,628.0,595.4,596.6,597.3,597.2,596.3,595.1,594.4,594.7,596.6,595.5,594.6,594.4,595.8,598.1,600.5,597.5,595.0,593.6,593.6,595.0,596.0,596.0,596.3,596.8,597.2,597.3,596.9,596.4,36.8,-47.6,687.0,0.074,0.294,-0.086,284.9,285.4,287.3,290.0,293.0,297.5,303.4,311.0,320.7,331.8,342.7,352.7,360.3,364.5,365.9,365.8,365.3,285.7,288.8,294.6,301.0,307.0,320.9,328.3,336.2,344.0,350.2,314.3,314.0,313.6,313.1,308.7,312.1,315.8,320.1,324.1,293.1,296.4,301.5,306.2,301.9,296.8,327.8,331.7,337.2,342.2,338.1,332.8,306.2,309.6,313.9,317.4,321.4,327.9,334.9,329.0,323.1,318.7,315.0,310.4,308.3,314.3,317.8,321.9,332.3,322.1,318.0,314.4,125.8,136.0,146.2,156.0,165.5,173.7,180.1,185.0,186.0,184.6,180.1,173.5,164.7,154.0,142.0,129.6,117.2,113.7,108.0,105.7,105.5,106.9,104.8,101.0,99.5,100.7,105.1,115.1,121.9,128.6,135.6,143.5,144.5,145.0,143.6,142.0,120.7,116.8,116.2,119.2,121.0,121.8,116.4,111.9,111.3,114.0,116.2,116.8,161.6,157.3,154.8,155.4,154.0,155.4,158.0,162.5,164.5,165.2,165.3,164.4,161.2,158.7,158.5,157.8,158.3,159.4,160.1,160.1,-22.2,-21.1,-17.7,-12.9,-7.3,0.8,11.3,24.0,40.0,58.8,78.2,96.6,110.8,118.6,121.0,120.6,119.8,-20.0,-14.4,-4.1,6.8,16.9,39.8,52.1,65.5,78.4,89.1,28.9,28.1,27.0,26.0,19.4,24.9,30.9,37.9,44.5,-6.8,-1.1,7.8,15.8,8.4,-0.4,51.7,58.2,67.3,75.7,68.7,59.9,15.6,21.0,27.9,33.5,39.9,50.9,62.9,52.6,42.7,35.6,29.6,22.4,19.1,28.7,34.2,40.9,58.5,41.2,34.5,28.8,-79.1,-60.4,-41.8,-23.8,-6.4,8.4,19.5,27.4,28.7,26.4,19.0,7.7,-7.4,-26.4,-47.4,-69.0,-90.8,-97.8,-106.7,-109.3,-108.2,-104.6,-107.0,-113.3,-115.9,-114.0,-106.9,-90.0,-77.8,-65.9,-53.9,-42.3,-40.4,-39.4,-41.7,-44.3,-84.3,-90.4,-90.9,-85.2,-82.5,-81.6,-88.5,-95.8,-96.4,-92.1,-88.2,-87.3,-12.6,-19.5,-23.4,-22.3,-24.6,-22.4,-18.2,-10.7,-7.4,-6.2,-6.2,-7.6,-13.1,-17.0,-17.2,-18.4,-17.7,-15.8,-14.7,-14.8,747.3,746.3,746.2,746.6,742.6,733.4,719.1,700.6,688.9,689.0,698.1,707.9,714.2,717.0,716.9,715.1,715.4,722.3,713.7,704.4,694.6,687.3,680.2,679.4,680.7,681.3,683.3,681.3,673.9,666.4,659.0,678.4,673.4,669.5,669.4,669.9,712.5,706.5,701.9,698.8,701.3,705.7,685.9,683.9,682.3,683.2,681.2,682.8,693.4,679.7,673.0,670.1,668.4,671.4,677.9,671.0,668.3,670.1,673.3,681.0,689.0,674.5,671.2,669.6,676.6,669.6,671.4,674.8,0.590,0.021,0.266,-0.085,319.074,140.669,-13.544,-21.878,-18.435,11.138,-6.521,2.251,3.949,3.978,6.582,5.925,-2.228,0.883,1.239,-3.098,0.622,1.538,0.488,-1.898,-1.256,0.008,1.453,0.344,-0.210,0.637,0.534,-1.120,0.241,-0.020,-0.035,-0.038,0.056,-0.008,0.016,0.073,0.02,0.00,1.25,0.00,0.35,3.26,0.00,0.00,0.00,0.00,0.00,0.00,0.00,0.00,0.40,0.00,0.00,0.00,1.00,1.00,0.00,1.00,1.00,0.00,0.00,0.00,0.00,0.00,0.00,0.00,0.00,0.00,0.00,0.00,0.00
